EXPERIMENT,MODEL,RUN,TRNO,DATE,DAS,SWTD,SWXD,ROFC,DRNC,PREC,IR#C,IRRC,LATFC,DTWT,MWTD,TDFD,TDFC,ROFD,ROSD,SW1D,SW2D,SW3D,SW4D,SW5D,SW6D,SW7D,SW8D,SW9D,SW10D,SW11D,SW12D
020_AAAF,CRGRO048,1,1,2020-05-04T00:00:00Z,0,256,64,0,0,0,0,0,0,174,0,0,0,0,0,0.086,0.086,0.086,0.086,0.086,0.118,0.118,0.135,0.129,0.129,0.178,0.258
020_AAAF,CRGRO048,1,1,2020-05-05T00:00:00Z,1,252,61,0,7,0,1,8,0,179,0,0,0,0,0,0.064,0.086,0.079,0.13,0.1,0.118,0.118,0.135,0.129,0.129,0.178,0.228
020_AAAF,CRGRO048,1,1,2020-05-06T00:00:00Z,2,247,55,0,10,0,1,8,0,181,0,0,0,0,0,0.013,0.066,0.063,0.123,0.119,0.146,0.118,0.135,0.129,0.129,0.178,0.214
020_AAAF,CRGRO048,1,1,2020-05-07T00:00:00Z,3,246,54,0,12,0,1,8,0,182,0,0,0,0,0,0.014,0.058,0.057,0.121,0.119,0.162,0.118,0.135,0.129,0.13,0.178,0.209
020_AAAF,CRGRO048,1,1,2020-05-08T00:00:00Z,4,245,53,0,12,0,1,8,0,183,0,0,0,0,0,0.014,0.054,0.055,0.121,0.119,0.167,0.119,0.135,0.129,0.13,0.178,0.206
020_AAAF,CRGRO048,1,1,2020-05-09T00:00:00Z,5,245,53,0,12,0,1,8,0,183,0,0,0,0,0,0.014,0.054,0.055,0.121,0.119,0.167,0.119,0.135,0.129,0.13,0.178,0.206
020_AAAF,CRGRO048,1,1,2020-05-10T00:00:00Z,6,245,53,0,12,0,1,8,0,183,0,0,0,0,0,0.014,0.053,0.055,0.121,0.119,0.166,0.119,0.135,0.129,0.13,0.178,0.206
020_AAAF,CRGRO048,1,1,2020-05-11T00:00:00Z,7,245,53,0,12,0,1,8,0,183,0,0,0,0,0,0.014,0.053,0.055,0.121,0.119,0.166,0.12,0.135,0.129,0.13,0.178,0.206
020_AAAF,CRGRO048,1,1,2020-05-12T00:00:00Z,8,245,53,0,12,0,1,8,0,183,0,0,0,0,0,0.014,0.052,0.055,0.121,0.118,0.166,0.12,0.135,0.129,0.13,0.178,0.206
020_AAAF,CRGRO048,1,1,2020-05-13T00:00:00Z,9,245,53,0,12,0,1,8,0,183,0,0,0,0,0,0.014,0.052,0.055,0.121,0.118,0.166,0.12,0.135,0.129,0.131,0.178,0.206
020_AAAF,CRGRO048,1,1,2020-05-14T00:00:00Z,10,245,53,0,12,0,1,8,0,183,0,0,0,0,0,0.014,0.051,0.055,0.121,0.118,0.165,0.121,0.135,0.129,0.131,0.178,0.206
020_AAAF,CRGRO048,1,1,2020-05-15T00:00:00Z,11,245,53,0,12,0,1,8,0,183,0,0,0,0,0,0.014,0.051,0.055,0.121,0.118,0.165,0.121,0.135,0.129,0.131,0.178,0.205
020_AAAF,CRGRO048,1,1,2020-05-16T00:00:00Z,12,245,53,0,12,0,1,8,0,183,0,0,0,0,0,0.014,0.05,0.055,0.121,0.118,0.165,0.122,0.135,0.129,0.131,0.178,0.205
020_AAAF,CRGRO048,1,1,2020-05-17T00:00:00Z,13,245,53,0,12,0,1,8,0,183,0,0,0,0,0,0.014,0.05,0.055,0.12,0.118,0.164,0.122,0.135,0.129,0.131,0.178,0.205
020_AAAF,CRGRO048,1,1,2020-05-18T00:00:00Z,14,245,53,0,12,0,1,8,0,183,0,0,0,0,0,0.014,0.049,0.055,0.12,0.118,0.164,0.122,0.135,0.129,0.131,0.178,0.205
020_AAAF,CRGRO048,1,1,2020-05-19T00:00:00Z,15,244,53,0,12,0,1,8,0,183,0,0,0,0,0,0.014,0.049,0.054,0.12,0.118,0.164,0.123,0.135,0.129,0.132,0.178,0.205
020_AAAF,CRGRO048,1,1,2020-05-20T00:00:00Z,16,261,70,0,12,17,1,8,0,183,0,0,0,0,0,0.167,0.088,0.068,0.133,0.126,0.173,0.123,0.135,0.129,0.132,0.178,0.205
020_AAAF,CRGRO048,1,1,2020-05-21T00:00:00Z,17,261,69,0,12,21,1,8,0,183,0,0,0,0,0,0.067,0.087,0.072,0.142,0.134,0.182,0.135,0.135,0.129,0.132,0.178,0.205
020_AAAF,CRGRO048,1,1,2020-05-22T00:00:00Z,18,261,69,0,12,23,1,8,0,183,0,0,0,0,0,0.024,0.072,0.068,0.142,0.138,0.187,0.154,0.135,0.129,0.132,0.178,0.205
020_AAAF,CRGRO048,1,1,2020-05-23T00:00:00Z,19,260,68,0,12,23,1,8,0,183,0,0,0,0,0,0.02,0.059,0.062,0.136,0.136,0.188,0.174,0.135,0.129,0.132,0.178,0.205
020_AAAF,CRGRO048,1,1,2020-05-24T00:00:00Z,20,260,68,0,12,23,1,8,0,183,0,0,0,0,0,0.014,0.054,0.056,0.126,0.126,0.18,0.174,0.151,0.129,0.132,0.178,0.204
020_AAAF,CRGRO048,1,1,2020-05-25T00:00:00Z,21,261,69,0,12,25,1,8,0,183,0,0,0,0,0,0.05,0.053,0.055,0.122,0.123,0.179,0.176,0.153,0.129,0.133,0.178,0.204
020_AAAF,CRGRO048,1,1,2020-05-26T00:00:00Z,22,263,71,0,12,28,1,8,0,183,0,0,0,0,0,0.045,0.06,0.057,0.123,0.123,0.178,0.177,0.155,0.129,0.133,0.178,0.204
020_AAAF,CRGRO048,1,1,2020-05-27T00:00:00Z,23,261,69,0,12,28,1,8,0,183,0,0,0,0,0,0.02,0.055,0.055,0.123,0.123,0.178,0.177,0.157,0.129,0.133,0.178,0.204
020_AAAF,CRGRO048,1,1,2020-05-28T00:00:00Z,24,261,69,0,12,28,1,8,0,183,0,0,0,0,0,0.014,0.054,0.055,0.12,0.12,0.175,0.175,0.161,0.129,0.133,0.178,0.204
020_AAAF,CRGRO048,1,1,2020-05-29T00:00:00Z,25,260,69,0,12,28,1,8,0,183,0,0,0,0,0,0.014,0.052,0.054,0.119,0.12,0.175,0.175,0.161,0.13,0.133,0.178,0.204
020_AAAF,CRGRO048,1,1,2020-05-30T00:00:00Z,26,260,68,0,12,28,1,8,0,183,0,0,0,0,0,0.014,0.051,0.053,0.118,0.12,0.175,0.175,0.161,0.13,0.133,0.178,0.204
020_AAAF,CRGRO048,1,1,2020-05-31T00:00:00Z,27,260,68,0,12,28,1,8,0,183,0,0,0,0,0,0.014,0.05,0.053,0.117,0.119,0.175,0.174,0.161,0.13,0.134,0.178,0.204
020_AAAF,CRGRO048,1,1,2020-06-01T00:00:00Z,28,259,67,0,12,28,1,8,0,183,0,0,0,0,0,0.014,0.049,0.052,0.116,0.118,0.175,0.174,0.161,0.13,0.134,0.178,0.204
020_AAAF,CRGRO048,1,1,2020-06-02T00:00:00Z,29,259,67,0,12,28,1,8,0,183,0,0,0,0,0,0.014,0.048,0.051,0.115,0.117,0.175,0.174,0.161,0.13,0.134,0.178,0.203
020_AAAF,CRGRO048,1,1,2020-06-03T00:00:00Z,30,258,66,0,12,28,1,8,0,183,0,0,0,0,0,0.014,0.047,0.051,0.114,0.116,0.175,0.174,0.161,0.13,0.134,0.178,0.203
020_AAAF,CRGRO048,1,1,2020-06-04T00:00:00Z,31,258,66,0,12,28,1,8,0,183,0,0,0,0,0,0.014,0.046,0.05,0.113,0.115,0.175,0.174,0.161,0.13,0.134,0.178,0.203
020_AAAF,CRGRO048,1,1,2020-06-05T00:00:00Z,32,257,66,0,12,28,1,8,0,183,0,0,0,0,0,0.014,0.045,0.049,0.111,0.114,0.175,0.173,0.161,0.13,0.134,0.178,0.203
020_AAAF,CRGRO048,1,1,2020-06-06T00:00:00Z,33,258,66,0,12,29,1,8,0,183,0,0,0,0,0,0.024,0.045,0.049,0.111,0.113,0.174,0.173,0.161,0.13,0.135,0.178,0.203
020_AAAF,CRGRO048,1,1,2020-06-07T00:00:00Z,34,267,75,0,12,39,1,8,0,183,0,0,0,0,0,0.125,0.068,0.057,0.121,0.113,0.174,0.173,0.161,0.131,0.135,0.178,0.203
020_AAAF,CRGRO048,1,1,2020-06-08T00:00:00Z,35,265,74,0,12,42,1,8,0,183,0,0,0,0,0,0.031,0.071,0.062,0.127,0.121,0.175,0.175,0.161,0.131,0.135,0.178,0.203
020_AAAF,CRGRO048,1,1,2020-06-09T00:00:00Z,36,272,80,0,12,50,1,8,0,183,0,0,0,0,0,0.103,0.073,0.065,0.132,0.127,0.179,0.177,0.164,0.131,0.135,0.178,0.203
020_AAAF,CRGRO048,1,1,2020-06-10T00:00:00Z,37,269,77,0,12,51,1,8,0,183,0,0,0,0,0,0.013,0.066,0.062,0.133,0.129,0.182,0.18,0.168,0.131,0.135,0.178,0.203
020_AAAF,CRGRO048,1,1,2020-06-11T00:00:00Z,38,270,78,0,12,53,1,8,0,183,0,0,0,0,0,0.057,0.055,0.057,0.127,0.127,0.182,0.181,0.173,0.131,0.135,0.178,0.203
020_AAAF,CRGRO048,1,1,2020-06-12T00:00:00Z,39,268,76,0,12,53,1,8,0,183,0,0,0,0,0,0.022,0.055,0.055,0.124,0.124,0.18,0.18,0.177,0.131,0.135,0.178,0.202
020_AAAF,CRGRO048,1,1,2020-06-13T00:00:00Z,40,266,74,0,12,53,1,8,0,183,0,0,0,0,0,0.014,0.053,0.054,0.116,0.117,0.175,0.176,0.183,0.131,0.136,0.178,0.202
020_AAAF,CRGRO048,1,1,2020-06-14T00:00:00Z,41,265,73,0,12,53,1,8,0,183,0,0,0,0,0,0.014,0.05,0.052,0.112,0.114,0.174,0.175,0.183,0.132,0.136,0.178,0.202
020_AAAF,CRGRO048,1,1,2020-06-15T00:00:00Z,42,263,72,0,12,53,1,8,0,183,0,0,0,0,0,0.014,0.048,0.05,0.11,0.111,0.173,0.174,0.183,0.132,0.136,0.178,0.202
020_AAAF,CRGRO048,1,1,2020-06-16T00:00:00Z,43,263,71,0,12,53,1,8,0,183,0,0,0,0,0,0.014,0.047,0.049,0.108,0.11,0.172,0.173,0.182,0.132,0.136,0.178,0.202
020_AAAF,CRGRO048,1,1,2020-06-17T00:00:00Z,44,261,70,0,12,53,1,8,0,183,0,0,0,0,0,0.014,0.046,0.048,0.106,0.107,0.17,0.172,0.182,0.132,0.136,0.178,0.202
020_AAAF,CRGRO048,1,1,2020-06-18T00:00:00Z,45,260,68,0,12,53,1,8,0,183,0,0,0,0,0,0.014,0.044,0.047,0.104,0.105,0.169,0.171,0.182,0.133,0.136,0.178,0.202
020_AAAF,CRGRO048,1,1,2020-06-19T00:00:00Z,46,260,68,0,12,54,1,8,0,183,0,0,0,0,0,0.03,0.043,0.045,0.102,0.104,0.167,0.169,0.182,0.133,0.136,0.178,0.202
020_AAAF,CRGRO048,1,1,2020-06-20T00:00:00Z,47,258,66,0,12,55,1,8,0,183,0,0,0,0,0,0.02,0.042,0.044,0.101,0.102,0.165,0.168,0.181,0.133,0.137,0.178,0.202
020_AAAF,CRGRO048,1,1,2020-06-21T00:00:00Z,48,257,65,0,12,55,1,8,0,183,0,0,0,0,0,0.014,0.041,0.043,0.099,0.1,0.164,0.166,0.181,0.133,0.137,0.178,0.202
020_AAAF,CRGRO048,1,1,2020-06-22T00:00:00Z,49,256,64,0,12,55,1,8,0,183,0,0,0,0,0,0.014,0.04,0.042,0.098,0.099,0.162,0.164,0.181,0.133,0.137,0.178,0.201
020_AAAF,CRGRO048,1,1,2020-06-23T00:00:00Z,50,255,63,0,12,55,1,8,0,183,0,0,0,0,0,0.014,0.039,0.041,0.096,0.097,0.161,0.163,0.18,0.134,0.137,0.178,0.201
020_AAAF,CRGRO048,1,1,2020-06-24T00:00:00Z,51,254,62,0,12,55,1,8,0,183,0,0,0,0,0,0.014,0.038,0.04,0.095,0.096,0.159,0.161,0.18,0.134,0.137,0.178,0.201
020_AAAF,CRGRO048,1,1,2020-06-25T00:00:00Z,52,253,61,0,12,55,1,8,0,183,0.01,0,0,0,0,0.014,0.037,0.039,0.094,0.095,0.158,0.16,0.179,0.134,0.137,0.178,0.201
020_AAAF,CRGRO048,1,1,2020-06-26T00:00:00Z,53,252,60,0,12,55,1,8,0,183,0.01,0,0,0,0,0.014,0.036,0.038,0.093,0.094,0.157,0.159,0.178,0.134,0.137,0.178,0.201
020_AAAF,CRGRO048,1,1,2020-06-27T00:00:00Z,54,252,60,0,12,55,1,8,0,183,0.01,0,0,0,0,0.024,0.035,0.037,0.092,0.093,0.156,0.158,0.178,0.135,0.138,0.178,0.201
020_AAAF,CRGRO048,1,1,2020-06-28T00:00:00Z,55,250,58,0,12,55,1,8,0,183,0.01,0,0,0,0,0.014,0.034,0.037,0.091,0.092,0.154,0.156,0.177,0.135,0.138,0.178,0.201
020_AAAF,CRGRO048,1,1,2020-06-29T00:00:00Z,56,249,58,0,12,55,1,8,0,183,0.01,0,0,0,0,0.014,0.034,0.036,0.09,0.091,0.153,0.155,0.176,0.135,0.138,0.178,0.201
020_AAAF,CRGRO048,1,1,2020-06-30T00:00:00Z,57,262,71,0,12,69,1,8,0,183,0.02,0,0,0,0,0.161,0.07,0.053,0.089,0.09,0.152,0.154,0.176,0.135,0.138,0.178,0.201
020_AAAF,CRGRO048,1,1,2020-07-01T00:00:00Z,58,257,65,0,12,69,1,8,0,183,0.02,0,0,0,0,0.018,0.05,0.051,0.119,0.101,0.152,0.154,0.175,0.135,0.138,0.178,0.201
020_AAAF,CRGRO048,1,1,2020-07-02T00:00:00Z,59,255,63,0,12,69,1,8,0,183,0.02,0,0,0,0,0.014,0.047,0.049,0.106,0.099,0.151,0.153,0.175,0.135,0.138,0.178,0.2
020_AAAF,CRGRO048,1,1,2020-07-03T00:00:00Z,60,253,61,0,12,69,1,8,0,183,0.02,0,0,0,0,0.014,0.044,0.045,0.101,0.097,0.151,0.152,0.174,0.136,0.138,0.178,0.2
020_AAAF,CRGRO048,1,1,2020-07-04T00:00:00Z,61,251,59,0,12,69,1,8,0,183,0.02,0,0,0,0,0.014,0.042,0.043,0.097,0.095,0.15,0.151,0.174,0.136,0.139,0.178,0.2
020_AAAF,CRGRO048,1,1,2020-07-05T00:00:00Z,62,254,63,0,12,74,1,8,0,183,0.03,0,0,0,0,0.079,0.053,0.043,0.095,0.093,0.149,0.15,0.173,0.136,0.139,0.178,0.2
020_AAAF,CRGRO048,1,1,2020-07-06T00:00:00Z,63,296,104,10,12,128,1,8,0,183,0.03,0,0,10.35,0,0.129,0.149,0.128,0.177,0.14,0.175,0.152,0.173,0.136,0.139,0.178,0.2
020_AAAF,CRGRO048,1,1,2020-07-07T00:00:00Z,64,302,110,10,12,137,1,8,0,183,0.03,0,0,0,0,0.132,0.116,0.107,0.19,0.165,0.2,0.181,0.177,0.136,0.139,0.178,0.2
020_AAAF,CRGRO048,1,1,2020-07-08T00:00:00Z,65,298,106,10,12,137,1,8,0,183,0.03,0,0,0,0,0.043,0.075,0.072,0.145,0.135,0.183,0.175,0.196,0.194,0.181,0.178,0.2
020_AAAF,CRGRO048,1,1,2020-07-09T00:00:00Z,66,297,105,10,12,139,1,8,0,183,0.03,0,0,0,0,0.04,0.062,0.062,0.137,0.134,0.186,0.181,0.198,0.196,0.184,0.178,0.2
020_AAAF,CRGRO048,1,1,2020-07-10T00:00:00Z,67,292,100,10,12,139,1,8,0,183,0.03,0,0,0,0,0.014,0.052,0.053,0.12,0.119,0.176,0.174,0.196,0.196,0.194,0.191,0.2
020_AAAF,CRGRO048,1,1,2020-07-11T00:00:00Z,68,288,96,10,12,139,1,8,0,183,0.03,0,0,0,0,0.014,0.05,0.051,0.109,0.11,0.172,0.171,0.195,0.196,0.194,0.191,0.2
020_AAAF,CRGRO048,1,1,2020-07-12T00:00:00Z,69,284,92,10,12,139,1,8,0,183,0.03,0,0,0,0,0.014,0.046,0.048,0.104,0.104,0.167,0.167,0.192,0.195,0.193,0.192,0.2
020_AAAF,CRGRO048,1,1,2020-07-13T00:00:00Z,70,280,88,10,12,139,1,8,0,183,0.03,0,0,0,0,0.014,0.043,0.044,0.099,0.099,0.163,0.163,0.189,0.193,0.193,0.192,0.2
020_AAAF,CRGRO048,1,1,2020-07-14T00:00:00Z,71,276,84,10,12,139,1,8,0,183,0.03,0,0,0,0,0.014,0.041,0.042,0.095,0.096,0.159,0.16,0.186,0.192,0.192,0.192,0.2
020_AAAF,CRGRO048,1,1,2020-07-15T00:00:00Z,72,273,81,10,12,139,1,8,0,183,0.03,0,0,0,0,0.014,0.038,0.04,0.093,0.093,0.156,0.157,0.183,0.19,0.191,0.192,0.2
020_AAAF,CRGRO048,1,1,2020-07-16T00:00:00Z,73,271,79,10,12,139,1,8,0,183,0.03,0,0,0,0,0.014,0.037,0.038,0.091,0.091,0.154,0.155,0.181,0.188,0.189,0.192,0.2
020_AAAF,CRGRO048,1,1,2020-07-17T00:00:00Z,74,268,77,10,12,139,1,8,0,183,0.03,0,0,0,0,0.014,0.035,0.036,0.089,0.089,0.152,0.153,0.179,0.186,0.188,0.192,0.199
020_AAAF,CRGRO048,1,1,2020-07-18T00:00:00Z,75,266,74,10,12,139,1,8,0,183,0.03,0,0,0,0,0.014,0.034,0.035,0.087,0.088,0.15,0.151,0.177,0.184,0.186,0.192,0.199
020_AAAF,CRGRO048,1,1,2020-07-19T00:00:00Z,76,264,73,10,12,139,1,8,0,183,0.03,0,0,0,0,0.014,0.033,0.034,0.086,0.086,0.148,0.149,0.176,0.182,0.184,0.192,0.199
020_AAAF,CRGRO048,1,1,2020-07-20T00:00:00Z,77,263,71,10,12,139,1,8,0,183,0.03,0,0,0,0,0.014,0.032,0.033,0.085,0.085,0.147,0.148,0.174,0.181,0.183,0.192,0.199
020_AAAF,CRGRO048,1,1,2020-07-21T00:00:00Z,78,261,69,10,12,139,1,8,0,183,0.03,0,0,0,0,0.014,0.031,0.032,0.084,0.084,0.146,0.147,0.173,0.179,0.181,0.192,0.199
020_AAAF,CRGRO048,1,1,2020-07-22T00:00:00Z,79,262,70,10,12,142,1,8,0,183,0.05,0,0,0,0,0.06,0.034,0.031,0.083,0.083,0.145,0.146,0.172,0.178,0.18,0.192,0.199
020_AAAF,CRGRO048,1,1,2020-07-23T00:00:00Z,80,262,70,10,12,144,1,8,0,183,0.06,0,0,0,0,0.042,0.049,0.03,0.082,0.082,0.143,0.145,0.171,0.177,0.179,0.192,0.199
020_AAAF,CRGRO048,1,1,2020-07-24T00:00:00Z,81,259,67,10,12,145,1,8,0,183,0.07,0,0,0,0,0.019,0.042,0.03,0.081,0.081,0.142,0.144,0.17,0.175,0.178,0.192,0.199
020_AAAF,CRGRO048,1,1,2020-07-25T00:00:00Z,82,257,65,10,12,145,1,8,0,183,0.07,0,0,0,0,0.014,0.039,0.029,0.08,0.081,0.141,0.143,0.169,0.174,0.177,0.192,0.199
020_AAAF,CRGRO048,1,1,2020-07-26T00:00:00Z,83,256,64,10,12,145,1,8,0,183,0.07,0,0,0,0,0.014,0.036,0.028,0.079,0.08,0.141,0.142,0.168,0.173,0.175,0.192,0.199
020_AAAF,CRGRO048,1,1,2020-07-27T00:00:00Z,84,254,62,10,12,145,1,8,0,183,0.06,0,0,0,0,0.014,0.034,0.028,0.078,0.079,0.14,0.141,0.167,0.172,0.174,0.192,0.199
020_AAAF,CRGRO048,1,1,2020-07-28T00:00:00Z,85,253,61,10,12,145,1,8,0,183,0.06,0,0,0,0,0.014,0.033,0.027,0.078,0.079,0.139,0.14,0.166,0.171,0.174,0.192,0.199
020_AAAF,CRGRO048,1,1,2020-07-29T00:00:00Z,86,258,67,10,12,151,1,8,0,183,0.1,0,0,0,0,0.091,0.054,0.027,0.077,0.078,0.138,0.14,0.165,0.171,0.173,0.192,0.199
020_AAAF,CRGRO048,1,1,2020-07-30T00:00:00Z,87,256,64,10,12,152,1,8,0,183,0.1,0,0,0,0,0.044,0.05,0.033,0.077,0.078,0.138,0.139,0.165,0.17,0.172,0.192,0.199
020_AAAF,CRGRO048,1,1,2020-07-31T00:00:00Z,88,253,61,10,12,152,1,8,0,183,0.09,0,0,0,0,0.013,0.042,0.032,0.076,0.077,0.137,0.138,0.164,0.169,0.172,0.192,0.199
020_AAAF,CRGRO048,1,1,2020-08-01T00:00:00Z,89,252,60,10,12,152,1,8,0,183,0.09,0,0,0,0,0.014,0.039,0.031,0.076,0.077,0.136,0.138,0.164,0.168,0.171,0.192,0.199
020_AAAF,CRGRO048,1,1,2020-08-02T00:00:00Z,90,251,59,10,12,152,1,8,0,183,0.09,0,0,0,0,0.014,0.036,0.03,0.075,0.076,0.136,0.137,0.163,0.168,0.17,0.192,0.199
020_AAAF,CRGRO048,1,1,2020-08-03T00:00:00Z,91,250,58,10,12,152,1,8,0,183,0.08,0,0,0,0,0.014,0.034,0.029,0.075,0.076,0.135,0.137,0.162,0.167,0.17,0.192,0.199
020_AAAF,CRGRO048,1,1,2020-08-04T00:00:00Z,92,250,58,10,12,152,1,8,0,183,0.13,0,0,0,0,0.023,0.033,0.029,0.075,0.075,0.135,0.136,0.162,0.167,0.169,0.192,0.199
020_AAAF,CRGRO048,1,1,2020-08-05T00:00:00Z,93,248,57,10,12,152,1,8,0,183,0.12,0,0,0,0,0.014,0.032,0.028,0.074,0.075,0.134,0.136,0.161,0.166,0.169,0.192,0.199
020_AAAF,CRGRO048,1,1,2020-08-06T00:00:00Z,94,251,59,10,12,156,1,8,0,183,0.14,0,0,0,0,0.068,0.039,0.028,0.074,0.075,0.134,0.135,0.161,0.165,0.168,0.192,0.199
020_AAAF,CRGRO048,1,1,2020-08-07T00:00:00Z,95,249,57,10,12,156,1,8,0,183,0.14,0,0,0,0,0.02,0.043,0.027,0.074,0.074,0.133,0.135,0.161,0.165,0.168,0.192,0.199
020_AAAF,CRGRO048,1,1,2020-08-08T00:00:00Z,96,248,56,10,12,156,1,8,0,183,0.13,0,0,0,0,0.014,0.039,0.027,0.073,0.074,0.133,0.135,0.16,0.164,0.167,0.192,0.199
020_AAAF,CRGRO048,1,1,2020-08-09T00:00:00Z,97,252,60,10,12,162,1,8,0,183,0.16,0,0,0,0,0.083,0.052,0.028,0.073,0.074,0.133,0.134,0.16,0.164,0.167,0.192,0.199
020_AAAF,CRGRO048,1,1,2020-08-10T00:00:00Z,98,260,68,10,12,172,1,8,0,183,0.16,0,0,0,0,0.131,0.07,0.053,0.073,0.073,0.132,0.134,0.159,0.164,0.167,0.192,0.199
020_AAAF,CRGRO048,1,1,2020-08-11T00:00:00Z,99,255,63,10,12,172,1,8,0,183,0.14,0,0,0,0,0.039,0.043,0.049,0.106,0.073,0.132,0.134,0.159,0.164,0.166,0.192,0.199
020_AAAF,CRGRO048,1,1,2020-08-12T00:00:00Z,100,262,70,10,12,182,1,8,0,183,0.18,0,0,0,0,0.111,0.066,0.053,0.109,0.074,0.132,0.133,0.159,0.163,0.166,0.192,0.199
020_AAAF,CRGRO048,1,1,2020-08-13T00:00:00Z,101,257,65,10,12,182,1,8,0,183,0.18,0,0,0,0,0.039,0.051,0.055,0.115,0.074,0.132,0.133,0.159,0.163,0.166,0.192,0.199
020_AAAF,CRGRO048,1,1,2020-08-14T00:00:00Z,102,261,69,10,12,190,1,8,0,183,0.19,0,0,0,0,0.091,0.063,0.054,0.111,0.08,0.131,0.133,0.159,0.163,0.166,0.192,0.199
020_AAAF,CRGRO048,1,1,2020-08-15T00:00:00Z,103,256,64,10,12,190,1,8,0,183,0.17,0,0,0,0,0.025,0.045,0.05,0.113,0.088,0.131,0.133,0.159,0.163,0.166,0.192,0.199
020_AAAF,CRGRO048,1,1,2020-08-16T00:00:00Z,104,253,61,10,12,190,1,8,0,183,0.14,0,0,0,0,0.014,0.042,0.044,0.096,0.087,0.131,0.133,0.158,0.162,0.166,0.192,0.199
020_AAAF,CRGRO048,1,1,2020-08-17T00:00:00Z,105,251,59,10,12,190,1,8,0,183,0.13,0,0,0,0,0.014,0.039,0.041,0.093,0.086,0.131,0.133,0.158,0.162,0.165,0.192,0.199
020_AAAF,CRGRO048,1,1,2020-08-18T00:00:00Z,106,287,95,12,12,229,1,8,0,183,0.2,0,0,1.8,0,0.167,0.15,0.096,0.146,0.121,0.135,0.132,0.158,0.162,0.165,0.192,0.198
020_AAAF,CRGRO048,1,1,2020-08-19T00:00:00Z,107,283,91,12,12,229,1,8,0,183,0.17,0,0,0,0,0.059,0.086,0.064,0.125,0.115,0.174,0.174,0.174,0.162,0.165,0.192,0.198
020_AAAF,CRGRO048,1,1,2020-08-20T00:00:00Z,108,280,88,12,12,231,1,8,0,183,0.2,0,0,0,0,0.036,0.065,0.06,0.127,0.122,0.175,0.174,0.175,0.162,0.165,0.191,0.198
020_AAAF,CRGRO048,1,1,2020-08-21T00:00:00Z,109,278,86,12,12,231,1,8,0,183,0.19,0,0,0,0,0.024,0.055,0.056,0.123,0.121,0.176,0.175,0.176,0.162,0.165,0.191,0.198
020_AAAF,CRGRO048,1,1,2020-08-22T00:00:00Z,110,278,86,12,12,232,1,8,0,183,0.2,0,0,0,0,0.03,0.053,0.054,0.12,0.119,0.175,0.175,0.177,0.162,0.165,0.191,0.198
020_AAAF,CRGRO048,1,1,2020-08-23T00:00:00Z,111,276,85,12,12,233,1,8,0,183,0.2,0,0,0,0,0.032,0.052,0.053,0.117,0.117,0.174,0.173,0.177,0.162,0.165,0.191,0.198
020_AAAF,CRGRO048,1,1,2020-08-24T00:00:00Z,112,304,112,12,12,261,1,8,0,183,0.21,0,0,0.1,0,0.157,0.139,0.087,0.147,0.133,0.182,0.177,0.18,0.162,0.165,0.191,0.198
020_AAAF,CRGRO048,1,1,2020-08-25T00:00:00Z,113,319,127,12,12,281,1,8,0,183,0.21,0,0,0.01,0,0.133,0.148,0.109,0.181,0.156,0.198,0.188,0.191,0.162,0.165,0.191,0.198
020_AAAF,CRGRO048,1,1,2020-08-26T00:00:00Z,114,315,123,12,12,281,1,8,0,183,0.21,0,0,0,0,0.061,0.096,0.09,0.177,0.164,0.208,0.198,0.2,0.176,0.165,0.191,0.198
020_AAAF,CRGRO048,1,1,2020-08-27T00:00:00Z,115,311,119,12,12,281,1,8,0,183,0.18,0,0,0,0,0.02,0.066,0.063,0.138,0.133,0.186,0.181,0.197,0.246,0.194,0.202,0.198
020_AAAF,CRGRO048,1,1,2020-08-28T00:00:00Z,116,302,110,12,17,281,1,8,0,183,0.16,0,0,0,0,0.014,0.052,0.053,0.122,0.12,0.176,0.174,0.195,0.232,0.194,0.205,0.205
020_AAAF,CRGRO048,1,1,2020-08-29T00:00:00Z,117,296,104,12,21,281,1,8,0,183,0.14,0,0,0,0,0.014,0.051,0.052,0.116,0.115,0.174,0.173,0.194,0.209,0.193,0.205,0.205
020_AAAF,CRGRO048,1,1,2020-08-30T00:00:00Z,118,331,139,14,21,320,1,8,0,183,0.22,0,0,1.65,0,0.167,0.151,0.103,0.16,0.138,0.184,0.178,0.197,0.199,0.196,0.206,0.207
020_AAAF,CRGRO048,1,1,2020-08-31T00:00:00Z,119,330,138,14,21,323,1,8,0,183,0.2,0,0,0,0,0.11,0.108,0.093,0.171,0.154,0.198,0.188,0.2,0.201,0.199,0.208,0.207
020_AAAF,CRGRO048,1,1,2020-09-01T00:00:00Z,120,318,127,14,29,323,1,8,0,183,0.17,0,0,0,0,0.043,0.07,0.065,0.136,0.129,0.181,0.178,0.197,0.27,0.198,0.208,0.207
020_AAAF,CRGRO048,1,1,2020-09-02T00:00:00Z,121,307,115,14,36,323,1,8,0,183,0.15,0,0,0,0,0.014,0.055,0.054,0.122,0.119,0.175,0.174,0.196,0.252,0.198,0.208,0.207
020_AAAF,CRGRO048,1,1,2020-09-03T00:00:00Z,122,298,106,14,41,323,1,8,0,183,0.13,0,0,0,0,0.014,0.052,0.052,0.114,0.112,0.172,0.171,0.194,0.216,0.194,0.208,0.207
020_AAAF,CRGRO048,1,1,2020-09-04T00:00:00Z,123,292,100,14,43,323,1,8,0,183,0.11,0,0,0,0,0.014,0.049,0.05,0.108,0.107,0.168,0.168,0.192,0.201,0.193,0.208,0.207
020_AAAF,CRGRO048,1,1,2020-09-05T00:00:00Z,124,288,96,14,44,323,1,8,0,183,0.1,0,0,0,0,0.014,0.046,0.047,0.103,0.103,0.165,0.165,0.189,0.194,0.192,0.208,0.207
020_AAAF,CRGRO048,1,1,2020-09-06T00:00:00Z,125,285,93,14,44,323,1,8,0,183,0.08,0,0,0,0,0.014,0.044,0.045,0.101,0.101,0.163,0.163,0.187,0.192,0.19,0.207,0.207
020_AAAF,CRGRO048,1,1,2020-09-07T00:00:00Z,126,282,90,14,44,323,1,8,0,183,0.07,0,0,0,0,0.014,0.042,0.043,0.098,0.098,0.16,0.16,0.185,0.19,0.188,0.207,0.207
020_AAAF,CRGRO048,1,1,2020-09-08T00:00:00Z,127,279,87,14,44,323,1,8,0,183,0.06,0,0,0,0,0.014,0.04,0.041,0.096,0.096,0.157,0.158,0.183,0.187,0.186,0.207,0.207
020_AAAF,CRGRO048,1,1,2020-09-09T00:00:00Z,128,288,96,14,44,333,1,8,0,183,0.22,0,0,0,0,0.132,0.065,0.054,0.094,0.095,0.156,0.156,0.182,0.185,0.185,0.207,0.207
020_AAAF,CRGRO048,1,1,2020-09-10T00:00:00Z,129,296,105,14,44,344,1,8,0,183,0.2,0,0,0,0,0.15,0.087,0.068,0.124,0.102,0.155,0.156,0.181,0.185,0.185,0.207,0.207
020_AAAF,CRGRO048,1,1,2020-09-11T00:00:00Z,130,296,104,14,44,346,1,8,0,183,0.23,0,0,0,0,0.099,0.077,0.066,0.132,0.121,0.159,0.156,0.181,0.185,0.185,0.207,0.207
020_AAAF,CRGRO048,1,1,2020-09-12T00:00:00Z,131,293,101,14,44,346,1,8,0,183,0.22,0,0,0,0,0.055,0.063,0.06,0.13,0.124,0.171,0.155,0.181,0.184,0.184,0.207,0.207
020_AAAF,CRGRO048,1,1,2020-09-13T00:00:00Z,132,291,99,14,44,347,1,8,0,183,0.23,0,0,0,0,0.045,0.056,0.056,0.124,0.122,0.175,0.159,0.181,0.184,0.184,0.207,0.207
020_AAAF,CRGRO048,1,1,2020-09-14T00:00:00Z,133,289,97,14,44,348,1,8,0,183,0.23,0,0,0,0,0.04,0.053,0.053,0.118,0.117,0.174,0.162,0.18,0.184,0.184,0.207,0.207
020_AAAF,CRGRO048,1,1,2020-09-15T00:00:00Z,134,290,98,14,44,350,1,8,0,183,0.23,0,0,0,0,0.062,0.056,0.054,0.119,0.115,0.173,0.162,0.18,0.183,0.184,0.207,0.207
020_AAAF,CRGRO048,1,1,2020-09-16T00:00:00Z,135,299,107,14,44,360,1,8,0,183,0.25,0,0,0,0,0.144,0.076,0.062,0.126,0.121,0.175,0.164,0.18,0.183,0.184,0.207,0.207
020_AAAF,CRGRO048,1,1,2020-09-17T00:00:00Z,136,303,111,14,44,367,1,8,0,183,0.21,0,0,0,0,0.139,0.082,0.068,0.134,0.126,0.179,0.172,0.18,0.183,0.184,0.207,0.207
020_AAAF,CRGRO048,1,1,2020-09-18T00:00:00Z,137,302,110,14,44,367,1,8,0,183,0.18,0,0,0,0,0.079,0.063,0.057,0.123,0.121,0.175,0.173,0.196,0.194,0.19,0.207,0.207
020_AAAF,CRGRO048,1,1,2020-09-19T00:00:00Z,138,299,107,14,45,367,1,8,0,183,0.15,0,0,0,0,0.052,0.055,0.054,0.118,0.118,0.174,0.173,0.195,0.194,0.194,0.207,0.207
020_AAAF,CRGRO048,1,1,2020-09-20T00:00:00Z,139,297,105,14,45,367,1,8,0,183,0.13,0,0,0,0,0.041,0.054,0.053,0.116,0.116,0.173,0.172,0.195,0.193,0.193,0.207,0.207
020_AAAF,CRGRO048,1,1,2020-09-21T00:00:00Z,140,294,102,14,45,367,1,8,0,183,0.11,0,0,0,0,0.022,0.052,0.052,0.112,0.112,0.171,0.17,0.194,0.192,0.193,0.207,0.207
020_AAAF,CRGRO048,1,1,2020-09-22T00:00:00Z,141,290,98,14,45,367,1,8,0,183,0.09,0,0,0,0,0.014,0.05,0.05,0.108,0.108,0.168,0.168,0.192,0.191,0.191,0.207,0.207
020_AAAF,CRGRO048,1,1,2020-09-23T00:00:00Z,142,288,96,14,45,367,1,8,0,183,0.08,0,0,0,0,0.014,0.048,0.048,0.106,0.106,0.167,0.166,0.191,0.19,0.19,0.207,0.207
020_AAAF,CRGRO048,1,1,2020-09-24T00:00:00Z,143,286,94,14,45,367,1,8,0,183,0.07,0,0,0,0,0.014,0.046,0.047,0.103,0.103,0.164,0.164,0.189,0.189,0.189,0.207,0.207
020_AAAF,CRGRO048,1,1,2020-09-25T00:00:00Z,144,286,94,14,45,370,1,8,0,183,0.25,0,0,0,0,0.061,0.049,0.045,0.1,0.101,0.162,0.162,0.187,0.187,0.188,0.207,0.207
020_AAAF,CRGRO048,1,1,2020-09-26T00:00:00Z,145,283,91,14,45,370,1,8,0,183,0.21,0,0,0,0,0.035,0.049,0.043,0.098,0.099,0.16,0.16,0.185,0.185,0.186,0.207,0.207
020_AAAF,CRGRO048,1,1,2020-09-27T00:00:00Z,146,282,91,14,45,370,1,8,0,183,0.26,0,0,0,0,0.044,0.048,0.043,0.098,0.098,0.159,0.16,0.185,0.185,0.186,0.207,0.207
020_AAAF,CRGRO048,1,1,2020-09-28T00:00:00Z,147,283,91,14,45,373,1,8,0,183,0.24,0,0,0,0,0.061,0.054,0.045,0.096,0.097,0.158,0.158,0.183,0.184,0.185,0.207,0.207
020_AAAF,CRGRO048,2,2,2020-05-04T00:00:00Z,0,256,64,0,0,0,0,0,0,174,0,0,0,0,0,0.086,0.086,0.086,0.086,0.086,0.118,0.118,0.135,0.129,0.129,0.178,0.258
020_AAAF,CRGRO048,2,2,2020-05-05T00:00:00Z,1,252,61,0,7,0,1,8,0,179,0,0,0,0,0,0.064,0.086,0.079,0.13,0.1,0.118,0.118,0.135,0.129,0.129,0.178,0.228
020_AAAF,CRGRO048,2,2,2020-05-06T00:00:00Z,2,247,55,0,10,0,1,8,0,181,0,0,0,0,0,0.013,0.066,0.063,0.123,0.119,0.146,0.118,0.135,0.129,0.129,0.178,0.214
020_AAAF,CRGRO048,2,2,2020-05-07T00:00:00Z,3,246,54,0,12,0,1,8,0,182,0,0,0,0,0,0.014,0.058,0.057,0.121,0.119,0.162,0.118,0.135,0.129,0.13,0.178,0.209
020_AAAF,CRGRO048,2,2,2020-05-08T00:00:00Z,4,245,53,0,12,0,1,8,0,183,0,0,0,0,0,0.014,0.054,0.055,0.121,0.119,0.167,0.119,0.135,0.129,0.13,0.178,0.206
020_AAAF,CRGRO048,2,2,2020-05-09T00:00:00Z,5,245,53,0,12,0,1,8,0,183,0,0,0,0,0,0.014,0.054,0.055,0.121,0.119,0.167,0.119,0.135,0.129,0.13,0.178,0.206
020_AAAF,CRGRO048,2,2,2020-05-10T00:00:00Z,6,245,53,0,12,0,1,8,0,183,0,0,0,0,0,0.014,0.053,0.055,0.121,0.119,0.166,0.119,0.135,0.129,0.13,0.178,0.206
020_AAAF,CRGRO048,2,2,2020-05-11T00:00:00Z,7,245,53,0,12,0,1,8,0,183,0,0,0,0,0,0.014,0.053,0.055,0.121,0.119,0.166,0.12,0.135,0.129,0.13,0.178,0.206
020_AAAF,CRGRO048,2,2,2020-05-12T00:00:00Z,8,245,53,0,12,0,1,8,0,183,0,0,0,0,0,0.014,0.052,0.055,0.121,0.118,0.166,0.12,0.135,0.129,0.13,0.178,0.206
020_AAAF,CRGRO048,2,2,2020-05-13T00:00:00Z,9,245,53,0,12,0,1,8,0,183,0,0,0,0,0,0.014,0.052,0.055,0.121,0.118,0.166,0.12,0.135,0.129,0.131,0.178,0.206
020_AAAF,CRGRO048,2,2,2020-05-14T00:00:00Z,10,245,53,0,12,0,1,8,0,183,0,0,0,0,0,0.014,0.051,0.055,0.121,0.118,0.165,0.121,0.135,0.129,0.131,0.178,0.206
020_AAAF,CRGRO048,2,2,2020-05-15T00:00:00Z,11,245,53,0,12,0,1,8,0,183,0,0,0,0,0,0.014,0.051,0.055,0.121,0.118,0.165,0.121,0.135,0.129,0.131,0.178,0.205
020_AAAF,CRGRO048,2,2,2020-05-16T00:00:00Z,12,245,53,0,12,0,1,8,0,183,0,0,0,0,0,0.014,0.05,0.055,0.121,0.118,0.165,0.122,0.135,0.129,0.131,0.178,0.205
020_AAAF,CRGRO048,2,2,2020-05-17T00:00:00Z,13,245,53,0,12,0,1,8,0,183,0,0,0,0,0,0.014,0.05,0.055,0.12,0.118,0.164,0.122,0.135,0.129,0.131,0.178,0.205
020_AAAF,CRGRO048,2,2,2020-05-18T00:00:00Z,14,245,53,0,12,0,1,8,0,183,0,0,0,0,0,0.014,0.049,0.055,0.12,0.118,0.164,0.122,0.135,0.129,0.131,0.178,0.205
020_AAAF,CRGRO048,2,2,2020-05-19T00:00:00Z,15,244,53,0,12,0,1,8,0,183,0,0,0,0,0,0.014,0.049,0.054,0.12,0.118,0.164,0.123,0.135,0.129,0.132,0.178,0.205
020_AAAF,CRGRO048,2,2,2020-05-20T00:00:00Z,16,261,70,0,12,17,1,8,0,183,0,0,0,0,0,0.167,0.088,0.068,0.133,0.126,0.173,0.123,0.135,0.129,0.132,0.178,0.205
020_AAAF,CRGRO048,2,2,2020-05-21T00:00:00Z,17,261,69,0,12,21,1,8,0,183,0,0,0,0,0,0.067,0.087,0.072,0.142,0.134,0.182,0.135,0.135,0.129,0.132,0.178,0.205
020_AAAF,CRGRO048,2,2,2020-05-22T00:00:00Z,18,261,69,0,12,23,1,8,0,183,0,0,0,0,0,0.024,0.072,0.068,0.142,0.138,0.187,0.154,0.135,0.129,0.132,0.178,0.205
020_AAAF,CRGRO048,2,2,2020-05-23T00:00:00Z,19,260,68,0,12,23,1,8,0,183,0,0,0,0,0,0.02,0.059,0.062,0.136,0.136,0.188,0.174,0.135,0.129,0.132,0.178,0.205
020_AAAF,CRGRO048,2,2,2020-05-24T00:00:00Z,20,260,68,0,12,23,1,8,0,183,0,0,0,0,0,0.014,0.054,0.056,0.126,0.126,0.18,0.174,0.151,0.129,0.132,0.178,0.204
020_AAAF,CRGRO048,2,2,2020-05-25T00:00:00Z,21,261,69,0,12,25,1,8,0,183,0,0,0,0,0,0.05,0.053,0.055,0.122,0.123,0.179,0.176,0.153,0.129,0.133,0.178,0.204
020_AAAF,CRGRO048,2,2,2020-05-26T00:00:00Z,22,263,71,0,12,28,1,8,0,183,0,0,0,0,0,0.045,0.06,0.057,0.123,0.123,0.178,0.177,0.155,0.129,0.133,0.178,0.204
020_AAAF,CRGRO048,2,2,2020-05-27T00:00:00Z,23,261,69,0,12,28,1,8,0,183,0,0,0,0,0,0.02,0.055,0.055,0.123,0.123,0.178,0.177,0.157,0.129,0.133,0.178,0.204
020_AAAF,CRGRO048,2,2,2020-05-28T00:00:00Z,24,261,69,0,12,28,1,8,0,183,0,0,0,0,0,0.014,0.054,0.055,0.12,0.12,0.175,0.175,0.161,0.129,0.133,0.178,0.204
020_AAAF,CRGRO048,2,2,2020-05-29T00:00:00Z,25,260,69,0,12,28,1,8,0,183,0,0,0,0,0,0.014,0.052,0.054,0.119,0.12,0.175,0.175,0.161,0.13,0.133,0.178,0.204
020_AAAF,CRGRO048,2,2,2020-05-30T00:00:00Z,26,260,68,0,12,28,1,8,0,183,0,0,0,0,0,0.014,0.051,0.053,0.118,0.12,0.175,0.175,0.161,0.13,0.133,0.178,0.204
020_AAAF,CRGRO048,2,2,2020-05-31T00:00:00Z,27,260,68,0,12,28,1,8,0,183,0,0,0,0,0,0.014,0.05,0.053,0.117,0.119,0.175,0.174,0.161,0.13,0.134,0.178,0.204
020_AAAF,CRGRO048,2,2,2020-06-01T00:00:00Z,28,259,67,0,12,28,1,8,0,183,0,0,0,0,0,0.014,0.049,0.052,0.116,0.118,0.175,0.174,0.161,0.13,0.134,0.178,0.204
020_AAAF,CRGRO048,2,2,2020-06-02T00:00:00Z,29,259,67,0,12,28,1,8,0,183,0,0,0,0,0,0.014,0.048,0.051,0.115,0.117,0.175,0.174,0.161,0.13,0.134,0.178,0.203
020_AAAF,CRGRO048,2,2,2020-06-03T00:00:00Z,30,258,66,0,12,28,1,8,0,183,0,0,0,0,0,0.014,0.047,0.051,0.114,0.116,0.175,0.174,0.161,0.13,0.134,0.178,0.203
020_AAAF,CRGRO048,2,2,2020-06-04T00:00:00Z,31,258,66,0,12,28,1,8,0,183,0,0,0,0,0,0.014,0.046,0.05,0.113,0.115,0.175,0.174,0.161,0.13,0.134,0.178,0.203
020_AAAF,CRGRO048,2,2,2020-06-05T00:00:00Z,32,257,66,0,12,28,1,8,0,183,0,0,0,0,0,0.014,0.045,0.049,0.111,0.114,0.175,0.173,0.161,0.13,0.134,0.178,0.203
020_AAAF,CRGRO048,2,2,2020-06-06T00:00:00Z,33,258,66,0,12,29,1,8,0,183,0,0,0,0,0,0.024,0.045,0.049,0.111,0.113,0.174,0.173,0.161,0.13,0.135,0.178,0.203
020_AAAF,CRGRO048,2,2,2020-06-07T00:00:00Z,34,267,75,0,12,39,1,8,0,183,0,0,0,0,0,0.125,0.068,0.057,0.121,0.113,0.174,0.173,0.161,0.131,0.135,0.178,0.203
020_AAAF,CRGRO048,2,2,2020-06-08T00:00:00Z,35,265,74,0,12,42,1,8,0,183,0,0,0,0,0,0.031,0.071,0.062,0.127,0.121,0.175,0.175,0.161,0.131,0.135,0.178,0.203
020_AAAF,CRGRO048,2,2,2020-06-09T00:00:00Z,36,272,80,0,12,50,1,8,0,183,0,0,0,0,0,0.103,0.073,0.065,0.132,0.127,0.179,0.177,0.164,0.131,0.135,0.178,0.203
020_AAAF,CRGRO048,2,2,2020-06-10T00:00:00Z,37,269,77,0,12,51,1,8,0,183,0,0,0,0,0,0.013,0.066,0.062,0.133,0.129,0.182,0.18,0.168,0.131,0.135,0.178,0.203
020_AAAF,CRGRO048,2,2,2020-06-11T00:00:00Z,38,270,78,0,12,53,1,8,0,183,0,0,0,0,0,0.057,0.055,0.057,0.127,0.127,0.182,0.181,0.173,0.131,0.135,0.178,0.203
020_AAAF,CRGRO048,2,2,2020-06-12T00:00:00Z,39,268,76,0,12,53,1,8,0,183,0,0,0,0,0,0.022,0.055,0.055,0.124,0.124,0.18,0.18,0.177,0.131,0.135,0.178,0.202
020_AAAF,CRGRO048,2,2,2020-06-13T00:00:00Z,40,266,74,0,12,53,1,8,0,183,0,0,0,0,0,0.014,0.053,0.054,0.116,0.117,0.175,0.176,0.183,0.131,0.136,0.178,0.202
020_AAAF,CRGRO048,2,2,2020-06-14T00:00:00Z,41,265,73,0,12,53,1,8,0,183,0,0,0,0,0,0.014,0.05,0.052,0.112,0.114,0.174,0.175,0.183,0.132,0.136,0.178,0.202
020_AAAF,CRGRO048,2,2,2020-06-15T00:00:00Z,42,263,72,0,12,53,1,8,0,183,0,0,0,0,0,0.014,0.048,0.05,0.11,0.111,0.173,0.174,0.183,0.132,0.136,0.178,0.202
020_AAAF,CRGRO048,2,2,2020-06-16T00:00:00Z,43,263,71,0,12,53,1,8,0,183,0,0,0,0,0,0.014,0.047,0.049,0.108,0.11,0.172,0.173,0.182,0.132,0.136,0.178,0.202
020_AAAF,CRGRO048,2,2,2020-06-17T00:00:00Z,44,261,70,0,12,53,1,8,0,183,0,0,0,0,0,0.014,0.046,0.048,0.106,0.107,0.17,0.172,0.182,0.132,0.136,0.178,0.202
020_AAAF,CRGRO048,2,2,2020-06-18T00:00:00Z,45,260,68,0,12,53,1,8,0,183,0,0,0,0,0,0.014,0.044,0.047,0.104,0.105,0.169,0.171,0.182,0.133,0.136,0.178,0.202
020_AAAF,CRGRO048,2,2,2020-06-19T00:00:00Z,46,260,68,0,12,54,1,8,0,183,0,0,0,0,0,0.03,0.043,0.045,0.102,0.104,0.167,0.169,0.182,0.133,0.136,0.178,0.202
020_AAAF,CRGRO048,2,2,2020-06-20T00:00:00Z,47,258,66,0,12,55,1,8,0,183,0,0,0,0,0,0.02,0.042,0.044,0.101,0.102,0.165,0.168,0.181,0.133,0.137,0.178,0.202
020_AAAF,CRGRO048,2,2,2020-06-21T00:00:00Z,48,257,65,0,12,55,1,8,0,183,0,0,0,0,0,0.014,0.041,0.043,0.099,0.1,0.164,0.166,0.181,0.133,0.137,0.178,0.202
020_AAAF,CRGRO048,2,2,2020-06-22T00:00:00Z,49,256,64,0,12,55,1,8,0,183,0,0,0,0,0,0.014,0.04,0.042,0.098,0.099,0.162,0.164,0.181,0.133,0.137,0.178,0.201
020_AAAF,CRGRO048,2,2,2020-06-23T00:00:00Z,50,255,63,0,12,55,1,8,0,183,0,0,0,0,0,0.014,0.039,0.041,0.096,0.097,0.161,0.163,0.18,0.134,0.137,0.178,0.201
020_AAAF,CRGRO048,2,2,2020-06-24T00:00:00Z,51,254,62,0,12,55,1,8,0,183,0,0,0,0,0,0.014,0.038,0.04,0.095,0.096,0.159,0.161,0.18,0.134,0.137,0.178,0.201
020_AAAF,CRGRO048,2,2,2020-06-25T00:00:00Z,52,253,61,0,12,55,1,8,0,183,0.01,0,0,0,0,0.014,0.037,0.039,0.094,0.095,0.158,0.16,0.179,0.134,0.137,0.178,0.201
020_AAAF,CRGRO048,2,2,2020-06-26T00:00:00Z,53,252,60,0,12,55,1,8,0,183,0.01,0,0,0,0,0.014,0.036,0.038,0.093,0.094,0.157,0.159,0.178,0.134,0.137,0.178,0.201
020_AAAF,CRGRO048,2,2,2020-06-27T00:00:00Z,54,252,60,0,12,55,1,8,0,183,0.01,0,0,0,0,0.024,0.035,0.037,0.092,0.093,0.156,0.158,0.178,0.135,0.138,0.178,0.201
020_AAAF,CRGRO048,2,2,2020-06-28T00:00:00Z,55,250,58,0,12,55,1,8,0,183,0.01,0,0,0,0,0.014,0.034,0.037,0.091,0.092,0.154,0.156,0.177,0.135,0.138,0.178,0.201
020_AAAF,CRGRO048,2,2,2020-06-29T00:00:00Z,56,249,58,0,12,55,1,8,0,183,0.01,0,0,0,0,0.014,0.034,0.036,0.09,0.091,0.153,0.155,0.176,0.135,0.138,0.178,0.201
020_AAAF,CRGRO048,2,2,2020-06-30T00:00:00Z,57,262,71,0,12,69,1,8,0,183,0.02,0,0,0,0,0.161,0.07,0.053,0.089,0.09,0.152,0.154,0.176,0.135,0.138,0.178,0.201
020_AAAF,CRGRO048,2,2,2020-07-01T00:00:00Z,58,257,65,0,12,69,1,8,0,183,0.02,0,0,0,0,0.018,0.05,0.051,0.119,0.101,0.152,0.154,0.175,0.135,0.138,0.178,0.201
020_AAAF,CRGRO048,2,2,2020-07-02T00:00:00Z,59,255,63,0,12,69,1,8,0,183,0.02,0,0,0,0,0.014,0.047,0.049,0.106,0.099,0.151,0.153,0.175,0.135,0.138,0.178,0.2
020_AAAF,CRGRO048,2,2,2020-07-03T00:00:00Z,60,253,61,0,12,69,1,8,0,183,0.02,0,0,0,0,0.014,0.044,0.045,0.101,0.097,0.151,0.152,0.174,0.136,0.138,0.178,0.2
020_AAAF,CRGRO048,2,2,2020-07-04T00:00:00Z,61,251,59,0,12,69,1,8,0,183,0.02,0,0,0,0,0.014,0.042,0.043,0.097,0.095,0.15,0.151,0.174,0.136,0.139,0.178,0.2
020_AAAF,CRGRO048,2,2,2020-07-05T00:00:00Z,62,254,63,0,12,74,1,8,0,183,0.03,0,0,0,0,0.079,0.053,0.043,0.095,0.093,0.149,0.15,0.173,0.136,0.139,0.178,0.2
020_AAAF,CRGRO048,2,2,2020-07-06T00:00:00Z,63,296,104,10,12,128,1,8,0,183,0.03,0,0,10.35,0,0.129,0.149,0.128,0.177,0.14,0.175,0.152,0.173,0.136,0.139,0.178,0.2
020_AAAF,CRGRO048,2,2,2020-07-07T00:00:00Z,64,302,110,10,12,137,1,8,0,183,0.03,0,0,0,0,0.132,0.116,0.107,0.19,0.165,0.2,0.181,0.177,0.136,0.139,0.178,0.2
020_AAAF,CRGRO048,2,2,2020-07-08T00:00:00Z,65,298,106,10,12,137,1,8,0,183,0.03,0,0,0,0,0.043,0.075,0.072,0.145,0.135,0.183,0.175,0.196,0.194,0.181,0.178,0.2
020_AAAF,CRGRO048,2,2,2020-07-09T00:00:00Z,66,297,105,10,12,139,1,8,0,183,0.03,0,0,0,0,0.04,0.062,0.062,0.137,0.134,0.186,0.181,0.198,0.196,0.184,0.178,0.2
020_AAAF,CRGRO048,2,2,2020-07-10T00:00:00Z,67,292,100,10,12,139,1,8,0,183,0.03,0,0,0,0,0.014,0.052,0.053,0.12,0.119,0.176,0.174,0.196,0.196,0.194,0.191,0.2
020_AAAF,CRGRO048,2,2,2020-07-11T00:00:00Z,68,288,96,10,12,139,1,8,0,183,0.03,0,0,0,0,0.014,0.05,0.051,0.109,0.11,0.172,0.171,0.195,0.196,0.194,0.191,0.2
020_AAAF,CRGRO048,2,2,2020-07-12T00:00:00Z,69,284,92,10,12,139,1,8,0,183,0.03,0,0,0,0,0.014,0.046,0.048,0.104,0.104,0.167,0.167,0.192,0.195,0.193,0.192,0.2
020_AAAF,CRGRO048,2,2,2020-07-13T00:00:00Z,70,280,88,10,12,139,1,8,0,183,0.03,0,0,0,0,0.014,0.043,0.044,0.099,0.099,0.163,0.163,0.189,0.193,0.193,0.192,0.2
020_AAAF,CRGRO048,2,2,2020-07-14T00:00:00Z,71,276,84,10,12,139,1,8,0,183,0.03,0,0,0,0,0.014,0.041,0.042,0.095,0.096,0.159,0.16,0.186,0.192,0.192,0.192,0.2
020_AAAF,CRGRO048,2,2,2020-07-15T00:00:00Z,72,273,81,10,12,139,1,8,0,183,0.03,0,0,0,0,0.014,0.038,0.04,0.093,0.093,0.156,0.157,0.183,0.19,0.191,0.192,0.2
020_AAAF,CRGRO048,2,2,2020-07-16T00:00:00Z,73,271,79,10,12,139,1,8,0,183,0.03,0,0,0,0,0.014,0.037,0.038,0.091,0.091,0.154,0.155,0.181,0.188,0.189,0.192,0.2
020_AAAF,CRGRO048,2,2,2020-07-17T00:00:00Z,74,268,77,10,12,139,1,8,0,183,0.03,0,0,0,0,0.014,0.035,0.036,0.089,0.089,0.152,0.153,0.179,0.186,0.188,0.192,0.199
020_AAAF,CRGRO048,2,2,2020-07-18T00:00:00Z,75,266,74,10,12,139,1,8,0,183,0.03,0,0,0,0,0.014,0.034,0.035,0.087,0.088,0.15,0.151,0.177,0.184,0.186,0.192,0.199
020_AAAF,CRGRO048,2,2,2020-07-19T00:00:00Z,76,264,73,10,12,139,1,8,0,183,0.03,0,0,0,0,0.014,0.033,0.034,0.086,0.086,0.148,0.149,0.176,0.182,0.184,0.192,0.199
020_AAAF,CRGRO048,2,2,2020-07-20T00:00:00Z,77,263,71,10,12,139,1,8,0,183,0.03,0,0,0,0,0.014,0.032,0.033,0.085,0.085,0.147,0.148,0.174,0.181,0.183,0.192,0.199
020_AAAF,CRGRO048,2,2,2020-07-21T00:00:00Z,78,270,78,10,12,139,2,17,0,183,0.03,0,0,0,0,0.119,0.059,0.039,0.084,0.084,0.146,0.147,0.173,0.179,0.181,0.192,0.199
020_AAAF,CRGRO048,2,2,2020-07-22T00:00:00Z,79,268,76,10,12,142,2,17,0,183,0.05,0,0,0,0,0.065,0.054,0.053,0.083,0.083,0.145,0.146,0.172,0.178,0.18,0.192,0.199
020_AAAF,CRGRO048,2,2,2020-07-23T00:00:00Z,80,267,75,10,12,144,2,17,0,183,0.06,0,0,0,0,0.046,0.053,0.05,0.089,0.083,0.144,0.145,0.171,0.177,0.18,0.192,0.199
020_AAAF,CRGRO048,2,2,2020-07-24T00:00:00Z,81,262,70,10,12,145,2,17,0,183,0.07,0,0,0,0,0.019,0.043,0.043,0.087,0.082,0.143,0.144,0.17,0.176,0.178,0.192,0.199
020_AAAF,CRGRO048,2,2,2020-07-25T00:00:00Z,82,260,68,10,12,145,2,17,0,183,0.07,0,0,0,0,0.014,0.039,0.04,0.086,0.081,0.142,0.143,0.169,0.175,0.177,0.192,0.199
020_AAAF,CRGRO048,2,2,2020-07-26T00:00:00Z,83,258,66,10,12,145,2,17,0,183,0.07,0,0,0,0,0.014,0.037,0.037,0.084,0.081,0.141,0.142,0.168,0.174,0.176,0.192,0.199
020_AAAF,CRGRO048,2,2,2020-07-27T00:00:00Z,84,257,65,10,12,145,2,17,0,183,0.07,0,0,0,0,0.014,0.035,0.035,0.083,0.08,0.14,0.142,0.168,0.173,0.175,0.192,0.199
020_AAAF,CRGRO048,2,2,2020-07-28T00:00:00Z,85,255,63,10,12,145,2,17,0,183,0.06,0,0,0,0,0.014,0.033,0.034,0.082,0.079,0.139,0.141,0.167,0.172,0.174,0.192,0.199
020_AAAF,CRGRO048,2,2,2020-07-29T00:00:00Z,86,260,68,10,12,151,2,17,0,183,0.09,0,0,0,0,0.091,0.054,0.033,0.081,0.079,0.139,0.14,0.166,0.171,0.173,0.192,0.199
020_AAAF,CRGRO048,2,2,2020-07-30T00:00:00Z,87,258,66,10,12,152,2,17,0,183,0.09,0,0,0,0,0.048,0.049,0.039,0.08,0.078,0.138,0.139,0.165,0.17,0.173,0.192,0.199
020_AAAF,CRGRO048,2,2,2020-07-31T00:00:00Z,88,254,63,10,12,152,2,17,0,183,0.09,0,0,0,0,0.017,0.042,0.037,0.08,0.078,0.137,0.139,0.165,0.169,0.172,0.192,0.199
020_AAAF,CRGRO048,2,2,2020-08-01T00:00:00Z,89,253,61,10,12,152,2,17,0,183,0.08,0,0,0,0,0.014,0.038,0.035,0.079,0.077,0.137,0.138,0.164,0.169,0.171,0.192,0.199
020_AAAF,CRGRO048,2,2,2020-08-02T00:00:00Z,90,252,60,10,12,152,2,17,0,183,0.08,0,0,0,0,0.014,0.036,0.033,0.078,0.077,0.136,0.138,0.163,0.168,0.17,0.192,0.199
020_AAAF,CRGRO048,2,2,2020-08-03T00:00:00Z,91,251,59,10,12,152,2,17,0,183,0.08,0,0,0,0,0.014,0.034,0.032,0.078,0.076,0.136,0.137,0.163,0.167,0.17,0.192,0.199
020_AAAF,CRGRO048,2,2,2020-08-04T00:00:00Z,92,259,67,10,12,152,3,26,0,183,0.12,0,0,0,0,0.121,0.06,0.04,0.077,0.076,0.135,0.136,0.162,0.167,0.169,0.192,0.199
020_AAAF,CRGRO048,2,2,2020-08-05T00:00:00Z,93,254,62,10,12,152,3,26,0,183,0.11,0,0,0,0,0.033,0.035,0.051,0.082,0.075,0.135,0.136,0.162,0.166,0.169,0.192,0.199
020_AAAF,CRGRO048,2,2,2020-08-06T00:00:00Z,94,255,63,10,12,156,3,26,0,183,0.13,0,0,0,0,0.057,0.047,0.042,0.081,0.075,0.134,0.136,0.161,0.165,0.168,0.192,0.199
020_AAAF,CRGRO048,2,2,2020-08-07T00:00:00Z,95,252,60,10,12,156,3,26,0,183,0.13,0,0,0,0,0.023,0.044,0.039,0.08,0.075,0.134,0.135,0.161,0.165,0.167,0.192,0.199
020_AAAF,CRGRO048,2,2,2020-08-08T00:00:00Z,96,250,58,10,12,156,3,26,0,183,0.13,0,0,0,0,0.014,0.04,0.037,0.079,0.074,0.133,0.135,0.16,0.164,0.167,0.192,0.199
020_AAAF,CRGRO048,2,2,2020-08-09T00:00:00Z,97,254,62,10,12,162,3,26,0,183,0.15,0,0,0,0,0.083,0.052,0.037,0.079,0.074,0.133,0.134,0.16,0.164,0.166,0.192,0.199
020_AAAF,CRGRO048,2,2,2020-08-10T00:00:00Z,98,262,70,10,12,172,3,26,0,183,0.16,0,0,0,0,0.134,0.071,0.055,0.086,0.074,0.132,0.134,0.159,0.163,0.166,0.192,0.199
020_AAAF,CRGRO048,2,2,2020-08-11T00:00:00Z,99,257,65,10,12,172,3,26,0,183,0.14,0,0,0,0,0.047,0.043,0.05,0.119,0.076,0.132,0.134,0.159,0.163,0.166,0.192,0.199
020_AAAF,CRGRO048,2,2,2020-08-12T00:00:00Z,100,264,72,10,12,182,3,26,0,183,0.17,0,0,0,0,0.115,0.069,0.056,0.109,0.083,0.132,0.134,0.159,0.163,0.166,0.192,0.199
020_AAAF,CRGRO048,2,2,2020-08-13T00:00:00Z,101,259,67,10,12,182,3,26,0,183,0.17,0,0,0,0,0.047,0.052,0.055,0.116,0.086,0.132,0.134,0.159,0.163,0.166,0.192,0.199
020_AAAF,CRGRO048,2,2,2020-08-14T00:00:00Z,102,263,71,10,12,190,3,26,0,183,0.18,0,0,0,0,0.091,0.065,0.055,0.112,0.093,0.132,0.133,0.159,0.163,0.166,0.192,0.199
020_AAAF,CRGRO048,2,2,2020-08-15T00:00:00Z,103,258,67,10,12,190,3,26,0,183,0.16,0,0,0,0,0.032,0.045,0.051,0.112,0.103,0.132,0.133,0.159,0.163,0.166,0.192,0.199
020_AAAF,CRGRO048,2,2,2020-08-16T00:00:00Z,104,254,62,10,12,190,3,26,0,183,0.14,0,0,0,0,0.014,0.042,0.045,0.097,0.097,0.132,0.133,0.158,0.162,0.165,0.192,0.199
020_AAAF,CRGRO048,2,2,2020-08-17T00:00:00Z,105,252,60,10,12,190,3,26,0,183,0.12,0,0,0,0,0.014,0.038,0.041,0.092,0.093,0.132,0.133,0.158,0.162,0.165,0.192,0.199
020_AAAF,CRGRO048,2,2,2020-08-18T00:00:00Z,106,288,96,12,12,229,3,26,0,183,0.19,0,0,1.85,0,0.167,0.15,0.095,0.146,0.122,0.139,0.132,0.158,0.161,0.165,0.192,0.198
020_AAAF,CRGRO048,2,2,2020-08-19T00:00:00Z,107,283,91,12,12,229,3,26,0,183,0.16,0,0,0,0,0.066,0.085,0.063,0.124,0.116,0.174,0.174,0.176,0.161,0.165,0.192,0.198
020_AAAF,CRGRO048,2,2,2020-08-20T00:00:00Z,108,281,89,12,12,231,3,26,0,183,0.19,0,0,0,0,0.045,0.065,0.06,0.125,0.121,0.175,0.174,0.177,0.161,0.165,0.191,0.198
020_AAAF,CRGRO048,2,2,2020-08-21T00:00:00Z,109,279,87,12,12,231,3,26,0,183,0.18,0,0,0,0,0.035,0.055,0.056,0.122,0.12,0.176,0.174,0.178,0.161,0.165,0.191,0.198
020_AAAF,CRGRO048,2,2,2020-08-22T00:00:00Z,110,278,86,12,12,232,3,26,0,183,0.19,0,0,0,0,0.043,0.054,0.055,0.118,0.118,0.174,0.175,0.177,0.161,0.165,0.191,0.198
020_AAAF,CRGRO048,2,2,2020-08-23T00:00:00Z,111,277,85,12,12,233,3,26,0,183,0.19,0,0,0,0,0.044,0.054,0.054,0.115,0.115,0.173,0.174,0.177,0.162,0.165,0.191,0.198
020_AAAF,CRGRO048,2,2,2020-08-24T00:00:00Z,112,304,112,12,12,261,3,26,0,183,0.2,0,0,0.15,0,0.158,0.142,0.088,0.148,0.133,0.181,0.177,0.18,0.162,0.165,0.191,0.198
020_AAAF,CRGRO048,2,2,2020-08-25T00:00:00Z,113,319,127,12,12,281,3,26,0,183,0.2,0,0,0.02,0,0.139,0.147,0.11,0.182,0.157,0.198,0.188,0.191,0.162,0.165,0.191,0.198
020_AAAF,CRGRO048,2,2,2020-08-26T00:00:00Z,114,316,124,12,12,281,3,26,0,183,0.2,0,0,0,0,0.069,0.096,0.091,0.178,0.165,0.209,0.198,0.201,0.176,0.165,0.191,0.198
020_AAAF,CRGRO048,2,2,2020-08-27T00:00:00Z,115,311,119,12,12,281,3,26,0,183,0.18,0,0,0,0,0.029,0.066,0.063,0.138,0.133,0.186,0.181,0.196,0.249,0.194,0.202,0.198
020_AAAF,CRGRO048,2,2,2020-08-28T00:00:00Z,116,302,110,12,17,281,3,26,0,183,0.15,0,0,0,0,0.014,0.052,0.053,0.121,0.119,0.176,0.174,0.195,0.234,0.193,0.205,0.205
020_AAAF,CRGRO048,2,2,2020-08-29T00:00:00Z,117,296,104,12,21,281,3,26,0,183,0.13,0,0,0,0,0.014,0.05,0.052,0.115,0.114,0.173,0.172,0.194,0.209,0.193,0.205,0.205
020_AAAF,CRGRO048,2,2,2020-08-30T00:00:00Z,118,330,138,14,21,320,3,26,0,183,0.21,0,0,1.67,0,0.167,0.15,0.102,0.159,0.137,0.183,0.178,0.197,0.199,0.196,0.206,0.207
020_AAAF,CRGRO048,2,2,2020-08-31T00:00:00Z,119,330,138,14,21,323,3,26,0,183,0.2,0,0,0,0,0.114,0.107,0.093,0.171,0.153,0.197,0.188,0.2,0.201,0.198,0.207,0.207
020_AAAF,CRGRO048,2,2,2020-09-01T00:00:00Z,120,318,126,14,29,323,3,26,0,183,0.17,0,0,0,0,0.049,0.07,0.064,0.135,0.129,0.181,0.177,0.196,0.268,0.198,0.207,0.207
020_AAAF,CRGRO048,2,2,2020-09-02T00:00:00Z,121,307,115,14,36,323,3,26,0,183,0.15,0,0,0,0,0.024,0.055,0.054,0.121,0.119,0.175,0.173,0.195,0.249,0.197,0.207,0.207
020_AAAF,CRGRO048,2,2,2020-09-03T00:00:00Z,122,297,105,14,41,323,3,26,0,183,0.13,0,0,0,0,0.014,0.052,0.052,0.112,0.112,0.171,0.171,0.194,0.215,0.194,0.207,0.207
020_AAAF,CRGRO048,2,2,2020-09-04T00:00:00Z,123,291,99,14,43,323,3,26,0,183,0.11,0,0,0,0,0.014,0.049,0.049,0.106,0.106,0.168,0.167,0.191,0.2,0.192,0.207,0.207
020_AAAF,CRGRO048,2,2,2020-09-05T00:00:00Z,124,286,95,14,43,323,3,26,0,183,0.1,0,0,0,0,0.014,0.046,0.046,0.101,0.102,0.164,0.164,0.188,0.194,0.192,0.207,0.207
020_AAAF,CRGRO048,2,2,2020-09-06T00:00:00Z,125,284,92,14,43,323,3,26,0,183,0.08,0,0,0,0,0.014,0.044,0.045,0.099,0.1,0.162,0.162,0.187,0.192,0.19,0.207,0.207
020_AAAF,CRGRO048,2,2,2020-09-07T00:00:00Z,126,281,89,14,43,323,3,26,0,183,0.07,0,0,0,0,0.014,0.041,0.042,0.096,0.097,0.159,0.159,0.184,0.188,0.188,0.207,0.207
020_AAAF,CRGRO048,2,2,2020-09-08T00:00:00Z,127,278,86,14,43,323,3,26,0,183,0.06,0,0,0,0,0.014,0.039,0.041,0.094,0.095,0.156,0.157,0.182,0.186,0.185,0.207,0.207
020_AAAF,CRGRO048,2,2,2020-09-09T00:00:00Z,128,286,95,14,43,333,3,26,0,183,0.22,0,0,0,0,0.132,0.065,0.053,0.093,0.094,0.155,0.155,0.181,0.184,0.184,0.207,0.207
020_AAAF,CRGRO048,2,2,2020-09-10T00:00:00Z,129,295,103,14,43,344,3,26,0,183,0.2,0,0,0,0,0.152,0.086,0.067,0.123,0.099,0.154,0.155,0.18,0.183,0.184,0.207,0.207
020_AAAF,CRGRO048,2,2,2020-09-11T00:00:00Z,130,294,102,14,43,346,3,26,0,183,0.22,0,0,0,0,0.102,0.077,0.066,0.131,0.122,0.154,0.155,0.18,0.183,0.183,0.207,0.207
020_AAAF,CRGRO048,2,2,2020-09-12T00:00:00Z,131,291,99,14,43,346,3,26,0,183,0.22,0,0,0,0,0.058,0.063,0.06,0.129,0.123,0.167,0.154,0.18,0.183,0.183,0.207,0.207
020_AAAF,CRGRO048,2,2,2020-09-13T00:00:00Z,132,289,98,14,43,347,3,26,0,183,0.22,0,0,0,0,0.048,0.056,0.056,0.123,0.122,0.175,0.154,0.18,0.183,0.183,0.207,0.207
020_AAAF,CRGRO048,2,2,2020-09-14T00:00:00Z,133,287,96,14,43,348,3,26,0,183,0.22,0,0,0,0,0.043,0.053,0.053,0.117,0.117,0.174,0.157,0.179,0.182,0.183,0.207,0.207
020_AAAF,CRGRO048,2,2,2020-09-15T00:00:00Z,134,288,97,14,43,350,3,26,0,183,0.23,0,0,0,0,0.064,0.056,0.054,0.118,0.114,0.172,0.157,0.179,0.182,0.183,0.207,0.207
020_AAAF,CRGRO048,2,2,2020-09-16T00:00:00Z,135,298,106,14,43,360,3,26,0,183,0.25,0,0,0,0,0.145,0.076,0.063,0.126,0.121,0.175,0.157,0.179,0.182,0.183,0.207,0.207
020_AAAF,CRGRO048,2,2,2020-09-17T00:00:00Z,136,302,110,14,43,367,3,26,0,183,0.21,0,0,0,0,0.141,0.082,0.068,0.133,0.126,0.179,0.166,0.179,0.182,0.183,0.207,0.207
020_AAAF,CRGRO048,2,2,2020-09-18T00:00:00Z,137,300,108,14,43,367,3,26,0,183,0.18,0,0,0,0,0.081,0.063,0.057,0.123,0.12,0.175,0.174,0.196,0.192,0.183,0.207,0.207
020_AAAF,CRGRO048,2,2,2020-09-19T00:00:00Z,138,298,106,14,43,367,3,26,0,183,0.15,0,0,0,0,0.054,0.055,0.054,0.118,0.118,0.174,0.173,0.195,0.194,0.193,0.207,0.207
020_AAAF,CRGRO048,2,2,2020-09-20T00:00:00Z,139,297,105,14,43,367,3,26,0,183,0.13,0,0,0,0,0.044,0.054,0.053,0.115,0.116,0.173,0.172,0.195,0.193,0.193,0.207,0.207
020_AAAF,CRGRO048,2,2,2020-09-21T00:00:00Z,140,293,101,14,43,367,3,26,0,183,0.11,0,0,0,0,0.026,0.052,0.051,0.111,0.112,0.171,0.17,0.193,0.192,0.192,0.207,0.207
020_AAAF,CRGRO048,2,2,2020-09-22T00:00:00Z,141,290,98,14,43,367,3,26,0,183,0.1,0,0,0,0,0.014,0.05,0.05,0.107,0.108,0.168,0.168,0.192,0.191,0.191,0.207,0.207
020_AAAF,CRGRO048,2,2,2020-09-23T00:00:00Z,142,288,96,14,43,367,3,26,0,183,0.08,0,0,0,0,0.014,0.048,0.048,0.105,0.106,0.166,0.166,0.19,0.19,0.19,0.207,0.207
020_AAAF,CRGRO048,2,2,2020-09-24T00:00:00Z,143,285,94,14,43,367,3,26,0,183,0.07,0,0,0,0,0.014,0.046,0.047,0.102,0.103,0.164,0.164,0.189,0.188,0.189,0.207,0.207
020_AAAF,CRGRO048,2,2,2020-09-25T00:00:00Z,144,285,94,14,43,370,3,26,0,183,0.24,0,0,0,0,0.061,0.049,0.045,0.099,0.1,0.162,0.162,0.187,0.187,0.187,0.207,0.207
020_AAAF,CRGRO048,2,2,2020-09-26T00:00:00Z,145,282,90,14,43,370,3,26,0,183,0.2,0,0,0,0,0.037,0.049,0.043,0.097,0.098,0.16,0.16,0.185,0.185,0.186,0.206,0.207
020_AAAF,CRGRO048,2,2,2020-09-27T00:00:00Z,146,282,90,14,43,370,3,26,0,183,0.25,0,0,0,0,0.046,0.047,0.043,0.097,0.098,0.159,0.159,0.184,0.185,0.185,0.206,0.207
020_AAAF,CRGRO048,2,2,2020-09-28T00:00:00Z,147,282,90,14,43,373,3,26,0,183,0.23,0,0,0,0,0.063,0.054,0.045,0.095,0.096,0.157,0.158,0.183,0.183,0.184,0.206,0.207
020_AAAF,CRGRO048,2,2,2020-09-29T00:00:00Z,148,301,110,14,43,394,3,26,0,183,0.25,0,0,0,0,0.157,0.113,0.074,0.128,0.109,0.157,0.157,0.182,0.183,0.184,0.206,0.207
020_AAAF,CRGRO048,3,3,2020-05-04T00:00:00Z,0,256,64,0,0,0,0,0,0,174,0,0,0,0,0,0.086,0.086,0.086,0.086,0.086,0.118,0.118,0.135,0.129,0.129,0.178,0.258
020_AAAF,CRGRO048,3,3,2020-05-05T00:00:00Z,1,252,61,0,7,0,1,8,0,179,0,0,0,0,0,0.064,0.086,0.079,0.13,0.1,0.118,0.118,0.135,0.129,0.129,0.178,0.228
020_AAAF,CRGRO048,3,3,2020-05-06T00:00:00Z,2,247,55,0,10,0,1,8,0,181,0,0,0,0,0,0.013,0.066,0.063,0.123,0.119,0.146,0.118,0.135,0.129,0.129,0.178,0.214
020_AAAF,CRGRO048,3,3,2020-05-07T00:00:00Z,3,246,54,0,12,0,1,8,0,182,0,0,0,0,0,0.014,0.058,0.057,0.121,0.119,0.162,0.118,0.135,0.129,0.13,0.178,0.209
020_AAAF,CRGRO048,3,3,2020-05-08T00:00:00Z,4,245,53,0,12,0,1,8,0,183,0,0,0,0,0,0.014,0.054,0.055,0.121,0.119,0.167,0.119,0.135,0.129,0.13,0.178,0.206
020_AAAF,CRGRO048,3,3,2020-05-09T00:00:00Z,5,245,53,0,12,0,1,8,0,183,0,0,0,0,0,0.014,0.054,0.055,0.121,0.119,0.167,0.119,0.135,0.129,0.13,0.178,0.206
020_AAAF,CRGRO048,3,3,2020-05-10T00:00:00Z,6,245,53,0,12,0,1,8,0,183,0,0,0,0,0,0.014,0.053,0.055,0.121,0.119,0.166,0.119,0.135,0.129,0.13,0.178,0.206
020_AAAF,CRGRO048,3,3,2020-05-11T00:00:00Z,7,245,53,0,12,0,1,8,0,183,0,0,0,0,0,0.014,0.053,0.055,0.121,0.119,0.166,0.12,0.135,0.129,0.13,0.178,0.206
020_AAAF,CRGRO048,3,3,2020-05-12T00:00:00Z,8,245,53,0,12,0,1,8,0,183,0,0,0,0,0,0.014,0.052,0.055,0.121,0.118,0.166,0.12,0.135,0.129,0.13,0.178,0.206
020_AAAF,CRGRO048,3,3,2020-05-13T00:00:00Z,9,245,53,0,12,0,1,8,0,183,0,0,0,0,0,0.014,0.052,0.055,0.121,0.118,0.166,0.12,0.135,0.129,0.131,0.178,0.206
020_AAAF,CRGRO048,3,3,2020-05-14T00:00:00Z,10,245,53,0,12,0,1,8,0,183,0,0,0,0,0,0.014,0.051,0.055,0.121,0.118,0.165,0.121,0.135,0.129,0.131,0.178,0.206
020_AAAF,CRGRO048,3,3,2020-05-15T00:00:00Z,11,245,53,0,12,0,1,8,0,183,0,0,0,0,0,0.014,0.051,0.055,0.121,0.118,0.165,0.121,0.135,0.129,0.131,0.178,0.205
020_AAAF,CRGRO048,3,3,2020-05-16T00:00:00Z,12,245,53,0,12,0,1,8,0,183,0,0,0,0,0,0.014,0.05,0.055,0.121,0.118,0.165,0.122,0.135,0.129,0.131,0.178,0.205
020_AAAF,CRGRO048,3,3,2020-05-17T00:00:00Z,13,245,53,0,12,0,1,8,0,183,0,0,0,0,0,0.014,0.05,0.055,0.12,0.118,0.164,0.122,0.135,0.129,0.131,0.178,0.205
020_AAAF,CRGRO048,3,3,2020-05-18T00:00:00Z,14,245,53,0,12,0,1,8,0,183,0,0,0,0,0,0.014,0.049,0.055,0.12,0.118,0.164,0.122,0.135,0.129,0.131,0.178,0.205
020_AAAF,CRGRO048,3,3,2020-05-19T00:00:00Z,15,244,53,0,12,0,1,8,0,183,0,0,0,0,0,0.014,0.049,0.054,0.12,0.118,0.164,0.123,0.135,0.129,0.132,0.178,0.205
020_AAAF,CRGRO048,3,3,2020-05-20T00:00:00Z,16,261,70,0,12,17,1,8,0,183,0,0,0,0,0,0.167,0.088,0.068,0.133,0.126,0.173,0.123,0.135,0.129,0.132,0.178,0.205
020_AAAF,CRGRO048,3,3,2020-05-21T00:00:00Z,17,261,69,0,12,21,1,8,0,183,0,0,0,0,0,0.067,0.087,0.072,0.142,0.134,0.182,0.135,0.135,0.129,0.132,0.178,0.205
020_AAAF,CRGRO048,3,3,2020-05-22T00:00:00Z,18,261,69,0,12,23,1,8,0,183,0,0,0,0,0,0.024,0.072,0.068,0.142,0.138,0.187,0.154,0.135,0.129,0.132,0.178,0.205
020_AAAF,CRGRO048,3,3,2020-05-23T00:00:00Z,19,260,68,0,12,23,1,8,0,183,0,0,0,0,0,0.02,0.059,0.062,0.136,0.136,0.188,0.174,0.135,0.129,0.132,0.178,0.205
020_AAAF,CRGRO048,3,3,2020-05-24T00:00:00Z,20,260,68,0,12,23,1,8,0,183,0,0,0,0,0,0.014,0.054,0.056,0.126,0.126,0.18,0.174,0.151,0.129,0.132,0.178,0.204
020_AAAF,CRGRO048,3,3,2020-05-25T00:00:00Z,21,261,69,0,12,25,1,8,0,183,0,0,0,0,0,0.05,0.053,0.055,0.122,0.123,0.179,0.176,0.153,0.129,0.133,0.178,0.204
020_AAAF,CRGRO048,3,3,2020-05-26T00:00:00Z,22,263,71,0,12,28,1,8,0,183,0,0,0,0,0,0.045,0.06,0.057,0.123,0.123,0.178,0.177,0.155,0.129,0.133,0.178,0.204
020_AAAF,CRGRO048,3,3,2020-05-27T00:00:00Z,23,261,69,0,12,28,1,8,0,183,0,0,0,0,0,0.02,0.055,0.055,0.123,0.123,0.178,0.177,0.157,0.129,0.133,0.178,0.204
020_AAAF,CRGRO048,3,3,2020-05-28T00:00:00Z,24,261,69,0,12,28,1,8,0,183,0,0,0,0,0,0.014,0.054,0.055,0.12,0.12,0.175,0.175,0.161,0.129,0.133,0.178,0.204
020_AAAF,CRGRO048,3,3,2020-05-29T00:00:00Z,25,260,69,0,12,28,1,8,0,183,0,0,0,0,0,0.014,0.052,0.054,0.119,0.12,0.175,0.175,0.161,0.13,0.133,0.178,0.204
020_AAAF,CRGRO048,3,3,2020-05-30T00:00:00Z,26,260,68,0,12,28,1,8,0,183,0,0,0,0,0,0.014,0.051,0.053,0.118,0.12,0.175,0.175,0.161,0.13,0.133,0.178,0.204
020_AAAF,CRGRO048,3,3,2020-05-31T00:00:00Z,27,260,68,0,12,28,1,8,0,183,0,0,0,0,0,0.014,0.05,0.053,0.117,0.119,0.175,0.174,0.161,0.13,0.134,0.178,0.204
020_AAAF,CRGRO048,3,3,2020-06-01T00:00:00Z,28,259,67,0,12,28,1,8,0,183,0,0,0,0,0,0.014,0.049,0.052,0.116,0.118,0.175,0.174,0.161,0.13,0.134,0.178,0.204
020_AAAF,CRGRO048,3,3,2020-06-02T00:00:00Z,29,259,67,0,12,28,1,8,0,183,0,0,0,0,0,0.014,0.048,0.051,0.115,0.117,0.175,0.174,0.161,0.13,0.134,0.178,0.203
020_AAAF,CRGRO048,3,3,2020-06-03T00:00:00Z,30,258,66,0,12,28,1,8,0,183,0,0,0,0,0,0.014,0.047,0.051,0.114,0.116,0.175,0.174,0.161,0.13,0.134,0.178,0.203
020_AAAF,CRGRO048,3,3,2020-06-04T00:00:00Z,31,258,66,0,12,28,1,8,0,183,0,0,0,0,0,0.014,0.046,0.05,0.113,0.115,0.175,0.174,0.161,0.13,0.134,0.178,0.203
020_AAAF,CRGRO048,3,3,2020-06-05T00:00:00Z,32,257,66,0,12,28,1,8,0,183,0,0,0,0,0,0.014,0.045,0.049,0.111,0.114,0.175,0.173,0.161,0.13,0.134,0.178,0.203
020_AAAF,CRGRO048,3,3,2020-06-06T00:00:00Z,33,258,66,0,12,29,1,8,0,183,0,0,0,0,0,0.024,0.045,0.049,0.111,0.113,0.174,0.173,0.161,0.13,0.135,0.178,0.203
020_AAAF,CRGRO048,3,3,2020-06-07T00:00:00Z,34,267,75,0,12,39,1,8,0,183,0,0,0,0,0,0.125,0.068,0.057,0.121,0.113,0.174,0.173,0.161,0.131,0.135,0.178,0.203
020_AAAF,CRGRO048,3,3,2020-06-08T00:00:00Z,35,265,74,0,12,42,1,8,0,183,0,0,0,0,0,0.031,0.071,0.062,0.127,0.121,0.175,0.175,0.161,0.131,0.135,0.178,0.203
020_AAAF,CRGRO048,3,3,2020-06-09T00:00:00Z,36,272,80,0,12,50,1,8,0,183,0,0,0,0,0,0.103,0.073,0.065,0.132,0.127,0.179,0.177,0.164,0.131,0.135,0.178,0.203
020_AAAF,CRGRO048,3,3,2020-06-10T00:00:00Z,37,269,77,0,12,51,1,8,0,183,0,0,0,0,0,0.013,0.066,0.062,0.133,0.129,0.182,0.18,0.168,0.131,0.135,0.178,0.203
020_AAAF,CRGRO048,3,3,2020-06-11T00:00:00Z,38,270,78,0,12,53,1,8,0,183,0,0,0,0,0,0.057,0.055,0.057,0.127,0.127,0.182,0.181,0.173,0.131,0.135,0.178,0.203
020_AAAF,CRGRO048,3,3,2020-06-12T00:00:00Z,39,268,76,0,12,53,1,8,0,183,0,0,0,0,0,0.022,0.055,0.055,0.124,0.124,0.18,0.18,0.177,0.131,0.135,0.178,0.202
020_AAAF,CRGRO048,3,3,2020-06-13T00:00:00Z,40,266,74,0,12,53,1,8,0,183,0,0,0,0,0,0.014,0.053,0.054,0.116,0.117,0.175,0.176,0.183,0.131,0.136,0.178,0.202
020_AAAF,CRGRO048,3,3,2020-06-14T00:00:00Z,41,265,73,0,12,53,1,8,0,183,0,0,0,0,0,0.014,0.05,0.052,0.112,0.114,0.174,0.175,0.183,0.132,0.136,0.178,0.202
020_AAAF,CRGRO048,3,3,2020-06-15T00:00:00Z,42,263,72,0,12,53,1,8,0,183,0,0,0,0,0,0.014,0.048,0.05,0.11,0.111,0.173,0.174,0.183,0.132,0.136,0.178,0.202
020_AAAF,CRGRO048,3,3,2020-06-16T00:00:00Z,43,263,71,0,12,53,1,8,0,183,0,0,0,0,0,0.014,0.047,0.049,0.108,0.11,0.172,0.173,0.182,0.132,0.136,0.178,0.202
020_AAAF,CRGRO048,3,3,2020-06-17T00:00:00Z,44,261,70,0,12,53,1,8,0,183,0,0,0,0,0,0.014,0.046,0.048,0.106,0.107,0.17,0.172,0.182,0.132,0.136,0.178,0.202
020_AAAF,CRGRO048,3,3,2020-06-18T00:00:00Z,45,260,68,0,12,53,1,8,0,183,0,0,0,0,0,0.014,0.044,0.047,0.104,0.105,0.169,0.171,0.182,0.133,0.136,0.178,0.202
020_AAAF,CRGRO048,3,3,2020-06-19T00:00:00Z,46,260,68,0,12,54,1,8,0,183,0,0,0,0,0,0.03,0.043,0.045,0.102,0.104,0.167,0.169,0.182,0.133,0.136,0.178,0.202
020_AAAF,CRGRO048,3,3,2020-06-20T00:00:00Z,47,258,66,0,12,55,1,8,0,183,0,0,0,0,0,0.02,0.042,0.044,0.101,0.102,0.165,0.168,0.181,0.133,0.137,0.178,0.202
020_AAAF,CRGRO048,3,3,2020-06-21T00:00:00Z,48,257,65,0,12,55,1,8,0,183,0,0,0,0,0,0.014,0.041,0.043,0.099,0.1,0.164,0.166,0.181,0.133,0.137,0.178,0.202
020_AAAF,CRGRO048,3,3,2020-06-22T00:00:00Z,49,256,64,0,12,55,1,8,0,183,0,0,0,0,0,0.014,0.04,0.042,0.098,0.099,0.162,0.164,0.181,0.133,0.137,0.178,0.201
020_AAAF,CRGRO048,3,3,2020-06-23T00:00:00Z,50,255,63,0,12,55,1,8,0,183,0,0,0,0,0,0.014,0.039,0.041,0.096,0.097,0.161,0.163,0.18,0.134,0.137,0.178,0.201
020_AAAF,CRGRO048,3,3,2020-06-24T00:00:00Z,51,262,70,0,12,55,2,15,0,183,0,0,0,0,0,0.105,0.059,0.047,0.095,0.096,0.159,0.161,0.18,0.134,0.137,0.178,0.201
020_AAAF,CRGRO048,3,3,2020-06-25T00:00:00Z,52,258,66,0,12,55,2,15,0,183,0.01,0,0,0,0,0.021,0.052,0.052,0.104,0.096,0.159,0.161,0.179,0.134,0.137,0.178,0.201
020_AAAF,CRGRO048,3,3,2020-06-26T00:00:00Z,53,256,64,0,12,55,2,15,0,183,0.01,0,0,0,0,0.014,0.048,0.049,0.101,0.095,0.157,0.16,0.179,0.134,0.137,0.178,0.201
020_AAAF,CRGRO048,3,3,2020-06-27T00:00:00Z,54,255,63,0,12,55,2,15,0,183,0.01,0,0,0,0,0.024,0.045,0.046,0.098,0.094,0.156,0.158,0.178,0.135,0.138,0.178,0.201
020_AAAF,CRGRO048,3,3,2020-06-28T00:00:00Z,55,253,61,0,12,55,2,15,0,183,0.01,0,0,0,0,0.014,0.043,0.044,0.096,0.093,0.155,0.157,0.177,0.135,0.138,0.178,0.201
020_AAAF,CRGRO048,3,3,2020-06-29T00:00:00Z,56,252,60,0,12,55,2,15,0,183,0.01,0,0,0,0,0.014,0.041,0.042,0.095,0.092,0.154,0.156,0.177,0.135,0.138,0.178,0.201
020_AAAF,CRGRO048,3,3,2020-06-30T00:00:00Z,57,264,73,0,12,69,2,15,0,183,0.02,0,0,0,0,0.161,0.072,0.055,0.102,0.091,0.153,0.155,0.176,0.135,0.138,0.178,0.201
020_AAAF,CRGRO048,3,3,2020-07-01T00:00:00Z,58,259,67,0,12,69,2,15,0,183,0.02,0,0,0,0,0.023,0.051,0.053,0.118,0.114,0.152,0.154,0.176,0.135,0.138,0.178,0.201
020_AAAF,CRGRO048,3,3,2020-07-02T00:00:00Z,59,256,64,0,12,69,2,15,0,183,0.02,0,0,0,0,0.014,0.048,0.05,0.107,0.107,0.152,0.154,0.175,0.135,0.138,0.178,0.2
020_AAAF,CRGRO048,3,3,2020-07-03T00:00:00Z,60,253,61,0,12,69,2,15,0,183,0.02,0,0,0,0,0.014,0.044,0.046,0.101,0.101,0.151,0.152,0.174,0.136,0.138,0.178,0.2
020_AAAF,CRGRO048,3,3,2020-07-04T00:00:00Z,61,251,59,0,12,69,2,15,0,183,0.02,0,0,0,0,0.014,0.042,0.043,0.097,0.097,0.15,0.151,0.174,0.136,0.139,0.178,0.2
020_AAAF,CRGRO048,3,3,2020-07-05T00:00:00Z,62,255,63,0,12,74,2,15,0,183,0.03,0,0,0,0,0.079,0.053,0.043,0.095,0.095,0.149,0.15,0.173,0.136,0.139,0.178,0.2
020_AAAF,CRGRO048,3,3,2020-07-06T00:00:00Z,63,296,104,10,12,128,2,15,0,183,0.03,0,0,10.36,0,0.132,0.149,0.128,0.176,0.14,0.176,0.153,0.172,0.136,0.139,0.178,0.2
020_AAAF,CRGRO048,3,3,2020-07-07T00:00:00Z,64,302,110,10,12,137,2,15,0,183,0.03,0,0,0,0,0.136,0.116,0.107,0.19,0.165,0.2,0.181,0.177,0.136,0.139,0.178,0.2
020_AAAF,CRGRO048,3,3,2020-07-08T00:00:00Z,65,298,106,10,12,137,2,15,0,183,0.03,0,0,0,0,0.049,0.075,0.071,0.145,0.135,0.183,0.175,0.196,0.194,0.182,0.178,0.2
020_AAAF,CRGRO048,3,3,2020-07-09T00:00:00Z,66,297,105,10,12,139,2,15,0,183,0.03,0,0,0,0,0.037,0.063,0.062,0.137,0.134,0.186,0.181,0.198,0.196,0.185,0.178,0.2
020_AAAF,CRGRO048,3,3,2020-07-10T00:00:00Z,67,292,100,10,12,139,2,15,0,183,0.03,0,0,0,0,0.014,0.052,0.053,0.12,0.118,0.176,0.174,0.196,0.196,0.194,0.193,0.2
020_AAAF,CRGRO048,3,3,2020-07-11T00:00:00Z,68,288,96,10,12,139,2,15,0,183,0.03,0,0,0,0,0.014,0.049,0.05,0.108,0.109,0.171,0.17,0.194,0.196,0.194,0.193,0.2
020_AAAF,CRGRO048,3,3,2020-07-12T00:00:00Z,69,283,91,10,12,139,2,15,0,183,0.03,0,0,0,0,0.014,0.046,0.047,0.102,0.103,0.166,0.166,0.191,0.195,0.193,0.193,0.2
020_AAAF,CRGRO048,3,3,2020-07-13T00:00:00Z,70,279,87,10,12,139,2,15,0,183,0.03,0,0,0,0,0.014,0.042,0.043,0.097,0.098,0.161,0.161,0.187,0.193,0.193,0.193,0.2
020_AAAF,CRGRO048,3,3,2020-07-14T00:00:00Z,71,275,83,10,12,139,2,15,0,183,0.03,0,0,0,0,0.014,0.04,0.041,0.094,0.094,0.158,0.158,0.184,0.191,0.192,0.193,0.2
020_AAAF,CRGRO048,3,3,2020-07-15T00:00:00Z,72,280,88,10,12,139,3,23,0,183,0.03,0,0,0,0,0.105,0.058,0.046,0.092,0.092,0.155,0.156,0.182,0.189,0.191,0.193,0.2
020_AAAF,CRGRO048,3,3,2020-07-16T00:00:00Z,73,274,83,10,12,139,3,23,0,183,0.03,0,0,0,0,0.027,0.043,0.05,0.097,0.09,0.153,0.154,0.18,0.188,0.189,0.193,0.2
020_AAAF,CRGRO048,3,3,2020-07-17T00:00:00Z,74,270,78,10,12,139,3,23,0,183,0.03,0,0,0,0,0.014,0.04,0.044,0.094,0.089,0.151,0.152,0.178,0.186,0.188,0.193,0.2
020_AAAF,CRGRO048,3,3,2020-07-18T00:00:00Z,75,268,76,10,12,139,3,23,0,183,0.03,0,0,0,0,0.014,0.038,0.04,0.091,0.087,0.149,0.15,0.177,0.184,0.186,0.193,0.199
020_AAAF,CRGRO048,3,3,2020-07-19T00:00:00Z,76,273,81,10,12,139,4,31,0,183,0.03,0,0,0,0,0.106,0.058,0.045,0.089,0.086,0.148,0.149,0.175,0.182,0.184,0.193,0.199
020_AAAF,CRGRO048,3,3,2020-07-20T00:00:00Z,77,268,76,10,12,139,4,31,0,183,0.03,0,0,0,0,0.03,0.041,0.05,0.093,0.085,0.147,0.148,0.174,0.181,0.183,0.193,0.199
020_AAAF,CRGRO048,3,3,2020-07-21T00:00:00Z,78,264,72,10,12,139,4,31,0,183,0.03,0,0,0,0,0.014,0.039,0.043,0.09,0.084,0.145,0.146,0.172,0.179,0.182,0.193,0.199
020_AAAF,CRGRO048,3,3,2020-07-22T00:00:00Z,79,272,80,10,12,142,5,38,0,183,0.05,0,0,0,0,0.13,0.063,0.051,0.088,0.083,0.144,0.145,0.171,0.178,0.18,0.193,0.199
020_AAAF,CRGRO048,3,3,2020-07-23T00:00:00Z,80,271,79,10,12,144,5,38,0,183,0.06,0,0,0,0,0.079,0.056,0.056,0.102,0.083,0.143,0.145,0.171,0.177,0.18,0.193,0.199
020_AAAF,CRGRO048,3,3,2020-07-24T00:00:00Z,81,266,74,10,12,145,5,38,0,183,0.06,0,0,0,0,0.031,0.049,0.048,0.104,0.082,0.143,0.144,0.17,0.176,0.179,0.193,0.199
020_AAAF,CRGRO048,3,3,2020-07-25T00:00:00Z,82,262,71,10,12,145,5,38,0,183,0.07,0,0,0,0,0.014,0.044,0.044,0.097,0.082,0.142,0.143,0.169,0.175,0.178,0.193,0.199
020_AAAF,CRGRO048,3,3,2020-07-26T00:00:00Z,83,260,68,10,12,145,5,38,0,183,0.06,0,0,0,0,0.014,0.039,0.04,0.092,0.081,0.141,0.142,0.168,0.174,0.177,0.193,0.199
020_AAAF,CRGRO048,3,3,2020-07-27T00:00:00Z,84,266,74,10,12,145,6,46,0,183,0.06,0,0,0,0,0.106,0.057,0.044,0.089,0.08,0.14,0.141,0.167,0.173,0.176,0.193,0.199
020_AAAF,CRGRO048,3,3,2020-07-28T00:00:00Z,85,261,69,10,12,145,6,46,0,183,0.06,0,0,0,0,0.037,0.04,0.05,0.093,0.08,0.139,0.141,0.167,0.172,0.175,0.193,0.199
020_AAAF,CRGRO048,3,3,2020-07-29T00:00:00Z,86,265,73,10,12,151,6,46,0,183,0.09,0,0,0,0,0.089,0.057,0.049,0.093,0.08,0.139,0.14,0.166,0.172,0.174,0.193,0.199
020_AAAF,CRGRO048,3,3,2020-07-30T00:00:00Z,87,263,71,10,12,152,6,46,0,183,0.09,0,0,0,0,0.053,0.051,0.051,0.095,0.079,0.139,0.14,0.166,0.171,0.174,0.193,0.199
020_AAAF,CRGRO048,3,3,2020-07-31T00:00:00Z,88,258,67,10,12,152,6,46,0,183,0.08,0,0,0,0,0.03,0.043,0.043,0.092,0.079,0.138,0.139,0.165,0.17,0.173,0.193,0.199
020_AAAF,CRGRO048,3,3,2020-08-01T00:00:00Z,89,256,64,10,12,152,6,46,0,183,0.08,0,0,0,0,0.014,0.039,0.039,0.089,0.078,0.137,0.139,0.164,0.169,0.172,0.193,0.199
020_AAAF,CRGRO048,3,3,2020-08-02T00:00:00Z,90,262,70,10,12,152,7,54,0,183,0.08,0,0,0,0,0.107,0.057,0.044,0.086,0.078,0.136,0.138,0.164,0.169,0.171,0.193,0.199
020_AAAF,CRGRO048,3,3,2020-08-03T00:00:00Z,91,257,65,10,12,152,7,54,0,183,0.08,0,0,0,0,0.036,0.038,0.05,0.09,0.077,0.136,0.137,0.163,0.168,0.171,0.193,0.199
020_AAAF,CRGRO048,3,3,2020-08-04T00:00:00Z,92,254,62,10,12,152,7,54,0,183,0.11,0,0,0,0,0.028,0.036,0.041,0.088,0.077,0.135,0.137,0.162,0.167,0.17,0.193,0.199
020_AAAF,CRGRO048,3,3,2020-08-05T00:00:00Z,93,252,60,10,12,152,7,54,0,183,0.11,0,0,0,0,0.013,0.034,0.038,0.085,0.076,0.135,0.136,0.162,0.166,0.169,0.193,0.199
020_AAAF,CRGRO048,3,3,2020-08-06T00:00:00Z,94,263,71,10,12,156,8,62,0,183,0.12,0,0,0,0,0.145,0.065,0.05,0.084,0.076,0.134,0.136,0.161,0.166,0.168,0.193,0.199
020_AAAF,CRGRO048,3,3,2020-08-07T00:00:00Z,95,259,67,10,12,156,8,62,0,183,0.13,0,0,0,0,0.07,0.049,0.055,0.094,0.076,0.134,0.135,0.161,0.165,0.168,0.193,0.199
020_AAAF,CRGRO048,3,3,2020-08-08T00:00:00Z,96,255,64,10,12,156,8,62,0,183,0.12,0,0,0,0,0.032,0.049,0.046,0.093,0.076,0.134,0.135,0.161,0.165,0.168,0.193,0.199
020_AAAF,CRGRO048,3,3,2020-08-09T00:00:00Z,97,257,65,10,12,162,8,62,0,183,0.14,0,0,0,0,0.075,0.052,0.048,0.09,0.076,0.133,0.135,0.16,0.164,0.167,0.193,0.199
020_AAAF,CRGRO048,3,3,2020-08-10T00:00:00Z,98,265,73,10,12,172,8,62,0,183,0.14,0,0,0,0,0.135,0.072,0.057,0.106,0.076,0.133,0.134,0.16,0.164,0.167,0.193,0.199
020_AAAF,CRGRO048,3,3,2020-08-11T00:00:00Z,99,261,69,10,12,172,8,62,0,183,0.13,0,0,0,0,0.058,0.044,0.049,0.115,0.1,0.133,0.134,0.16,0.164,0.167,0.193,0.199
020_AAAF,CRGRO048,3,3,2020-08-12T00:00:00Z,100,267,75,10,12,182,8,62,0,183,0.17,0,0,0,0,0.127,0.07,0.056,0.109,0.102,0.133,0.134,0.159,0.164,0.167,0.193,0.199
020_AAAF,CRGRO048,3,3,2020-08-13T00:00:00Z,101,263,71,10,12,182,8,62,0,183,0.16,0,0,0,0,0.064,0.053,0.056,0.116,0.103,0.133,0.134,0.159,0.163,0.167,0.193,0.199
020_AAAF,CRGRO048,3,3,2020-08-14T00:00:00Z,102,267,75,10,12,190,8,62,0,183,0.17,0,0,0,0,0.106,0.067,0.056,0.113,0.109,0.133,0.134,0.159,0.163,0.167,0.193,0.199
020_AAAF,CRGRO048,3,3,2020-08-15T00:00:00Z,103,262,70,10,12,190,8,62,0,183,0.15,0,0,0,0,0.049,0.045,0.052,0.112,0.115,0.139,0.134,0.159,0.163,0.167,0.193,0.199
020_AAAF,CRGRO048,3,3,2020-08-16T00:00:00Z,104,258,66,10,12,190,8,62,0,183,0.13,0,0,0,0,0.029,0.043,0.047,0.102,0.102,0.139,0.134,0.159,0.163,0.166,0.193,0.199
020_AAAF,CRGRO048,3,3,2020-08-17T00:00:00Z,105,253,62,10,12,190,8,62,0,183,0.12,0,0,0,0,0.014,0.039,0.041,0.093,0.094,0.138,0.133,0.158,0.162,0.166,0.193,0.199
020_AAAF,CRGRO048,3,3,2020-08-18T00:00:00Z,106,297,105,12,12,229,9,70,0,183,0.18,0,0,1.9,0,0.167,0.149,0.115,0.164,0.132,0.16,0.133,0.158,0.162,0.165,0.193,0.199
020_AAAF,CRGRO048,3,3,2020-08-19T00:00:00Z,107,292,100,12,12,229,9,70,0,183,0.16,0,0,0,0,0.077,0.084,0.071,0.13,0.117,0.173,0.174,0.196,0.166,0.165,0.193,0.199
020_AAAF,CRGRO048,3,3,2020-08-20T00:00:00Z,108,290,98,12,12,231,9,70,0,183,0.18,0,0,0,0,0.06,0.066,0.062,0.131,0.124,0.177,0.175,0.197,0.166,0.165,0.192,0.199
020_AAAF,CRGRO048,3,3,2020-08-21T00:00:00Z,109,288,96,12,12,231,9,70,0,183,0.18,0,0,0,0,0.049,0.056,0.057,0.126,0.124,0.178,0.176,0.198,0.166,0.165,0.192,0.199
020_AAAF,CRGRO048,3,3,2020-08-22T00:00:00Z,110,287,95,12,12,232,9,70,0,183,0.18,0,0,0,0,0.053,0.055,0.055,0.122,0.122,0.177,0.176,0.197,0.171,0.166,0.192,0.199
020_AAAF,CRGRO048,3,3,2020-08-23T00:00:00Z,111,286,94,12,12,233,9,70,0,183,0.18,0,0,0,0,0.053,0.054,0.054,0.118,0.119,0.175,0.175,0.198,0.171,0.166,0.192,0.199
020_AAAF,CRGRO048,3,3,2020-08-24T00:00:00Z,112,313,121,12,12,261,9,70,0,183,0.2,0,0,0.19,0,0.161,0.144,0.089,0.15,0.135,0.183,0.179,0.198,0.178,0.166,0.192,0.198
020_AAAF,CRGRO048,3,3,2020-08-25T00:00:00Z,113,328,137,12,12,281,9,70,0,183,0.19,0,0,0.03,0,0.149,0.147,0.111,0.183,0.158,0.199,0.189,0.2,0.193,0.166,0.192,0.198
020_AAAF,CRGRO048,3,3,2020-08-26T00:00:00Z,114,325,133,12,12,281,9,70,0,183,0.2,0,0,0,0,0.083,0.097,0.091,0.179,0.166,0.21,0.199,0.204,0.203,0.18,0.192,0.198
020_AAAF,CRGRO048,3,3,2020-08-27T00:00:00Z,115,320,128,12,13,281,9,70,0,183,0.17,0,0,0,0,0.044,0.065,0.063,0.138,0.133,0.186,0.182,0.198,0.285,0.194,0.205,0.205
020_AAAF,CRGRO048,3,3,2020-08-28T00:00:00Z,116,309,117,12,20,281,9,70,0,183,0.15,0,0,0,0,0.028,0.053,0.053,0.121,0.12,0.176,0.174,0.196,0.27,0.193,0.205,0.205
020_AAAF,CRGRO048,3,3,2020-08-29T00:00:00Z,117,299,107,12,27,281,9,70,0,183,0.13,0,0,0,0,0.016,0.051,0.052,0.115,0.114,0.174,0.172,0.195,0.224,0.193,0.205,0.205
020_AAAF,CRGRO048,3,3,2020-08-30T00:00:00Z,118,332,140,14,27,320,9,70,0,183,0.21,0,0,1.71,0,0.165,0.15,0.103,0.159,0.137,0.184,0.178,0.196,0.206,0.2,0.208,0.207
020_AAAF,CRGRO048,3,3,2020-08-31T00:00:00Z,119,331,139,14,28,323,9,70,0,182,0.19,0,0,0,0,0.118,0.107,0.092,0.17,0.153,0.197,0.187,0.199,0.203,0.201,0.209,0.208
020_AAAF,CRGRO048,3,3,2020-09-01T00:00:00Z,120,319,128,14,36,323,9,70,0,182,0.17,0,0,0,0,0.06,0.069,0.064,0.134,0.128,0.181,0.177,0.196,0.27,0.201,0.209,0.208
020_AAAF,CRGRO048,3,3,2020-09-02T00:00:00Z,121,308,116,14,43,323,9,70,0,182,0.15,0,0,0,0,0.039,0.054,0.053,0.12,0.118,0.174,0.173,0.195,0.25,0.2,0.209,0.208
020_AAAF,CRGRO048,3,3,2020-09-03T00:00:00Z,122,297,105,14,50,323,9,70,0,183,0.13,0,0,0,0,0.022,0.052,0.051,0.111,0.111,0.171,0.17,0.193,0.215,0.195,0.207,0.206
020_AAAF,CRGRO048,3,3,2020-09-04T00:00:00Z,123,290,98,14,52,323,9,70,0,183,0.11,0,0,0,0,0.014,0.048,0.048,0.105,0.105,0.167,0.167,0.19,0.2,0.193,0.207,0.206
020_AAAF,CRGRO048,3,3,2020-09-05T00:00:00Z,124,285,93,14,52,323,9,70,0,183,0.1,0,0,0,0,0.014,0.045,0.045,0.1,0.101,0.163,0.163,0.188,0.193,0.191,0.207,0.206
020_AAAF,CRGRO048,3,3,2020-09-06T00:00:00Z,125,282,90,14,52,323,9,70,0,183,0.08,0,0,0,0,0.014,0.043,0.044,0.098,0.099,0.161,0.161,0.186,0.191,0.189,0.207,0.206
020_AAAF,CRGRO048,3,3,2020-09-07T00:00:00Z,126,279,87,14,52,323,9,70,0,183,0.07,0,0,0,0,0.014,0.041,0.041,0.095,0.096,0.158,0.158,0.183,0.187,0.187,0.207,0.206
020_AAAF,CRGRO048,3,3,2020-09-08T00:00:00Z,127,275,84,14,52,323,9,70,0,183,0.06,0,0,0,0,0.014,0.038,0.039,0.092,0.093,0.155,0.155,0.181,0.184,0.184,0.207,0.206
020_AAAF,CRGRO048,3,3,2020-09-09T00:00:00Z,128,292,100,14,52,333,10,77,0,183,0.22,0,0,0,0,0.167,0.089,0.061,0.112,0.092,0.153,0.154,0.179,0.183,0.183,0.207,0.206
020_AAAF,CRGRO048,3,3,2020-09-10T00:00:00Z,129,301,109,14,52,344,10,77,0,183,0.2,0,0,0,0,0.156,0.104,0.076,0.137,0.121,0.153,0.154,0.179,0.182,0.183,0.207,0.206
020_AAAF,CRGRO048,3,3,2020-09-11T00:00:00Z,130,300,108,14,52,346,10,77,0,183,0.22,0,0,0,0,0.108,0.085,0.072,0.143,0.131,0.175,0.153,0.179,0.182,0.182,0.206,0.206
020_AAAF,CRGRO048,3,3,2020-09-12T00:00:00Z,131,297,105,14,52,346,10,77,0,183,0.22,0,0,0,0,0.066,0.067,0.063,0.138,0.132,0.182,0.167,0.179,0.182,0.182,0.206,0.206
020_AAAF,CRGRO048,3,3,2020-09-13T00:00:00Z,132,295,103,14,52,347,10,77,0,183,0.22,0,0,0,0,0.054,0.058,0.058,0.13,0.129,0.183,0.176,0.181,0.181,0.182,0.206,0.206
020_AAAF,CRGRO048,3,3,2020-09-14T00:00:00Z,133,293,101,14,52,348,10,77,0,183,0.22,0,0,0,0,0.05,0.055,0.054,0.121,0.122,0.179,0.177,0.184,0.181,0.182,0.206,0.206
020_AAAF,CRGRO048,3,3,2020-09-15T00:00:00Z,134,294,102,14,52,350,10,77,0,183,0.24,0,0,0,0,0.069,0.058,0.055,0.12,0.12,0.177,0.176,0.186,0.181,0.182,0.206,0.206
020_AAAF,CRGRO048,3,3,2020-09-16T00:00:00Z,135,303,112,14,52,360,10,77,0,183,0.24,0,0,0,0,0.149,0.078,0.064,0.128,0.124,0.178,0.177,0.188,0.181,0.182,0.206,0.206
020_AAAF,CRGRO048,3,3,2020-09-17T00:00:00Z,136,307,115,14,52,367,10,77,0,183,0.21,0,0,0,0,0.146,0.084,0.068,0.135,0.128,0.181,0.178,0.192,0.181,0.182,0.206,0.206
020_AAAF,CRGRO048,3,3,2020-09-18T00:00:00Z,137,303,111,14,55,367,10,77,0,183,0.18,0,0,0,0,0.085,0.064,0.057,0.124,0.121,0.176,0.175,0.196,0.194,0.194,0.206,0.206
020_AAAF,CRGRO048,3,3,2020-09-19T00:00:00Z,138,299,107,14,58,367,10,77,0,183,0.16,0,0,0,0,0.058,0.055,0.054,0.118,0.119,0.175,0.174,0.195,0.194,0.194,0.206,0.206
020_AAAF,CRGRO048,3,3,2020-09-20T00:00:00Z,139,297,105,14,58,367,10,77,0,183,0.13,0,0,0,0,0.048,0.054,0.053,0.116,0.116,0.174,0.173,0.195,0.193,0.193,0.206,0.206
020_AAAF,CRGRO048,3,3,2020-09-21T00:00:00Z,140,294,102,14,58,367,10,77,0,183,0.11,0,0,0,0,0.036,0.052,0.051,0.111,0.112,0.171,0.171,0.193,0.192,0.192,0.206,0.206
020_AAAF,CRGRO048,3,3,2020-09-22T00:00:00Z,141,290,98,14,58,367,10,77,0,183,0.1,0,0,0,0,0.023,0.05,0.05,0.107,0.108,0.169,0.168,0.192,0.191,0.191,0.206,0.206
020_AAAF,CRGRO048,3,3,2020-09-23T00:00:00Z,142,288,96,14,58,367,10,77,0,183,0.08,0,0,0,0,0.016,0.048,0.048,0.105,0.106,0.167,0.167,0.19,0.19,0.19,0.206,0.206
020_AAAF,CRGRO048,3,3,2020-09-24T00:00:00Z,143,285,93,14,58,367,10,77,0,183,0.07,0,0,0,0,0.014,0.046,0.047,0.102,0.103,0.164,0.164,0.189,0.188,0.189,0.206,0.206
020_AAAF,CRGRO048,3,3,2020-09-25T00:00:00Z,144,285,93,14,58,370,10,77,0,183,0.24,0,0,0,0,0.061,0.049,0.045,0.099,0.1,0.162,0.162,0.187,0.186,0.187,0.206,0.206
020_AAAF,CRGRO048,3,3,2020-09-26T00:00:00Z,145,282,90,14,58,370,10,77,0,183,0.2,0,0,0,0,0.041,0.049,0.043,0.097,0.098,0.159,0.16,0.185,0.185,0.186,0.206,0.206
020_AAAF,CRGRO048,3,3,2020-09-27T00:00:00Z,146,281,90,14,58,370,10,77,0,183,0.26,0,0,0,0,0.051,0.047,0.042,0.096,0.097,0.159,0.159,0.184,0.184,0.185,0.206,0.206
020_AAAF,CRGRO048,3,3,2020-09-28T00:00:00Z,147,282,90,14,58,373,10,77,0,183,0.22,0,0,0,0,0.068,0.055,0.045,0.095,0.096,0.157,0.158,0.183,0.183,0.184,0.206,0.206
020_AAAF,CRGRO048,3,3,2020-09-29T00:00:00Z,148,301,109,14,58,394,10,77,0,183,0.26,0,0,0,0,0.157,0.114,0.074,0.129,0.109,0.156,0.157,0.182,0.182,0.184,0.206,0.206
020_AAAF,CRGRO048,4,4,2020-05-04T00:00:00Z,0,256,64,0,0,0,0,0,0,174,0,0,0,0,0,0.086,0.086,0.086,0.086,0.086,0.118,0.118,0.135,0.129,0.129,0.178,0.258
020_AAAF,CRGRO048,4,4,2020-05-05T00:00:00Z,1,252,61,0,7,0,1,8,0,179,0,0,0,0,0,0.064,0.086,0.079,0.13,0.1,0.118,0.118,0.135,0.129,0.129,0.178,0.228
020_AAAF,CRGRO048,4,4,2020-05-06T00:00:00Z,2,247,55,0,10,0,1,8,0,181,0,0,0,0,0,0.013,0.066,0.063,0.123,0.119,0.146,0.118,0.135,0.129,0.129,0.178,0.214
020_AAAF,CRGRO048,4,4,2020-05-07T00:00:00Z,3,246,54,0,12,0,1,8,0,182,0,0,0,0,0,0.014,0.058,0.057,0.121,0.119,0.162,0.118,0.135,0.129,0.13,0.178,0.209
020_AAAF,CRGRO048,4,4,2020-05-08T00:00:00Z,4,245,53,0,12,0,1,8,0,183,0,0,0,0,0,0.014,0.054,0.055,0.121,0.119,0.167,0.119,0.135,0.129,0.13,0.178,0.206
020_AAAF,CRGRO048,4,4,2020-05-09T00:00:00Z,5,245,53,0,12,0,1,8,0,183,0,0,0,0,0,0.014,0.054,0.055,0.121,0.119,0.167,0.119,0.135,0.129,0.13,0.178,0.206
020_AAAF,CRGRO048,4,4,2020-05-10T00:00:00Z,6,245,53,0,12,0,1,8,0,183,0,0,0,0,0,0.014,0.053,0.055,0.121,0.119,0.166,0.119,0.135,0.129,0.13,0.178,0.206
020_AAAF,CRGRO048,4,4,2020-05-11T00:00:00Z,7,245,53,0,12,0,1,8,0,183,0,0,0,0,0,0.014,0.053,0.055,0.121,0.119,0.166,0.12,0.135,0.129,0.13,0.178,0.206
020_AAAF,CRGRO048,4,4,2020-05-12T00:00:00Z,8,245,53,0,12,0,1,8,0,183,0,0,0,0,0,0.014,0.052,0.055,0.121,0.118,0.166,0.12,0.135,0.129,0.13,0.178,0.206
020_AAAF,CRGRO048,4,4,2020-05-13T00:00:00Z,9,245,53,0,12,0,1,8,0,183,0,0,0,0,0,0.014,0.052,0.055,0.121,0.118,0.166,0.12,0.135,0.129,0.131,0.178,0.206
020_AAAF,CRGRO048,4,4,2020-05-14T00:00:00Z,10,245,53,0,12,0,1,8,0,183,0,0,0,0,0,0.014,0.051,0.055,0.121,0.118,0.165,0.121,0.135,0.129,0.131,0.178,0.206
020_AAAF,CRGRO048,4,4,2020-05-15T00:00:00Z,11,245,53,0,12,0,1,8,0,183,0,0,0,0,0,0.014,0.051,0.055,0.121,0.118,0.165,0.121,0.135,0.129,0.131,0.178,0.205
020_AAAF,CRGRO048,4,4,2020-05-16T00:00:00Z,12,245,53,0,12,0,1,8,0,183,0,0,0,0,0,0.014,0.05,0.055,0.121,0.118,0.165,0.122,0.135,0.129,0.131,0.178,0.205
020_AAAF,CRGRO048,4,4,2020-05-17T00:00:00Z,13,245,53,0,12,0,1,8,0,183,0,0,0,0,0,0.014,0.05,0.055,0.12,0.118,0.164,0.122,0.135,0.129,0.131,0.178,0.205
020_AAAF,CRGRO048,4,4,2020-05-18T00:00:00Z,14,245,53,0,12,0,1,8,0,183,0,0,0,0,0,0.014,0.049,0.055,0.12,0.118,0.164,0.122,0.135,0.129,0.131,0.178,0.205
020_AAAF,CRGRO048,4,4,2020-05-19T00:00:00Z,15,244,53,0,12,0,1,8,0,183,0,0,0,0,0,0.014,0.049,0.054,0.12,0.118,0.164,0.123,0.135,0.129,0.132,0.178,0.205
020_AAAF,CRGRO048,4,4,2020-05-20T00:00:00Z,16,261,70,0,12,17,1,8,0,183,0,0,0,0,0,0.167,0.088,0.068,0.133,0.126,0.173,0.123,0.135,0.129,0.132,0.178,0.205
020_AAAF,CRGRO048,4,4,2020-05-21T00:00:00Z,17,261,69,0,12,21,1,8,0,183,0,0,0,0,0,0.067,0.087,0.072,0.142,0.134,0.182,0.135,0.135,0.129,0.132,0.178,0.205
020_AAAF,CRGRO048,4,4,2020-05-22T00:00:00Z,18,261,69,0,12,23,1,8,0,183,0,0,0,0,0,0.024,0.072,0.068,0.142,0.138,0.187,0.154,0.135,0.129,0.132,0.178,0.205
020_AAAF,CRGRO048,4,4,2020-05-23T00:00:00Z,19,260,68,0,12,23,1,8,0,183,0,0,0,0,0,0.02,0.059,0.062,0.136,0.136,0.188,0.174,0.135,0.129,0.132,0.178,0.205
020_AAAF,CRGRO048,4,4,2020-05-24T00:00:00Z,20,260,68,0,12,23,1,8,0,183,0,0,0,0,0,0.014,0.054,0.056,0.126,0.126,0.18,0.174,0.151,0.129,0.132,0.178,0.204
020_AAAF,CRGRO048,4,4,2020-05-25T00:00:00Z,21,261,69,0,12,25,1,8,0,183,0,0,0,0,0,0.05,0.053,0.055,0.122,0.123,0.179,0.176,0.153,0.129,0.133,0.178,0.204
020_AAAF,CRGRO048,4,4,2020-05-26T00:00:00Z,22,263,71,0,12,28,1,8,0,183,0,0,0,0,0,0.045,0.06,0.057,0.123,0.123,0.178,0.177,0.155,0.129,0.133,0.178,0.204
020_AAAF,CRGRO048,4,4,2020-05-27T00:00:00Z,23,261,69,0,12,28,1,8,0,183,0,0,0,0,0,0.02,0.055,0.055,0.123,0.123,0.178,0.177,0.157,0.129,0.133,0.178,0.204
020_AAAF,CRGRO048,4,4,2020-05-28T00:00:00Z,24,261,69,0,12,28,1,8,0,183,0,0,0,0,0,0.014,0.054,0.055,0.12,0.12,0.175,0.175,0.161,0.129,0.133,0.178,0.204
020_AAAF,CRGRO048,4,4,2020-05-29T00:00:00Z,25,260,69,0,12,28,1,8,0,183,0,0,0,0,0,0.014,0.052,0.054,0.119,0.12,0.175,0.175,0.161,0.13,0.133,0.178,0.204
020_AAAF,CRGRO048,4,4,2020-05-30T00:00:00Z,26,260,68,0,12,28,1,8,0,183,0,0,0,0,0,0.014,0.051,0.053,0.118,0.12,0.175,0.175,0.161,0.13,0.133,0.178,0.204
020_AAAF,CRGRO048,4,4,2020-05-31T00:00:00Z,27,260,68,0,12,28,1,8,0,183,0,0,0,0,0,0.014,0.05,0.053,0.117,0.119,0.175,0.174,0.161,0.13,0.134,0.178,0.204
020_AAAF,CRGRO048,4,4,2020-06-01T00:00:00Z,28,259,67,0,12,28,1,8,0,183,0,0,0,0,0,0.014,0.049,0.052,0.116,0.118,0.175,0.174,0.161,0.13,0.134,0.178,0.204
020_AAAF,CRGRO048,4,4,2020-06-02T00:00:00Z,29,259,67,0,12,28,1,8,0,183,0,0,0,0,0,0.014,0.048,0.051,0.115,0.117,0.175,0.174,0.161,0.13,0.134,0.178,0.203
020_AAAF,CRGRO048,4,4,2020-06-03T00:00:00Z,30,258,66,0,12,28,1,8,0,183,0,0,0,0,0,0.014,0.047,0.051,0.114,0.116,0.175,0.174,0.161,0.13,0.134,0.178,0.203
020_AAAF,CRGRO048,4,4,2020-06-04T00:00:00Z,31,258,66,0,12,28,1,8,0,183,0,0,0,0,0,0.014,0.046,0.05,0.113,0.115,0.175,0.174,0.161,0.13,0.134,0.178,0.203
020_AAAF,CRGRO048,4,4,2020-06-05T00:00:00Z,32,263,72,0,12,28,2,14,0,183,0,0,0,0,0,0.091,0.058,0.054,0.114,0.114,0.175,0.173,0.161,0.13,0.134,0.178,0.203
020_AAAF,CRGRO048,4,4,2020-06-06T00:00:00Z,33,261,69,0,12,29,2,14,0,183,0,0,0,0,0,0.019,0.06,0.056,0.121,0.114,0.175,0.173,0.161,0.13,0.135,0.178,0.203
020_AAAF,CRGRO048,4,4,2020-06-07T00:00:00Z,34,271,79,0,12,39,2,14,0,183,0,0,0,0,0,0.129,0.073,0.062,0.128,0.122,0.176,0.176,0.161,0.131,0.135,0.178,0.203
020_AAAF,CRGRO048,4,4,2020-06-08T00:00:00Z,35,269,77,0,12,42,2,14,0,183,0,0,0,0,0,0.033,0.073,0.065,0.133,0.128,0.18,0.178,0.164,0.131,0.135,0.178,0.203
020_AAAF,CRGRO048,4,4,2020-06-09T00:00:00Z,36,276,84,0,12,50,2,14,0,183,0,0,0,0,0,0.102,0.075,0.066,0.136,0.132,0.184,0.181,0.169,0.131,0.135,0.178,0.203
020_AAAF,CRGRO048,4,4,2020-06-10T00:00:00Z,37,272,80,0,12,51,2,14,0,183,0,0,0,0,0,0.013,0.066,0.063,0.135,0.132,0.185,0.183,0.175,0.131,0.135,0.178,0.203
020_AAAF,CRGRO048,4,4,2020-06-11T00:00:00Z,38,274,82,0,12,53,2,14,0,183,0,0,0,0,0,0.057,0.056,0.058,0.129,0.129,0.185,0.183,0.182,0.131,0.135,0.178,0.203
020_AAAF,CRGRO048,4,4,2020-06-12T00:00:00Z,39,272,80,0,12,53,2,14,0,183,0,0,0,0,0,0.022,0.055,0.055,0.124,0.126,0.182,0.182,0.188,0.131,0.135,0.178,0.202
020_AAAF,CRGRO048,4,4,2020-06-13T00:00:00Z,40,270,78,0,12,53,2,14,0,183,0,0,0,0,0,0.014,0.053,0.054,0.116,0.118,0.176,0.177,0.195,0.132,0.136,0.178,0.202
020_AAAF,CRGRO048,4,4,2020-06-14T00:00:00Z,41,268,76,0,12,53,2,14,0,183,0,0,0,0,0,0.014,0.05,0.052,0.113,0.114,0.175,0.176,0.194,0.132,0.136,0.178,0.202
020_AAAF,CRGRO048,4,4,2020-06-15T00:00:00Z,42,267,75,0,12,53,2,14,0,183,0,0,0,0,0,0.014,0.049,0.05,0.11,0.111,0.173,0.175,0.194,0.132,0.136,0.178,0.202
020_AAAF,CRGRO048,4,4,2020-06-16T00:00:00Z,43,266,74,0,12,53,2,14,0,183,0,0,0,0,0,0.014,0.047,0.05,0.109,0.11,0.172,0.174,0.194,0.133,0.136,0.178,0.202
020_AAAF,CRGRO048,4,4,2020-06-17T00:00:00Z,44,271,79,0,12,53,3,20,0,183,0,0,0,0,0,0.09,0.058,0.053,0.109,0.108,0.171,0.173,0.193,0.133,0.136,0.178,0.202
020_AAAF,CRGRO048,4,4,2020-06-18T00:00:00Z,45,267,75,0,12,53,3,20,0,183,0,0,0,0,0,0.013,0.051,0.051,0.116,0.109,0.169,0.172,0.193,0.133,0.136,0.178,0.202
020_AAAF,CRGRO048,4,4,2020-06-19T00:00:00Z,46,265,73,0,12,54,3,20,0,183,0,0,0,0,0,0.03,0.048,0.049,0.11,0.107,0.168,0.17,0.192,0.134,0.136,0.178,0.202
020_AAAF,CRGRO048,4,4,2020-06-20T00:00:00Z,47,263,71,0,12,55,3,20,0,183,0,0,0,0,0,0.02,0.046,0.047,0.106,0.104,0.166,0.168,0.192,0.134,0.137,0.178,0.202
020_AAAF,CRGRO048,4,4,2020-06-21T00:00:00Z,48,267,76,0,12,55,4,26,0,183,0,0,0,0,0,0.089,0.058,0.053,0.103,0.102,0.164,0.167,0.191,0.134,0.137,0.178,0.202
020_AAAF,CRGRO048,4,4,2020-06-22T00:00:00Z,49,263,71,0,12,55,4,26,0,183,0,0,0,0,0,0.013,0.049,0.05,0.114,0.1,0.163,0.165,0.19,0.134,0.137,0.178,0.201
020_AAAF,CRGRO048,4,4,2020-06-23T00:00:00Z,50,260,69,0,12,55,4,26,0,183,0,0,0,0,0,0.014,0.046,0.047,0.106,0.099,0.161,0.164,0.189,0.135,0.137,0.178,0.201
020_AAAF,CRGRO048,4,4,2020-06-24T00:00:00Z,51,265,73,0,12,55,5,32,0,183,0,0,0,0,0,0.093,0.058,0.052,0.102,0.097,0.16,0.162,0.187,0.135,0.137,0.178,0.201
020_AAAF,CRGRO048,4,4,2020-06-25T00:00:00Z,52,262,70,0,12,55,5,32,0,183,0,0,0,0,0,0.023,0.052,0.051,0.115,0.097,0.159,0.161,0.187,0.135,0.137,0.178,0.201
020_AAAF,CRGRO048,4,4,2020-06-26T00:00:00Z,53,259,67,0,12,55,5,32,0,183,0,0,0,0,0,0.014,0.048,0.048,0.105,0.096,0.158,0.16,0.186,0.136,0.137,0.178,0.201
020_AAAF,CRGRO048,4,4,2020-06-27T00:00:00Z,54,263,71,0,12,55,6,38,0,183,0.01,0,0,0,0,0.096,0.058,0.052,0.104,0.095,0.156,0.159,0.184,0.136,0.138,0.178,0.201
020_AAAF,CRGRO048,4,4,2020-06-28T00:00:00Z,55,258,66,0,12,55,6,38,0,183,0.01,0,0,0,0,0.013,0.047,0.049,0.114,0.094,0.155,0.157,0.183,0.136,0.138,0.178,0.201
020_AAAF,CRGRO048,4,4,2020-06-29T00:00:00Z,56,261,69,0,12,55,7,44,0,183,0.01,0,0,0,0,0.092,0.056,0.052,0.101,0.092,0.154,0.156,0.182,0.136,0.138,0.178,0.201
020_AAAF,CRGRO048,4,4,2020-06-30T00:00:00Z,57,270,78,0,12,69,7,44,0,183,0.01,0,0,0,0,0.103,0.088,0.065,0.124,0.102,0.153,0.155,0.181,0.136,0.138,0.178,0.201
020_AAAF,CRGRO048,4,4,2020-07-01T00:00:00Z,58,265,73,0,12,69,7,44,0,183,0.01,0,0,0,0,0.02,0.06,0.052,0.114,0.118,0.174,0.159,0.18,0.137,0.138,0.178,0.201
020_AAAF,CRGRO048,4,4,2020-07-02T00:00:00Z,59,261,69,0,12,69,7,44,0,183,0.01,0,0,0,0,0.014,0.048,0.05,0.11,0.108,0.17,0.158,0.18,0.137,0.138,0.178,0.2
020_AAAF,CRGRO048,4,4,2020-07-03T00:00:00Z,60,257,65,0,12,69,7,44,0,183,0.01,0,0,0,0,0.014,0.044,0.046,0.101,0.101,0.164,0.157,0.179,0.137,0.139,0.178,0.2
020_AAAF,CRGRO048,4,4,2020-07-04T00:00:00Z,61,261,69,0,12,69,8,51,0,183,0.01,0,0,0,0,0.096,0.057,0.05,0.097,0.097,0.16,0.155,0.177,0.137,0.139,0.178,0.2
020_AAAF,CRGRO048,4,4,2020-07-05T00:00:00Z,62,262,70,0,12,74,8,51,0,183,0.02,0,0,0,0,0.079,0.063,0.056,0.107,0.096,0.158,0.154,0.177,0.137,0.139,0.178,0.2
020_AAAF,CRGRO048,4,4,2020-07-06T00:00:00Z,63,303,111,11,12,128,8,51,0,183,0.02,0,0,10.72,0,0.144,0.146,0.133,0.187,0.147,0.183,0.167,0.176,0.137,0.139,0.178,0.2
020_AAAF,CRGRO048,4,4,2020-07-07T00:00:00Z,64,309,117,11,12,137,8,51,0,183,0.02,0,0,0,0,0.146,0.117,0.109,0.196,0.171,0.206,0.189,0.187,0.138,0.139,0.178,0.2
020_AAAF,CRGRO048,4,4,2020-07-08T00:00:00Z,65,306,114,11,12,137,8,51,0,183,0.02,0,0,0,0,0.066,0.075,0.071,0.146,0.136,0.185,0.178,0.196,0.228,0.184,0.178,0.2
020_AAAF,CRGRO048,4,4,2020-07-09T00:00:00Z,66,304,112,11,12,139,8,51,0,183,0.02,0,0,0,0,0.055,0.064,0.062,0.138,0.135,0.187,0.182,0.198,0.21,0.199,0.183,0.2
020_AAAF,CRGRO048,4,4,2020-07-10T00:00:00Z,67,298,106,11,13,139,8,51,0,183,0.02,0,0,0,0,0.025,0.052,0.053,0.12,0.119,0.176,0.175,0.197,0.2,0.196,0.205,0.205
020_AAAF,CRGRO048,4,4,2020-07-11T00:00:00Z,68,292,100,11,14,139,8,51,0,183,0.02,0,0,0,0,0.014,0.049,0.05,0.107,0.107,0.171,0.17,0.194,0.196,0.196,0.205,0.205
020_AAAF,CRGRO048,4,4,2020-07-12T00:00:00Z,69,287,95,11,14,139,8,51,0,183,0.02,0,0,0,0,0.014,0.045,0.046,0.101,0.101,0.165,0.165,0.19,0.195,0.196,0.205,0.205
020_AAAF,CRGRO048,4,4,2020-07-13T00:00:00Z,70,289,97,11,14,139,9,57,0,183,0.02,0,0,0,0,0.095,0.056,0.049,0.096,0.096,0.16,0.16,0.186,0.193,0.195,0.205,0.205
020_AAAF,CRGRO048,4,4,2020-07-14T00:00:00Z,71,283,91,11,14,139,9,57,0,183,0.02,0,0,0,0,0.026,0.044,0.049,0.103,0.094,0.157,0.158,0.184,0.191,0.194,0.205,0.205
020_AAAF,CRGRO048,4,4,2020-07-15T00:00:00Z,72,278,86,11,14,139,9,57,0,183,0.02,0,0,0,0,0.014,0.041,0.044,0.097,0.092,0.155,0.155,0.182,0.189,0.193,0.205,0.205
020_AAAF,CRGRO048,4,4,2020-07-16T00:00:00Z,73,282,90,11,14,139,10,65,0,183,0.02,0,0,0,0,0.101,0.057,0.047,0.093,0.09,0.152,0.153,0.179,0.187,0.191,0.205,0.205
020_AAAF,CRGRO048,4,4,2020-07-17T00:00:00Z,74,277,85,11,14,139,10,65,0,183,0.03,0,0,0,0,0.033,0.043,0.049,0.099,0.088,0.151,0.151,0.178,0.185,0.19,0.205,0.205
020_AAAF,CRGRO048,4,4,2020-07-18T00:00:00Z,75,273,81,11,14,139,10,65,0,183,0.03,0,0,0,0,0.014,0.04,0.043,0.094,0.087,0.149,0.15,0.176,0.183,0.188,0.205,0.205
020_AAAF,CRGRO048,4,4,2020-07-19T00:00:00Z,76,277,85,11,14,139,11,72,0,183,0.03,0,0,0,0,0.103,0.057,0.046,0.091,0.086,0.147,0.148,0.174,0.182,0.186,0.205,0.205
020_AAAF,CRGRO048,4,4,2020-07-20T00:00:00Z,77,272,80,11,14,139,11,72,0,183,0.03,0,0,0,0,0.034,0.041,0.049,0.095,0.085,0.146,0.147,0.173,0.18,0.185,0.205,0.205
020_AAAF,CRGRO048,4,4,2020-07-21T00:00:00Z,78,268,76,11,14,139,11,72,0,183,0.03,0,0,0,0,0.014,0.038,0.042,0.091,0.084,0.145,0.146,0.172,0.179,0.183,0.205,0.205
020_AAAF,CRGRO048,4,4,2020-07-22T00:00:00Z,79,276,84,11,14,142,12,80,0,183,0.06,0,0,0,0,0.13,0.063,0.051,0.089,0.083,0.143,0.144,0.17,0.177,0.181,0.205,0.205
020_AAAF,CRGRO048,4,4,2020-07-23T00:00:00Z,80,274,83,11,14,144,12,80,0,183,0.06,0,0,0,0,0.085,0.055,0.055,0.102,0.082,0.143,0.144,0.17,0.177,0.181,0.205,0.205
020_AAAF,CRGRO048,4,4,2020-07-24T00:00:00Z,81,270,78,11,14,145,12,80,0,183,0.06,0,0,0,0,0.038,0.05,0.048,0.104,0.082,0.142,0.143,0.169,0.176,0.18,0.205,0.205
020_AAAF,CRGRO048,4,4,2020-07-25T00:00:00Z,82,266,75,11,14,145,12,80,0,183,0.06,0,0,0,0,0.025,0.043,0.043,0.096,0.082,0.141,0.143,0.169,0.175,0.179,0.205,0.205
020_AAAF,CRGRO048,4,4,2020-07-26T00:00:00Z,83,270,78,11,14,145,13,86,0,183,0.06,0,0,0,0,0.09,0.056,0.047,0.091,0.081,0.14,0.142,0.168,0.174,0.178,0.205,0.205
020_AAAF,CRGRO048,4,4,2020-07-27T00:00:00Z,84,265,73,11,14,145,13,86,0,183,0.06,0,0,0,0,0.025,0.039,0.048,0.092,0.08,0.14,0.141,0.167,0.173,0.177,0.204,0.205
020_AAAF,CRGRO048,4,4,2020-07-28T00:00:00Z,85,268,76,11,14,145,14,93,0,183,0.06,0,0,0,0,0.088,0.056,0.046,0.089,0.079,0.139,0.14,0.166,0.172,0.176,0.204,0.205
020_AAAF,CRGRO048,4,4,2020-07-29T00:00:00Z,86,272,80,11,14,151,14,93,0,183,0.1,0,0,0,0,0.105,0.064,0.055,0.098,0.079,0.138,0.14,0.166,0.171,0.175,0.204,0.205
020_AAAF,CRGRO048,4,4,2020-07-30T00:00:00Z,87,269,77,11,14,152,14,93,0,183,0.1,0,0,0,0,0.067,0.053,0.054,0.11,0.079,0.138,0.139,0.165,0.171,0.175,0.204,0.205
020_AAAF,CRGRO048,4,4,2020-07-31T00:00:00Z,88,265,73,11,14,152,14,93,0,183,0.09,0,0,0,0,0.032,0.048,0.048,0.105,0.079,0.138,0.139,0.165,0.17,0.175,0.204,0.205
020_AAAF,CRGRO048,4,4,2020-08-01T00:00:00Z,89,261,69,11,14,152,14,93,0,183,0.09,0,0,0,0,0.015,0.041,0.041,0.093,0.079,0.137,0.138,0.164,0.17,0.174,0.204,0.205
020_AAAF,CRGRO048,4,4,2020-08-02T00:00:00Z,90,266,74,11,14,152,15,100,0,183,0.08,0,0,0,0,0.103,0.057,0.045,0.089,0.078,0.136,0.138,0.163,0.169,0.173,0.204,0.205
020_AAAF,CRGRO048,4,4,2020-08-03T00:00:00Z,91,261,69,11,14,152,15,100,0,183,0.08,0,0,0,0,0.034,0.039,0.049,0.092,0.078,0.136,0.137,0.163,0.168,0.172,0.204,0.205
020_AAAF,CRGRO048,4,4,2020-08-04T00:00:00Z,92,259,67,11,14,152,15,100,0,183,0.13,0,0,0,0,0.031,0.037,0.041,0.089,0.077,0.135,0.137,0.162,0.167,0.171,0.204,0.205
020_AAAF,CRGRO048,4,4,2020-08-05T00:00:00Z,93,263,71,11,14,152,16,107,0,183,0.12,0,0,0,0,0.092,0.058,0.044,0.086,0.077,0.135,0.136,0.161,0.166,0.171,0.204,0.205
020_AAAF,CRGRO048,4,4,2020-08-06T00:00:00Z,94,263,71,11,14,156,16,107,0,183,0.13,0,0,0,0,0.071,0.053,0.052,0.09,0.077,0.134,0.136,0.161,0.166,0.17,0.203,0.205
020_AAAF,CRGRO048,4,4,2020-08-07T00:00:00Z,95,259,67,11,14,156,16,107,0,183,0.13,0,0,0,0,0.031,0.048,0.047,0.088,0.076,0.134,0.135,0.161,0.166,0.17,0.203,0.205
020_AAAF,CRGRO048,4,4,2020-08-08T00:00:00Z,96,256,64,11,14,156,16,107,0,183,0.13,0,0,0,0,0.02,0.04,0.041,0.086,0.076,0.133,0.135,0.16,0.165,0.169,0.203,0.205
020_AAAF,CRGRO048,4,4,2020-08-09T00:00:00Z,97,267,75,11,14,162,17,115,0,183,0.15,0,0,0,0,0.148,0.068,0.052,0.09,0.075,0.133,0.134,0.16,0.164,0.169,0.203,0.205
020_AAAF,CRGRO048,4,4,2020-08-10T00:00:00Z,98,275,83,11,14,172,17,115,0,183,0.15,0,0,0,0,0.153,0.084,0.067,0.122,0.08,0.133,0.134,0.159,0.164,0.169,0.203,0.205
020_AAAF,CRGRO048,4,4,2020-08-11T00:00:00Z,99,270,78,11,14,172,17,115,0,183,0.14,0,0,0,0,0.073,0.056,0.049,0.11,0.119,0.15,0.134,0.159,0.164,0.169,0.203,0.205
020_AAAF,CRGRO048,4,4,2020-08-12T00:00:00Z,100,277,85,11,14,182,17,115,0,183,0.17,0,0,0,0,0.136,0.074,0.06,0.119,0.11,0.153,0.134,0.159,0.164,0.169,0.203,0.205
020_AAAF,CRGRO048,4,4,2020-08-13T00:00:00Z,101,273,81,11,14,182,17,115,0,183,0.17,0,0,0,0,0.074,0.06,0.058,0.118,0.118,0.152,0.134,0.159,0.164,0.169,0.203,0.205
020_AAAF,CRGRO048,4,4,2020-08-14T00:00:00Z,102,276,85,11,14,190,17,115,0,183,0.18,0,0,0,0,0.114,0.069,0.059,0.119,0.115,0.158,0.134,0.159,0.164,0.169,0.203,0.205
020_AAAF,CRGRO048,4,4,2020-08-15T00:00:00Z,103,272,80,11,14,190,17,115,0,183,0.16,0,0,0,0,0.058,0.049,0.051,0.11,0.113,0.173,0.142,0.159,0.164,0.169,0.202,0.205
020_AAAF,CRGRO048,4,4,2020-08-16T00:00:00Z,104,268,76,11,14,190,17,115,0,183,0.14,0,0,0,0,0.037,0.048,0.047,0.103,0.104,0.166,0.142,0.159,0.163,0.168,0.202,0.205
020_AAAF,CRGRO048,4,4,2020-08-17T00:00:00Z,105,263,71,11,14,190,17,115,0,183,0.12,0,0,0,0,0.021,0.042,0.042,0.095,0.096,0.159,0.142,0.159,0.163,0.168,0.202,0.205
020_AAAF,CRGRO048,4,4,2020-08-18T00:00:00Z,106,304,112,13,14,229,18,121,0,183,0.2,0,0,1.9,0,0.16,0.148,0.115,0.164,0.133,0.173,0.146,0.158,0.162,0.168,0.202,0.205
020_AAAF,CRGRO048,4,4,2020-08-19T00:00:00Z,107,300,108,13,14,229,18,121,0,183,0.17,0,0,0,0,0.078,0.084,0.071,0.13,0.118,0.172,0.174,0.196,0.188,0.168,0.202,0.205
020_AAAF,CRGRO048,4,4,2020-08-20T00:00:00Z,108,297,105,13,14,231,18,121,0,183,0.2,0,0,0,0,0.063,0.066,0.062,0.131,0.124,0.177,0.174,0.196,0.187,0.168,0.202,0.205
020_AAAF,CRGRO048,4,4,2020-08-21T00:00:00Z,109,295,103,13,14,231,18,121,0,183,0.2,0,0,0,0,0.052,0.056,0.057,0.126,0.124,0.178,0.176,0.198,0.187,0.168,0.202,0.205
020_AAAF,CRGRO048,4,4,2020-08-22T00:00:00Z,110,294,103,13,14,232,18,121,0,183,0.21,0,0,0,0,0.055,0.055,0.055,0.122,0.122,0.177,0.176,0.197,0.191,0.168,0.202,0.205
020_AAAF,CRGRO048,4,4,2020-08-23T00:00:00Z,111,293,102,13,14,233,18,121,0,183,0.2,0,0,0,0,0.055,0.055,0.054,0.119,0.119,0.175,0.175,0.198,0.19,0.169,0.202,0.205
020_AAAF,CRGRO048,4,4,2020-08-24T00:00:00Z,112,321,129,13,14,261,18,121,0,183,0.21,0,0,0.17,0,0.162,0.145,0.09,0.15,0.135,0.183,0.179,0.198,0.196,0.169,0.201,0.205
020_AAAF,CRGRO048,4,4,2020-08-25T00:00:00Z,113,336,144,13,14,281,18,121,0,183,0.2,0,0,0.02,0,0.152,0.147,0.111,0.184,0.159,0.2,0.189,0.2,0.2,0.18,0.201,0.205
020_AAAF,CRGRO048,4,4,2020-08-26T00:00:00Z,114,332,140,13,14,281,18,121,0,183,0.21,0,0,0,0,0.087,0.097,0.091,0.179,0.166,0.21,0.199,0.204,0.206,0.196,0.203,0.205
020_AAAF,CRGRO048,4,4,2020-08-27T00:00:00Z,115,321,129,13,20,281,18,121,0,183,0.19,0,0,0,0,0.049,0.065,0.063,0.138,0.133,0.186,0.182,0.198,0.29,0.195,0.205,0.205
020_AAAF,CRGRO048,4,4,2020-08-28T00:00:00Z,116,310,118,13,27,281,18,121,0,183,0.16,0,0,0,0,0.035,0.053,0.053,0.121,0.119,0.176,0.174,0.196,0.275,0.194,0.205,0.205
020_AAAF,CRGRO048,4,4,2020-08-29T00:00:00Z,117,299,107,13,35,281,18,121,0,183,0.14,0,0,0,0,0.026,0.051,0.052,0.115,0.114,0.174,0.172,0.195,0.226,0.194,0.205,0.205
020_AAAF,CRGRO048,4,4,2020-08-30T00:00:00Z,118,333,141,15,35,320,18,121,0,183,0.22,0,0,1.72,0,0.158,0.15,0.104,0.16,0.138,0.184,0.178,0.196,0.207,0.201,0.208,0.207
020_AAAF,CRGRO048,4,4,2020-08-31T00:00:00Z,119,331,140,15,37,323,18,121,0,182,0.21,0,0,0,0,0.117,0.106,0.093,0.171,0.154,0.197,0.188,0.199,0.204,0.202,0.21,0.209
020_AAAF,CRGRO048,4,4,2020-09-01T00:00:00Z,120,320,128,15,44,323,18,121,0,182,0.18,0,0,0,0,0.062,0.069,0.064,0.135,0.128,0.181,0.177,0.196,0.271,0.202,0.21,0.209
020_AAAF,CRGRO048,4,4,2020-09-02T00:00:00Z,121,309,117,15,51,323,18,121,0,182,0.15,0,0,0,0,0.042,0.054,0.053,0.12,0.118,0.174,0.173,0.195,0.252,0.201,0.21,0.209
020_AAAF,CRGRO048,4,4,2020-09-03T00:00:00Z,122,297,105,15,58,323,18,121,0,183,0.13,0,0,0,0,0.027,0.051,0.051,0.111,0.111,0.171,0.17,0.193,0.216,0.196,0.207,0.206
020_AAAF,CRGRO048,4,4,2020-09-04T00:00:00Z,123,290,98,15,60,323,18,121,0,183,0.11,0,0,0,0,0.014,0.048,0.048,0.105,0.105,0.167,0.167,0.191,0.201,0.194,0.207,0.206
020_AAAF,CRGRO048,4,4,2020-09-05T00:00:00Z,124,291,99,15,60,323,19,128,0,183,0.1,0,0,0,0,0.091,0.057,0.052,0.1,0.101,0.163,0.163,0.187,0.194,0.193,0.206,0.206
020_AAAF,CRGRO048,4,4,2020-09-06T00:00:00Z,125,288,96,15,60,323,19,128,0,183,0.08,0,0,0,0,0.053,0.051,0.051,0.111,0.099,0.161,0.161,0.186,0.192,0.192,0.206,0.206
020_AAAF,CRGRO048,4,4,2020-09-07T00:00:00Z,126,285,93,15,60,323,19,128,0,183,0.07,0,0,0,0,0.039,0.048,0.048,0.104,0.098,0.159,0.16,0.185,0.19,0.19,0.206,0.206
020_AAAF,CRGRO048,4,4,2020-09-08T00:00:00Z,127,281,89,15,60,323,19,128,0,183,0.06,0,0,0,0,0.027,0.045,0.045,0.1,0.096,0.157,0.158,0.183,0.188,0.188,0.206,0.206
020_AAAF,CRGRO048,4,4,2020-09-09T00:00:00Z,128,296,104,15,60,333,20,134,0,183,0.23,0,0,0,0,0.162,0.087,0.063,0.119,0.098,0.156,0.157,0.182,0.186,0.187,0.206,0.206
020_AAAF,CRGRO048,4,4,2020-09-10T00:00:00Z,129,304,112,15,60,344,20,134,0,183,0.21,0,0,0,0,0.157,0.104,0.076,0.138,0.124,0.162,0.156,0.182,0.186,0.187,0.206,0.206
020_AAAF,CRGRO048,4,4,2020-09-11T00:00:00Z,130,304,112,15,60,346,20,134,0,183,0.23,0,0,0,0,0.109,0.085,0.073,0.144,0.133,0.179,0.163,0.181,0.186,0.186,0.206,0.206
020_AAAF,CRGRO048,4,4,2020-09-12T00:00:00Z,131,301,109,15,60,346,20,134,0,183,0.23,0,0,0,0,0.068,0.067,0.064,0.138,0.133,0.183,0.176,0.183,0.185,0.186,0.206,0.206
020_AAAF,CRGRO048,4,4,2020-09-13T00:00:00Z,132,299,107,15,60,347,20,134,0,183,0.24,0,0,0,0,0.056,0.058,0.058,0.13,0.13,0.184,0.18,0.187,0.185,0.186,0.206,0.206
020_AAAF,CRGRO048,4,4,2020-09-14T00:00:00Z,133,297,105,15,60,348,20,134,0,183,0.23,0,0,0,0,0.052,0.055,0.055,0.122,0.123,0.18,0.179,0.192,0.185,0.186,0.206,0.206
020_AAAF,CRGRO048,4,4,2020-09-15T00:00:00Z,134,298,106,15,60,350,20,134,0,183,0.25,0,0,0,0,0.071,0.058,0.055,0.12,0.12,0.177,0.177,0.194,0.184,0.186,0.206,0.206
020_AAAF,CRGRO048,4,4,2020-09-16T00:00:00Z,135,307,115,15,60,360,20,134,0,183,0.25,0,0,0,0,0.15,0.078,0.064,0.128,0.124,0.178,0.177,0.197,0.184,0.186,0.206,0.206
020_AAAF,CRGRO048,4,4,2020-09-17T00:00:00Z,136,311,119,15,60,367,20,134,0,183,0.21,0,0,0,0,0.148,0.084,0.069,0.136,0.129,0.181,0.179,0.197,0.19,0.185,0.206,0.206
020_AAAF,CRGRO048,4,4,2020-09-18T00:00:00Z,137,304,112,15,66,367,20,134,0,183,0.19,0,0,0,0,0.086,0.064,0.058,0.124,0.121,0.176,0.175,0.197,0.2,0.194,0.206,0.206
020_AAAF,CRGRO048,4,4,2020-09-19T00:00:00Z,138,299,107,15,69,367,20,134,0,183,0.17,0,0,0,0,0.059,0.055,0.054,0.118,0.119,0.175,0.174,0.196,0.196,0.194,0.206,0.206
020_AAAF,CRGRO048,4,4,2020-09-20T00:00:00Z,139,297,106,15,69,367,20,134,0,183,0.14,0,0,0,0,0.049,0.054,0.053,0.116,0.116,0.174,0.173,0.195,0.195,0.194,0.206,0.206
020_AAAF,CRGRO048,4,4,2020-09-21T00:00:00Z,140,294,102,15,69,367,20,134,0,183,0.12,0,0,0,0,0.038,0.052,0.051,0.111,0.112,0.171,0.171,0.194,0.194,0.193,0.206,0.206
020_AAAF,CRGRO048,4,4,2020-09-22T00:00:00Z,141,291,99,15,69,367,20,134,0,183,0.1,0,0,0,0,0.028,0.05,0.05,0.107,0.108,0.169,0.168,0.192,0.193,0.192,0.206,0.206
020_AAAF,CRGRO048,4,4,2020-09-23T00:00:00Z,142,289,97,15,69,367,20,134,0,183,0.09,0,0,0,0,0.021,0.048,0.048,0.105,0.106,0.167,0.167,0.191,0.192,0.191,0.206,0.206
020_AAAF,CRGRO048,4,4,2020-09-24T00:00:00Z,143,286,94,15,69,367,20,134,0,183,0.07,0,0,0,0,0.014,0.046,0.047,0.102,0.103,0.165,0.165,0.189,0.19,0.19,0.206,0.206
020_AAAF,CRGRO048,4,4,2020-09-25T00:00:00Z,144,292,100,15,69,370,21,140,0,183,0.25,0,0,0,0,0.12,0.064,0.054,0.105,0.1,0.162,0.162,0.187,0.188,0.188,0.206,0.206
020_AAAF,CRGRO048,4,4,2020-09-26T00:00:00Z,145,289,97,15,69,370,21,140,0,183,0.21,0,0,0,0,0.064,0.049,0.051,0.117,0.111,0.161,0.161,0.186,0.187,0.187,0.206,0.206
020_AAAF,CRGRO048,4,4,2020-09-27T00:00:00Z,146,288,97,15,69,370,21,140,0,183,0.27,0,0,0,0,0.06,0.054,0.052,0.114,0.11,0.16,0.161,0.186,0.187,0.187,0.206,0.206
020_AAAF,CRGRO048,4,4,2020-09-28T00:00:00Z,147,289,97,15,69,373,21,140,0,183,0.24,0,0,0,0,0.073,0.058,0.054,0.114,0.107,0.159,0.16,0.185,0.186,0.186,0.206,0.206
020_AAAF,CRGRO048,5,5,2020-05-04T00:00:00Z,0,256,64,0,0,0,0,0,0,174,0,0,0,0,0,0.086,0.086,0.086,0.086,0.086,0.118,0.118,0.135,0.129,0.129,0.178,0.258
020_AAAF,CRGRO048,5,5,2020-05-05T00:00:00Z,1,252,61,0,7,0,1,8,0,179,0,0,0,0,0,0.064,0.086,0.079,0.13,0.1,0.118,0.118,0.135,0.129,0.129,0.178,0.228
020_AAAF,CRGRO048,5,5,2020-05-06T00:00:00Z,2,247,55,0,10,0,1,8,0,181,0,0,0,0,0,0.013,0.066,0.063,0.123,0.119,0.146,0.118,0.135,0.129,0.129,0.178,0.214
020_AAAF,CRGRO048,5,5,2020-05-07T00:00:00Z,3,246,54,0,12,0,1,8,0,182,0,0,0,0,0,0.014,0.058,0.057,0.121,0.119,0.162,0.118,0.135,0.129,0.13,0.178,0.209
020_AAAF,CRGRO048,5,5,2020-05-08T00:00:00Z,4,245,53,0,12,0,1,8,0,183,0,0,0,0,0,0.014,0.054,0.055,0.121,0.119,0.167,0.119,0.135,0.129,0.13,0.178,0.206
020_AAAF,CRGRO048,5,5,2020-05-09T00:00:00Z,5,245,53,0,12,0,1,8,0,183,0,0,0,0,0,0.014,0.054,0.055,0.121,0.119,0.167,0.119,0.135,0.129,0.13,0.178,0.206
020_AAAF,CRGRO048,5,5,2020-05-10T00:00:00Z,6,245,53,0,12,0,1,8,0,183,0,0,0,0,0,0.014,0.053,0.055,0.121,0.119,0.166,0.119,0.135,0.129,0.13,0.178,0.206
020_AAAF,CRGRO048,5,5,2020-05-11T00:00:00Z,7,245,53,0,12,0,1,8,0,183,0,0,0,0,0,0.014,0.053,0.055,0.121,0.119,0.166,0.12,0.135,0.129,0.13,0.178,0.206
020_AAAF,CRGRO048,5,5,2020-05-12T00:00:00Z,8,245,53,0,12,0,1,8,0,183,0,0,0,0,0,0.014,0.052,0.055,0.121,0.118,0.166,0.12,0.135,0.129,0.13,0.178,0.206
020_AAAF,CRGRO048,5,5,2020-05-13T00:00:00Z,9,245,53,0,12,0,1,8,0,183,0,0,0,0,0,0.014,0.052,0.055,0.121,0.118,0.166,0.12,0.135,0.129,0.131,0.178,0.206
020_AAAF,CRGRO048,5,5,2020-05-14T00:00:00Z,10,245,53,0,12,0,1,8,0,183,0,0,0,0,0,0.014,0.051,0.055,0.121,0.118,0.165,0.121,0.135,0.129,0.131,0.178,0.206
020_AAAF,CRGRO048,5,5,2020-05-15T00:00:00Z,11,245,53,0,12,0,1,8,0,183,0,0,0,0,0,0.014,0.051,0.055,0.121,0.118,0.165,0.121,0.135,0.129,0.131,0.178,0.205
020_AAAF,CRGRO048,5,5,2020-05-16T00:00:00Z,12,245,53,0,12,0,1,8,0,183,0,0,0,0,0,0.014,0.05,0.055,0.121,0.118,0.165,0.122,0.135,0.129,0.131,0.178,0.205
020_AAAF,CRGRO048,5,5,2020-05-17T00:00:00Z,13,245,53,0,12,0,1,8,0,183,0,0,0,0,0,0.014,0.05,0.055,0.12,0.118,0.164,0.122,0.135,0.129,0.131,0.178,0.205
020_AAAF,CRGRO048,5,5,2020-05-18T00:00:00Z,14,245,53,0,12,0,1,8,0,183,0,0,0,0,0,0.014,0.049,0.055,0.12,0.118,0.164,0.122,0.135,0.129,0.131,0.178,0.205
020_AAAF,CRGRO048,5,5,2020-05-19T00:00:00Z,15,244,53,0,12,0,1,8,0,183,0,0,0,0,0,0.014,0.049,0.054,0.12,0.118,0.164,0.123,0.135,0.129,0.132,0.178,0.205
020_AAAF,CRGRO048,5,5,2020-05-20T00:00:00Z,16,261,70,0,12,17,1,8,0,183,0,0,0,0,0,0.167,0.088,0.068,0.133,0.126,0.173,0.123,0.135,0.129,0.132,0.178,0.205
020_AAAF,CRGRO048,5,5,2020-05-21T00:00:00Z,17,261,69,0,12,21,1,8,0,183,0,0,0,0,0,0.067,0.087,0.072,0.142,0.134,0.182,0.135,0.135,0.129,0.132,0.178,0.205
020_AAAF,CRGRO048,5,5,2020-05-22T00:00:00Z,18,261,69,0,12,23,1,8,0,183,0,0,0,0,0,0.024,0.072,0.068,0.142,0.138,0.187,0.154,0.135,0.129,0.132,0.178,0.205
020_AAAF,CRGRO048,5,5,2020-05-23T00:00:00Z,19,260,68,0,12,23,1,8,0,183,0,0,0,0,0,0.02,0.059,0.062,0.136,0.136,0.188,0.174,0.135,0.129,0.132,0.178,0.205
020_AAAF,CRGRO048,5,5,2020-05-24T00:00:00Z,20,260,68,0,12,23,1,8,0,183,0,0,0,0,0,0.014,0.054,0.056,0.126,0.126,0.18,0.174,0.151,0.129,0.132,0.178,0.204
020_AAAF,CRGRO048,5,5,2020-05-25T00:00:00Z,21,261,69,0,12,25,1,8,0,183,0,0,0,0,0,0.05,0.053,0.055,0.122,0.123,0.179,0.176,0.153,0.129,0.133,0.178,0.204
020_AAAF,CRGRO048,5,5,2020-05-26T00:00:00Z,22,263,71,0,12,28,1,8,0,183,0,0,0,0,0,0.045,0.06,0.057,0.123,0.123,0.178,0.177,0.155,0.129,0.133,0.178,0.204
020_AAAF,CRGRO048,5,5,2020-05-27T00:00:00Z,23,261,69,0,12,28,1,8,0,183,0,0,0,0,0,0.02,0.055,0.055,0.123,0.123,0.178,0.177,0.157,0.129,0.133,0.178,0.204
020_AAAF,CRGRO048,5,5,2020-05-28T00:00:00Z,24,261,69,0,12,28,1,8,0,183,0,0,0,0,0,0.014,0.054,0.055,0.12,0.12,0.175,0.175,0.161,0.129,0.133,0.178,0.204
020_AAAF,CRGRO048,5,5,2020-05-29T00:00:00Z,25,260,69,0,12,28,1,8,0,183,0,0,0,0,0,0.014,0.052,0.054,0.119,0.12,0.175,0.175,0.161,0.13,0.133,0.178,0.204
020_AAAF,CRGRO048,5,5,2020-05-30T00:00:00Z,26,260,68,0,12,28,1,8,0,183,0,0,0,0,0,0.014,0.051,0.053,0.118,0.12,0.175,0.175,0.161,0.13,0.133,0.178,0.204
020_AAAF,CRGRO048,5,5,2020-05-31T00:00:00Z,27,260,68,0,12,28,1,8,0,183,0,0,0,0,0,0.014,0.05,0.053,0.117,0.119,0.175,0.174,0.161,0.13,0.134,0.178,0.204
020_AAAF,CRGRO048,5,5,2020-06-01T00:00:00Z,28,259,67,0,12,28,1,8,0,183,0,0,0,0,0,0.014,0.049,0.052,0.116,0.118,0.175,0.174,0.161,0.13,0.134,0.178,0.204
020_AAAF,CRGRO048,5,5,2020-06-02T00:00:00Z,29,259,67,0,12,28,1,8,0,183,0,0,0,0,0,0.014,0.048,0.051,0.115,0.117,0.175,0.174,0.161,0.13,0.134,0.178,0.203
020_AAAF,CRGRO048,5,5,2020-06-03T00:00:00Z,30,258,66,0,12,28,1,8,0,183,0,0,0,0,0,0.014,0.047,0.051,0.114,0.116,0.175,0.174,0.161,0.13,0.134,0.178,0.203
020_AAAF,CRGRO048,5,5,2020-06-04T00:00:00Z,31,258,66,0,12,28,1,8,0,183,0,0,0,0,0,0.014,0.046,0.05,0.113,0.115,0.175,0.174,0.161,0.13,0.134,0.178,0.203
020_AAAF,CRGRO048,5,5,2020-06-05T00:00:00Z,32,257,66,0,12,28,1,8,0,183,0,0,0,0,0,0.014,0.045,0.049,0.111,0.114,0.175,0.173,0.161,0.13,0.134,0.178,0.203
020_AAAF,CRGRO048,5,5,2020-06-06T00:00:00Z,33,258,66,0,12,29,1,8,0,183,0,0,0,0,0,0.024,0.045,0.049,0.111,0.113,0.174,0.173,0.161,0.13,0.135,0.178,0.203
020_AAAF,CRGRO048,5,5,2020-06-07T00:00:00Z,34,267,75,0,12,39,1,8,0,183,0,0,0,0,0,0.125,0.068,0.057,0.121,0.113,0.174,0.173,0.161,0.131,0.135,0.178,0.203
020_AAAF,CRGRO048,5,5,2020-06-08T00:00:00Z,35,265,74,0,12,42,1,8,0,183,0,0,0,0,0,0.031,0.071,0.062,0.127,0.121,0.175,0.175,0.161,0.131,0.135,0.178,0.203
020_AAAF,CRGRO048,5,5,2020-06-09T00:00:00Z,36,272,80,0,12,50,1,8,0,183,0,0,0,0,0,0.103,0.073,0.065,0.132,0.127,0.179,0.177,0.164,0.131,0.135,0.178,0.203
020_AAAF,CRGRO048,5,5,2020-06-10T00:00:00Z,37,269,77,0,12,51,1,8,0,183,0,0,0,0,0,0.013,0.066,0.062,0.133,0.129,0.182,0.18,0.168,0.131,0.135,0.178,0.203
020_AAAF,CRGRO048,5,5,2020-06-11T00:00:00Z,38,270,78,0,12,53,1,8,0,183,0,0,0,0,0,0.057,0.055,0.057,0.127,0.127,0.182,0.181,0.173,0.131,0.135,0.178,0.203
020_AAAF,CRGRO048,5,5,2020-06-12T00:00:00Z,39,268,76,0,12,53,1,8,0,183,0,0,0,0,0,0.022,0.055,0.055,0.124,0.124,0.18,0.18,0.177,0.131,0.135,0.178,0.202
020_AAAF,CRGRO048,5,5,2020-06-13T00:00:00Z,40,266,74,0,12,53,1,8,0,183,0,0,0,0,0,0.014,0.053,0.054,0.116,0.117,0.175,0.176,0.183,0.131,0.136,0.178,0.202
020_AAAF,CRGRO048,5,5,2020-06-14T00:00:00Z,41,265,73,0,12,53,1,8,0,183,0,0,0,0,0,0.014,0.05,0.052,0.112,0.114,0.174,0.175,0.183,0.132,0.136,0.178,0.202
020_AAAF,CRGRO048,5,5,2020-06-15T00:00:00Z,42,263,72,0,12,53,1,8,0,183,0,0,0,0,0,0.014,0.048,0.05,0.11,0.111,0.173,0.174,0.183,0.132,0.136,0.178,0.202
020_AAAF,CRGRO048,5,5,2020-06-16T00:00:00Z,43,263,71,0,12,53,1,8,0,183,0,0,0,0,0,0.014,0.047,0.049,0.108,0.11,0.172,0.173,0.182,0.132,0.136,0.178,0.202
020_AAAF,CRGRO048,5,5,2020-06-17T00:00:00Z,44,261,70,0,12,53,1,8,0,183,0,0,0,0,0,0.014,0.046,0.048,0.106,0.107,0.17,0.172,0.182,0.132,0.136,0.178,0.202
020_AAAF,CRGRO048,5,5,2020-06-18T00:00:00Z,45,260,68,0,12,53,1,8,0,183,0,0,0,0,0,0.014,0.044,0.047,0.104,0.105,0.169,0.171,0.182,0.133,0.136,0.178,0.202
020_AAAF,CRGRO048,5,5,2020-06-19T00:00:00Z,46,260,68,0,12,54,1,8,0,183,0,0,0,0,0,0.03,0.043,0.045,0.102,0.104,0.167,0.169,0.182,0.133,0.136,0.178,0.202
020_AAAF,CRGRO048,5,5,2020-06-20T00:00:00Z,47,258,66,0,12,55,1,8,0,183,0,0,0,0,0,0.02,0.042,0.044,0.101,0.102,0.165,0.168,0.181,0.133,0.137,0.178,0.202
020_AAAF,CRGRO048,5,5,2020-06-21T00:00:00Z,48,257,65,0,12,55,1,8,0,183,0,0,0,0,0,0.014,0.041,0.043,0.099,0.1,0.164,0.166,0.181,0.133,0.137,0.178,0.202
020_AAAF,CRGRO048,5,5,2020-06-22T00:00:00Z,49,256,64,0,12,55,1,8,0,183,0,0,0,0,0,0.014,0.04,0.042,0.098,0.099,0.162,0.164,0.181,0.133,0.137,0.178,0.201
020_AAAF,CRGRO048,5,5,2020-06-23T00:00:00Z,50,255,63,0,12,55,1,8,0,183,0,0,0,0,0,0.014,0.039,0.041,0.096,0.097,0.161,0.163,0.18,0.134,0.137,0.178,0.201
020_AAAF,CRGRO048,5,5,2020-06-24T00:00:00Z,51,254,62,0,12,55,1,8,0,183,0,0,0,0,0,0.014,0.038,0.04,0.095,0.096,0.159,0.161,0.18,0.134,0.137,0.178,0.201
020_AAAF,CRGRO048,5,5,2020-06-25T00:00:00Z,52,253,61,0,12,55,1,8,0,183,0.01,0,0,0,0,0.014,0.037,0.039,0.094,0.095,0.158,0.16,0.179,0.134,0.137,0.178,0.201
020_AAAF,CRGRO048,5,5,2020-06-26T00:00:00Z,53,252,60,0,12,55,1,8,0,183,0.01,0,0,0,0,0.014,0.036,0.038,0.093,0.094,0.157,0.159,0.178,0.134,0.137,0.178,0.201
020_AAAF,CRGRO048,5,5,2020-06-27T00:00:00Z,54,252,60,0,12,55,1,8,0,183,0.01,0,0,0,0,0.024,0.035,0.037,0.092,0.093,0.156,0.158,0.178,0.135,0.138,0.178,0.201
020_AAAF,CRGRO048,5,5,2020-06-28T00:00:00Z,55,250,58,0,12,55,1,8,0,183,0.01,0,0,0,0,0.014,0.034,0.037,0.091,0.092,0.154,0.156,0.177,0.135,0.138,0.178,0.201
020_AAAF,CRGRO048,5,5,2020-06-29T00:00:00Z,56,249,58,0,12,55,1,8,0,183,0.01,0,0,0,0,0.014,0.034,0.036,0.09,0.091,0.153,0.155,0.176,0.135,0.138,0.178,0.201
020_AAAF,CRGRO048,5,5,2020-06-30T00:00:00Z,57,262,71,0,12,69,1,8,0,183,0.02,0,0,0,0,0.161,0.07,0.053,0.089,0.09,0.152,0.154,0.176,0.135,0.138,0.178,0.201
020_AAAF,CRGRO048,5,5,2020-07-01T00:00:00Z,58,257,65,0,12,69,1,8,0,183,0.02,0,0,0,0,0.018,0.05,0.051,0.119,0.101,0.152,0.154,0.175,0.135,0.138,0.178,0.201
020_AAAF,CRGRO048,5,5,2020-07-02T00:00:00Z,59,255,63,0,12,69,1,8,0,183,0.02,0,0,0,0,0.014,0.047,0.049,0.106,0.099,0.151,0.153,0.175,0.135,0.138,0.178,0.2
020_AAAF,CRGRO048,5,5,2020-07-03T00:00:00Z,60,253,61,0,12,69,1,8,0,183,0.02,0,0,0,0,0.014,0.044,0.045,0.101,0.097,0.151,0.152,0.174,0.136,0.138,0.178,0.2
020_AAAF,CRGRO048,5,5,2020-07-04T00:00:00Z,61,251,59,0,12,69,1,8,0,183,0.02,0,0,0,0,0.014,0.042,0.043,0.097,0.095,0.15,0.151,0.174,0.136,0.139,0.178,0.2
020_AAAF,CRGRO048,5,5,2020-07-05T00:00:00Z,62,254,63,0,12,74,1,8,0,183,0.03,0,0,0,0,0.079,0.053,0.043,0.095,0.093,0.149,0.15,0.173,0.136,0.139,0.178,0.2
020_AAAF,CRGRO048,5,5,2020-07-06T00:00:00Z,63,296,104,10,12,128,1,8,0,183,0.03,0,0,10.35,0,0.129,0.149,0.128,0.177,0.14,0.175,0.152,0.173,0.136,0.139,0.178,0.2
020_AAAF,CRGRO048,5,5,2020-07-07T00:00:00Z,64,302,110,10,12,137,1,8,0,183,0.03,0,0,0,0,0.132,0.116,0.107,0.19,0.165,0.2,0.181,0.177,0.136,0.139,0.178,0.2
020_AAAF,CRGRO048,5,5,2020-07-08T00:00:00Z,65,298,106,10,12,137,1,8,0,183,0.03,0,0,0,0,0.043,0.075,0.072,0.145,0.135,0.183,0.175,0.196,0.194,0.181,0.178,0.2
020_AAAF,CRGRO048,5,5,2020-07-09T00:00:00Z,66,297,105,10,12,139,1,8,0,183,0.03,0,0,0,0,0.04,0.062,0.062,0.137,0.134,0.186,0.181,0.198,0.196,0.184,0.178,0.2
020_AAAF,CRGRO048,5,5,2020-07-10T00:00:00Z,67,292,100,10,12,139,1,8,0,183,0.03,0,0,0,0,0.014,0.052,0.053,0.12,0.119,0.176,0.174,0.196,0.196,0.194,0.191,0.2
020_AAAF,CRGRO048,5,5,2020-07-11T00:00:00Z,68,288,96,10,12,139,1,8,0,183,0.03,0,0,0,0,0.014,0.05,0.051,0.109,0.11,0.172,0.171,0.195,0.196,0.194,0.191,0.2
020_AAAF,CRGRO048,5,5,2020-07-12T00:00:00Z,69,284,92,10,12,139,1,8,0,183,0.03,0,0,0,0,0.014,0.046,0.048,0.104,0.104,0.167,0.167,0.192,0.195,0.193,0.192,0.2
020_AAAF,CRGRO048,5,5,2020-07-13T00:00:00Z,70,280,88,10,12,139,1,8,0,183,0.03,0,0,0,0,0.014,0.043,0.044,0.099,0.099,0.163,0.163,0.189,0.193,0.193,0.192,0.2
020_AAAF,CRGRO048,5,5,2020-07-14T00:00:00Z,71,276,84,10,12,139,1,8,0,183,0.03,0,0,0,0,0.014,0.041,0.042,0.095,0.096,0.159,0.16,0.186,0.192,0.192,0.192,0.2
020_AAAF,CRGRO048,5,5,2020-07-15T00:00:00Z,72,273,81,10,12,139,1,8,0,183,0.03,0,0,0,0,0.014,0.038,0.04,0.093,0.093,0.156,0.157,0.183,0.19,0.191,0.192,0.2
020_AAAF,CRGRO048,5,5,2020-07-16T00:00:00Z,73,271,79,10,12,139,1,8,0,183,0.03,0,0,0,0,0.014,0.037,0.038,0.091,0.091,0.154,0.155,0.181,0.188,0.189,0.192,0.2
020_AAAF,CRGRO048,5,5,2020-07-17T00:00:00Z,74,268,77,10,12,139,1,8,0,183,0.03,0,0,0,0,0.014,0.035,0.036,0.089,0.089,0.152,0.153,0.179,0.186,0.188,0.192,0.199
020_AAAF,CRGRO048,5,5,2020-07-18T00:00:00Z,75,266,74,10,12,139,1,8,0,183,0.03,0,0,0,0,0.014,0.034,0.035,0.087,0.088,0.15,0.151,0.177,0.184,0.186,0.192,0.199
020_AAAF,CRGRO048,5,5,2020-07-19T00:00:00Z,76,264,73,10,12,139,1,8,0,183,0.03,0,0,0,0,0.014,0.033,0.034,0.086,0.086,0.148,0.149,0.176,0.182,0.184,0.192,0.199
020_AAAF,CRGRO048,5,5,2020-07-20T00:00:00Z,77,263,71,10,12,139,1,8,0,183,0.03,0,0,0,0,0.014,0.032,0.033,0.085,0.085,0.147,0.148,0.174,0.181,0.183,0.192,0.199
020_AAAF,CRGRO048,5,5,2020-07-21T00:00:00Z,78,261,69,10,12,139,1,8,0,183,0.03,0,0,0,0,0.014,0.031,0.032,0.084,0.084,0.146,0.147,0.173,0.179,0.181,0.192,0.199
020_AAAF,CRGRO048,5,5,2020-07-22T00:00:00Z,79,277,85,10,12,142,2,22,0,183,0.05,0,0,0,0,0.167,0.082,0.056,0.09,0.083,0.145,0.146,0.172,0.178,0.18,0.192,0.199
020_AAAF,CRGRO048,5,5,2020-07-23T00:00:00Z,80,275,83,10,12,144,2,22,0,183,0.06,0,0,0,0,0.092,0.068,0.062,0.118,0.083,0.144,0.145,0.171,0.178,0.18,0.192,0.199
020_AAAF,CRGRO048,5,5,2020-07-24T00:00:00Z,81,271,79,10,12,145,2,22,0,183,0.07,0,0,0,0,0.034,0.054,0.055,0.117,0.093,0.144,0.145,0.171,0.177,0.179,0.192,0.199
020_AAAF,CRGRO048,5,5,2020-07-25T00:00:00Z,82,267,75,10,12,145,2,22,0,183,0.07,0,0,0,0,0.014,0.05,0.051,0.105,0.092,0.144,0.145,0.171,0.177,0.179,0.192,0.199
020_AAAF,CRGRO048,5,5,2020-07-26T00:00:00Z,83,263,71,10,12,145,2,22,0,183,0.07,0,0,0,0,0.014,0.042,0.043,0.095,0.09,0.143,0.144,0.17,0.176,0.178,0.192,0.199
020_AAAF,CRGRO048,5,5,2020-07-27T00:00:00Z,84,261,69,10,12,145,2,22,0,183,0.06,0,0,0,0,0.014,0.039,0.04,0.091,0.088,0.142,0.143,0.169,0.174,0.177,0.192,0.199
020_AAAF,CRGRO048,5,5,2020-07-28T00:00:00Z,85,259,67,10,12,145,2,22,0,183,0.06,0,0,0,0,0.014,0.036,0.037,0.089,0.086,0.141,0.142,0.168,0.173,0.175,0.192,0.199
020_AAAF,CRGRO048,5,5,2020-07-29T00:00:00Z,86,263,71,10,12,151,2,22,0,183,0.09,0,0,0,0,0.091,0.053,0.038,0.087,0.085,0.14,0.141,0.167,0.172,0.174,0.192,0.199
020_AAAF,CRGRO048,5,5,2020-07-30T00:00:00Z,87,261,69,10,12,152,2,22,0,183,0.09,0,0,0,0,0.049,0.051,0.043,0.086,0.084,0.139,0.141,0.166,0.171,0.174,0.192,0.199
020_AAAF,CRGRO048,5,5,2020-07-31T00:00:00Z,88,257,65,10,12,152,2,22,0,183,0.09,0,0,0,0,0.02,0.042,0.039,0.084,0.083,0.139,0.14,0.166,0.171,0.173,0.192,0.199
020_AAAF,CRGRO048,5,5,2020-08-01T00:00:00Z,89,255,63,10,12,152,2,22,0,183,0.08,0,0,0,0,0.014,0.038,0.037,0.083,0.081,0.138,0.139,0.165,0.17,0.172,0.192,0.199
020_AAAF,CRGRO048,5,5,2020-08-02T00:00:00Z,90,254,62,10,12,152,2,22,0,183,0.08,0,0,0,0,0.014,0.036,0.035,0.082,0.081,0.137,0.138,0.164,0.169,0.171,0.192,0.199
020_AAAF,CRGRO048,5,5,2020-08-03T00:00:00Z,91,252,60,10,12,152,2,22,0,183,0.08,0,0,0,0,0.014,0.034,0.034,0.081,0.08,0.137,0.138,0.163,0.168,0.17,0.192,0.199
020_AAAF,CRGRO048,5,5,2020-08-04T00:00:00Z,92,266,74,10,12,152,3,37,0,183,0.11,0,0,0,0,0.167,0.074,0.054,0.08,0.079,0.136,0.137,0.163,0.167,0.17,0.192,0.199
020_AAAF,CRGRO048,5,5,2020-08-05T00:00:00Z,93,261,69,10,12,152,3,37,0,183,0.11,0,0,0,0,0.058,0.04,0.049,0.119,0.086,0.136,0.137,0.163,0.167,0.169,0.192,0.199
020_AAAF,CRGRO048,5,5,2020-08-06T00:00:00Z,94,261,69,10,12,156,3,37,0,183,0.12,0,0,0,0,0.059,0.055,0.049,0.1,0.086,0.136,0.137,0.162,0.167,0.169,0.192,0.199
020_AAAF,CRGRO048,5,5,2020-08-07T00:00:00Z,95,257,65,10,12,156,3,37,0,183,0.12,0,0,0,0,0.028,0.045,0.046,0.095,0.085,0.135,0.136,0.162,0.166,0.169,0.192,0.199
020_AAAF,CRGRO048,5,5,2020-08-08T00:00:00Z,96,254,62,10,12,156,3,37,0,183,0.12,0,0,0,0,0.014,0.04,0.041,0.091,0.083,0.135,0.136,0.161,0.166,0.168,0.192,0.199
020_AAAF,CRGRO048,5,5,2020-08-09T00:00:00Z,97,257,66,10,12,162,3,37,0,183,0.14,0,0,0,0,0.083,0.052,0.04,0.089,0.082,0.134,0.135,0.161,0.165,0.168,0.192,0.199
020_AAAF,CRGRO048,5,5,2020-08-10T00:00:00Z,98,265,73,10,12,172,3,37,0,183,0.15,0,0,0,0,0.138,0.071,0.056,0.098,0.082,0.134,0.135,0.161,0.165,0.167,0.192,0.199
020_AAAF,CRGRO048,5,5,2020-08-11T00:00:00Z,99,261,69,10,12,172,3,37,0,183,0.13,0,0,0,0,0.054,0.043,0.049,0.117,0.098,0.134,0.135,0.16,0.164,0.167,0.192,0.199
020_AAAF,CRGRO048,5,5,2020-08-12T00:00:00Z,100,267,75,10,12,182,3,37,0,183,0.16,0,0,0,0,0.122,0.069,0.056,0.109,0.102,0.134,0.135,0.16,0.164,0.167,0.192,0.199
020_AAAF,CRGRO048,5,5,2020-08-13T00:00:00Z,101,263,71,10,12,182,3,37,0,183,0.15,0,0,0,0,0.057,0.053,0.056,0.117,0.103,0.134,0.135,0.16,0.164,0.167,0.192,0.199
020_AAAF,CRGRO048,5,5,2020-08-14T00:00:00Z,102,267,75,10,12,190,3,37,0,183,0.16,0,0,0,0,0.1,0.066,0.056,0.113,0.108,0.134,0.135,0.16,0.164,0.167,0.192,0.199
020_AAAF,CRGRO048,5,5,2020-08-15T00:00:00Z,103,262,70,10,12,190,3,37,0,183,0.14,0,0,0,0,0.042,0.045,0.05,0.112,0.115,0.14,0.134,0.16,0.164,0.167,0.192,0.199
020_AAAF,CRGRO048,5,5,2020-08-16T00:00:00Z,104,258,66,10,12,190,3,37,0,183,0.13,0,0,0,0,0.016,0.044,0.047,0.103,0.102,0.14,0.134,0.16,0.163,0.167,0.192,0.199
020_AAAF,CRGRO048,5,5,2020-08-17T00:00:00Z,105,254,62,10,12,190,3,37,0,183,0.12,0,0,0,0,0.014,0.039,0.041,0.094,0.094,0.14,0.134,0.159,0.163,0.166,0.192,0.199
020_AAAF,CRGRO048,5,5,2020-08-18T00:00:00Z,106,290,98,12,12,229,3,37,0,183,0.17,0,0,1.94,0,0.167,0.15,0.095,0.146,0.122,0.148,0.134,0.159,0.162,0.165,0.192,0.198
020_AAAF,CRGRO048,5,5,2020-08-19T00:00:00Z,107,285,93,12,12,229,3,37,0,183,0.15,0,0,0,0,0.072,0.085,0.063,0.123,0.113,0.174,0.174,0.182,0.162,0.166,0.192,0.198
020_AAAF,CRGRO048,5,5,2020-08-20T00:00:00Z,108,283,91,12,12,231,3,37,0,183,0.17,0,0,0,0,0.052,0.065,0.06,0.125,0.12,0.174,0.173,0.182,0.162,0.166,0.192,0.198
020_AAAF,CRGRO048,5,5,2020-08-21T00:00:00Z,109,281,89,12,12,231,3,37,0,183,0.17,0,0,0,0,0.042,0.055,0.056,0.122,0.12,0.175,0.175,0.182,0.162,0.166,0.192,0.198
020_AAAF,CRGRO048,5,5,2020-08-22T00:00:00Z,110,280,88,12,12,232,3,37,0,183,0.17,0,0,0,0,0.048,0.053,0.054,0.119,0.118,0.174,0.174,0.183,0.163,0.166,0.192,0.198
020_AAAF,CRGRO048,5,5,2020-08-23T00:00:00Z,111,279,87,12,12,233,3,37,0,183,0.18,0,0,0,0,0.048,0.053,0.054,0.116,0.115,0.173,0.173,0.182,0.163,0.166,0.191,0.198
020_AAAF,CRGRO048,5,5,2020-08-24T00:00:00Z,112,306,114,12,12,261,3,37,0,183,0.18,0,0,0.19,0,0.16,0.142,0.089,0.148,0.133,0.181,0.177,0.185,0.163,0.166,0.191,0.198
020_AAAF,CRGRO048,5,5,2020-08-25T00:00:00Z,113,321,129,13,12,281,3,37,0,183,0.19,0,0,0.03,0,0.144,0.147,0.11,0.182,0.157,0.198,0.188,0.196,0.163,0.166,0.191,0.198
020_AAAF,CRGRO048,5,5,2020-08-26T00:00:00Z,114,318,126,13,12,281,3,37,0,183,0.19,0,0,0,0,0.076,0.097,0.091,0.178,0.164,0.209,0.198,0.202,0.183,0.166,0.191,0.198
020_AAAF,CRGRO048,5,5,2020-08-27T00:00:00Z,115,313,121,13,12,281,3,37,0,183,0.16,0,0,0,0,0.037,0.065,0.063,0.138,0.132,0.185,0.181,0.197,0.258,0.194,0.203,0.198
020_AAAF,CRGRO048,5,5,2020-08-28T00:00:00Z,116,304,112,13,17,281,3,37,0,183,0.14,0,0,0,0,0.015,0.053,0.053,0.121,0.119,0.176,0.174,0.196,0.243,0.194,0.205,0.205
020_AAAF,CRGRO048,5,5,2020-08-29T00:00:00Z,117,297,105,13,22,281,3,37,0,183,0.13,0,0,0,0,0.014,0.051,0.052,0.115,0.113,0.174,0.172,0.195,0.213,0.193,0.205,0.205
020_AAAF,CRGRO048,5,5,2020-08-30T00:00:00Z,118,331,139,14,22,320,3,37,0,183,0.2,0,0,1.75,0,0.167,0.15,0.103,0.159,0.137,0.183,0.178,0.197,0.2,0.197,0.207,0.207
020_AAAF,CRGRO048,5,5,2020-08-31T00:00:00Z,119,330,138,14,23,323,3,37,0,183,0.19,0,0,0,0,0.117,0.107,0.093,0.17,0.153,0.197,0.187,0.2,0.201,0.199,0.208,0.208
020_AAAF,CRGRO048,5,5,2020-09-01T00:00:00Z,120,318,126,14,30,323,3,37,0,183,0.16,0,0,0,0,0.055,0.07,0.064,0.135,0.128,0.181,0.177,0.196,0.269,0.199,0.208,0.208
020_AAAF,CRGRO048,5,5,2020-09-02T00:00:00Z,121,307,115,14,37,323,3,37,0,183,0.14,0,0,0,0,0.034,0.055,0.054,0.121,0.118,0.174,0.173,0.195,0.248,0.198,0.208,0.208
020_AAAF,CRGRO048,5,5,2020-09-03T00:00:00Z,122,297,105,14,42,323,3,37,0,183,0.12,0,0,0,0,0.014,0.052,0.052,0.112,0.111,0.171,0.171,0.194,0.215,0.195,0.208,0.208
020_AAAF,CRGRO048,5,5,2020-09-04T00:00:00Z,123,291,99,14,44,323,3,37,0,183,0.11,0,0,0,0,0.014,0.049,0.049,0.106,0.105,0.167,0.167,0.191,0.2,0.193,0.208,0.208
020_AAAF,CRGRO048,5,5,2020-09-05T00:00:00Z,124,286,94,14,44,323,3,37,0,183,0.09,0,0,0,0,0.014,0.045,0.046,0.101,0.101,0.164,0.164,0.188,0.194,0.191,0.208,0.208
020_AAAF,CRGRO048,5,5,2020-09-06T00:00:00Z,125,284,92,14,44,323,3,37,0,183,0.08,0,0,0,0,0.014,0.044,0.044,0.099,0.099,0.161,0.161,0.186,0.191,0.19,0.208,0.208
020_AAAF,CRGRO048,5,5,2020-09-07T00:00:00Z,126,280,88,14,44,323,3,37,0,183,0.07,0,0,0,0,0.014,0.041,0.042,0.096,0.096,0.158,0.159,0.184,0.188,0.187,0.208,0.208
020_AAAF,CRGRO048,5,5,2020-09-08T00:00:00Z,127,277,85,14,44,323,3,37,0,183,0.06,0,0,0,0,0.014,0.039,0.04,0.093,0.093,0.156,0.156,0.182,0.185,0.185,0.208,0.208
020_AAAF,CRGRO048,5,5,2020-09-09T00:00:00Z,128,286,94,14,44,333,3,37,0,183,0.21,0,0,0,0,0.132,0.065,0.052,0.092,0.092,0.154,0.155,0.18,0.183,0.183,0.208,0.208
020_AAAF,CRGRO048,5,5,2020-09-10T00:00:00Z,129,294,102,14,44,344,3,37,0,183,0.19,0,0,0,0,0.154,0.086,0.067,0.122,0.097,0.154,0.154,0.18,0.183,0.183,0.208,0.208
020_AAAF,CRGRO048,5,5,2020-09-11T00:00:00Z,130,294,102,14,44,346,3,37,0,183,0.21,0,0,0,0,0.105,0.076,0.065,0.131,0.119,0.153,0.154,0.18,0.182,0.183,0.208,0.208
020_AAAF,CRGRO048,5,5,2020-09-12T00:00:00Z,131,291,99,14,44,346,3,37,0,183,0.21,0,0,0,0,0.062,0.063,0.059,0.128,0.122,0.165,0.154,0.179,0.182,0.183,0.207,0.208
020_AAAF,CRGRO048,5,5,2020-09-13T00:00:00Z,132,289,97,14,44,347,3,37,0,183,0.21,0,0,0,0,0.051,0.056,0.056,0.123,0.12,0.172,0.154,0.179,0.182,0.182,0.207,0.208
020_AAAF,CRGRO048,5,5,2020-09-14T00:00:00Z,133,287,95,14,44,348,3,37,0,183,0.21,0,0,0,0,0.046,0.054,0.053,0.117,0.116,0.173,0.154,0.179,0.181,0.182,0.207,0.208
020_AAAF,CRGRO048,5,5,2020-09-15T00:00:00Z,134,288,96,14,44,350,3,37,0,183,0.22,0,0,0,0,0.066,0.057,0.054,0.119,0.113,0.172,0.154,0.179,0.181,0.182,0.207,0.208
020_AAAF,CRGRO048,5,5,2020-09-16T00:00:00Z,135,297,105,14,44,360,3,37,0,183,0.23,0,0,0,0,0.147,0.077,0.063,0.126,0.121,0.175,0.154,0.179,0.181,0.182,0.207,0.208
020_AAAF,CRGRO048,5,5,2020-09-17T00:00:00Z,136,301,109,14,44,367,3,37,0,183,0.2,0,0,0,0,0.143,0.083,0.068,0.134,0.126,0.179,0.163,0.178,0.181,0.182,0.207,0.208
020_AAAF,CRGRO048,5,5,2020-09-18T00:00:00Z,137,300,108,14,44,367,3,37,0,183,0.18,0,0,0,0,0.083,0.063,0.057,0.123,0.12,0.175,0.174,0.196,0.188,0.182,0.207,0.208
020_AAAF,CRGRO048,5,5,2020-09-19T00:00:00Z,138,298,106,14,44,367,3,37,0,183,0.15,0,0,0,0,0.056,0.055,0.054,0.118,0.117,0.174,0.173,0.195,0.194,0.189,0.207,0.208
020_AAAF,CRGRO048,5,5,2020-09-20T00:00:00Z,139,296,104,14,44,367,3,37,0,183,0.13,0,0,0,0,0.047,0.054,0.053,0.115,0.115,0.173,0.172,0.195,0.193,0.189,0.207,0.208
020_AAAF,CRGRO048,5,5,2020-09-21T00:00:00Z,140,293,101,14,44,367,3,37,0,183,0.11,0,0,0,0,0.032,0.052,0.051,0.111,0.111,0.17,0.17,0.193,0.192,0.188,0.207,0.208
020_AAAF,CRGRO048,5,5,2020-09-22T00:00:00Z,141,289,97,14,44,367,3,37,0,183,0.1,0,0,0,0,0.016,0.05,0.049,0.107,0.107,0.168,0.168,0.192,0.191,0.187,0.207,0.208
020_AAAF,CRGRO048,5,5,2020-09-23T00:00:00Z,142,287,95,14,44,367,3,37,0,183,0.08,0,0,0,0,0.014,0.048,0.048,0.105,0.105,0.166,0.166,0.19,0.19,0.187,0.207,0.208
020_AAAF,CRGRO048,5,5,2020-09-24T00:00:00Z,143,285,93,14,44,367,3,37,0,183,0.07,0,0,0,0,0.014,0.046,0.046,0.102,0.102,0.164,0.164,0.188,0.188,0.186,0.207,0.208
020_AAAF,CRGRO048,5,5,2020-09-25T00:00:00Z,144,285,93,14,44,370,3,37,0,183,0.23,0,0,0,0,0.061,0.048,0.044,0.099,0.099,0.161,0.161,0.186,0.186,0.184,0.207,0.208
020_AAAF,CRGRO048,5,5,2020-09-26T00:00:00Z,145,281,89,14,44,370,3,37,0,183,0.2,0,0,0,0,0.039,0.048,0.043,0.097,0.097,0.159,0.159,0.184,0.184,0.183,0.207,0.208
020_AAAF,CRGRO048,5,5,2020-09-27T00:00:00Z,146,281,89,14,44,370,3,37,0,183,0.25,0,0,0,0,0.049,0.047,0.042,0.096,0.096,0.158,0.159,0.184,0.184,0.183,0.207,0.208
020_AAAF,CRGRO048,5,5,2020-09-28T00:00:00Z,147,282,90,14,44,373,3,37,0,183,0.22,0,0,0,0,0.066,0.054,0.044,0.095,0.095,0.157,0.157,0.183,0.183,0.182,0.207,0.208
020_AAAF,CRGRO048,5,5,2020-09-29T00:00:00Z,148,301,109,14,44,394,3,37,0,183,0.24,0,0,0,0,0.158,0.113,0.074,0.128,0.108,0.156,0.157,0.182,0.182,0.182,0.206,0.208
020_AAAF,CRGRO048,6,6,2020-05-04T00:00:00Z,0,256,64,0,0,0,0,0,0,174,0,0,0,0,0,0.086,0.086,0.086,0.086,0.086,0.118,0.118,0.135,0.129,0.129,0.178,0.258
020_AAAF,CRGRO048,6,6,2020-05-05T00:00:00Z,1,252,61,0,7,0,1,8,0,179,0,0,0,0,0,0.064,0.086,0.079,0.13,0.1,0.118,0.118,0.135,0.129,0.129,0.178,0.228
020_AAAF,CRGRO048,6,6,2020-05-06T00:00:00Z,2,247,55,0,10,0,1,8,0,181,0,0,0,0,0,0.013,0.066,0.063,0.123,0.119,0.146,0.118,0.135,0.129,0.129,0.178,0.214
020_AAAF,CRGRO048,6,6,2020-05-07T00:00:00Z,3,246,54,0,12,0,1,8,0,182,0,0,0,0,0,0.014,0.058,0.057,0.121,0.119,0.162,0.118,0.135,0.129,0.13,0.178,0.209
020_AAAF,CRGRO048,6,6,2020-05-08T00:00:00Z,4,245,53,0,12,0,1,8,0,183,0,0,0,0,0,0.014,0.054,0.055,0.121,0.119,0.167,0.119,0.135,0.129,0.13,0.178,0.206
020_AAAF,CRGRO048,6,6,2020-05-09T00:00:00Z,5,245,53,0,12,0,1,8,0,183,0,0,0,0,0,0.014,0.054,0.055,0.121,0.119,0.167,0.119,0.135,0.129,0.13,0.178,0.206
020_AAAF,CRGRO048,6,6,2020-05-10T00:00:00Z,6,245,53,0,12,0,1,8,0,183,0,0,0,0,0,0.014,0.053,0.055,0.121,0.119,0.166,0.119,0.135,0.129,0.13,0.178,0.206
020_AAAF,CRGRO048,6,6,2020-05-11T00:00:00Z,7,245,53,0,12,0,1,8,0,183,0,0,0,0,0,0.014,0.053,0.055,0.121,0.119,0.166,0.12,0.135,0.129,0.13,0.178,0.206
020_AAAF,CRGRO048,6,6,2020-05-12T00:00:00Z,8,245,53,0,12,0,1,8,0,183,0,0,0,0,0,0.014,0.052,0.055,0.121,0.118,0.166,0.12,0.135,0.129,0.13,0.178,0.206
020_AAAF,CRGRO048,6,6,2020-05-13T00:00:00Z,9,245,53,0,12,0,1,8,0,183,0,0,0,0,0,0.014,0.052,0.055,0.121,0.118,0.166,0.12,0.135,0.129,0.131,0.178,0.206
020_AAAF,CRGRO048,6,6,2020-05-14T00:00:00Z,10,245,53,0,12,0,1,8,0,183,0,0,0,0,0,0.014,0.051,0.055,0.121,0.118,0.165,0.121,0.135,0.129,0.131,0.178,0.206
020_AAAF,CRGRO048,6,6,2020-05-15T00:00:00Z,11,245,53,0,12,0,1,8,0,183,0,0,0,0,0,0.014,0.051,0.055,0.121,0.118,0.165,0.121,0.135,0.129,0.131,0.178,0.205
020_AAAF,CRGRO048,6,6,2020-05-16T00:00:00Z,12,245,53,0,12,0,1,8,0,183,0,0,0,0,0,0.014,0.05,0.055,0.121,0.118,0.165,0.122,0.135,0.129,0.131,0.178,0.205
020_AAAF,CRGRO048,6,6,2020-05-17T00:00:00Z,13,245,53,0,12,0,1,8,0,183,0,0,0,0,0,0.014,0.05,0.055,0.12,0.118,0.164,0.122,0.135,0.129,0.131,0.178,0.205
020_AAAF,CRGRO048,6,6,2020-05-18T00:00:00Z,14,245,53,0,12,0,1,8,0,183,0,0,0,0,0,0.014,0.049,0.055,0.12,0.118,0.164,0.122,0.135,0.129,0.131,0.178,0.205
020_AAAF,CRGRO048,6,6,2020-05-19T00:00:00Z,15,244,53,0,12,0,1,8,0,183,0,0,0,0,0,0.014,0.049,0.054,0.12,0.118,0.164,0.123,0.135,0.129,0.132,0.178,0.205
020_AAAF,CRGRO048,6,6,2020-05-20T00:00:00Z,16,261,70,0,12,17,1,8,0,183,0,0,0,0,0,0.167,0.088,0.068,0.133,0.126,0.173,0.123,0.135,0.129,0.132,0.178,0.205
020_AAAF,CRGRO048,6,6,2020-05-21T00:00:00Z,17,261,69,0,12,21,1,8,0,183,0,0,0,0,0,0.067,0.087,0.072,0.142,0.134,0.182,0.135,0.135,0.129,0.132,0.178,0.205
020_AAAF,CRGRO048,6,6,2020-05-22T00:00:00Z,18,261,69,0,12,23,1,8,0,183,0,0,0,0,0,0.024,0.072,0.068,0.142,0.138,0.187,0.154,0.135,0.129,0.132,0.178,0.205
020_AAAF,CRGRO048,6,6,2020-05-23T00:00:00Z,19,260,68,0,12,23,1,8,0,183,0,0,0,0,0,0.02,0.059,0.062,0.136,0.136,0.188,0.174,0.135,0.129,0.132,0.178,0.205
020_AAAF,CRGRO048,6,6,2020-05-24T00:00:00Z,20,260,68,0,12,23,1,8,0,183,0,0,0,0,0,0.014,0.054,0.056,0.126,0.126,0.18,0.174,0.151,0.129,0.132,0.178,0.204
020_AAAF,CRGRO048,6,6,2020-05-25T00:00:00Z,21,261,69,0,12,25,1,8,0,183,0,0,0,0,0,0.05,0.053,0.055,0.122,0.123,0.179,0.176,0.153,0.129,0.133,0.178,0.204
020_AAAF,CRGRO048,6,6,2020-05-26T00:00:00Z,22,263,71,0,12,28,1,8,0,183,0,0,0,0,0,0.045,0.06,0.057,0.123,0.123,0.178,0.177,0.155,0.129,0.133,0.178,0.204
020_AAAF,CRGRO048,6,6,2020-05-27T00:00:00Z,23,261,69,0,12,28,1,8,0,183,0,0,0,0,0,0.02,0.055,0.055,0.123,0.123,0.178,0.177,0.157,0.129,0.133,0.178,0.204
020_AAAF,CRGRO048,6,6,2020-05-28T00:00:00Z,24,261,69,0,12,28,1,8,0,183,0,0,0,0,0,0.014,0.054,0.055,0.12,0.12,0.175,0.175,0.161,0.129,0.133,0.178,0.204
020_AAAF,CRGRO048,6,6,2020-05-29T00:00:00Z,25,260,69,0,12,28,1,8,0,183,0,0,0,0,0,0.014,0.052,0.054,0.119,0.12,0.175,0.175,0.161,0.13,0.133,0.178,0.204
020_AAAF,CRGRO048,6,6,2020-05-30T00:00:00Z,26,260,68,0,12,28,1,8,0,183,0,0,0,0,0,0.014,0.051,0.053,0.118,0.12,0.175,0.175,0.161,0.13,0.133,0.178,0.204
020_AAAF,CRGRO048,6,6,2020-05-31T00:00:00Z,27,260,68,0,12,28,1,8,0,183,0,0,0,0,0,0.014,0.05,0.053,0.117,0.119,0.175,0.174,0.161,0.13,0.134,0.178,0.204
020_AAAF,CRGRO048,6,6,2020-06-01T00:00:00Z,28,259,67,0,12,28,1,8,0,183,0,0,0,0,0,0.014,0.049,0.052,0.116,0.118,0.175,0.174,0.161,0.13,0.134,0.178,0.204
020_AAAF,CRGRO048,6,6,2020-06-02T00:00:00Z,29,259,67,0,12,28,1,8,0,183,0,0,0,0,0,0.014,0.048,0.051,0.115,0.117,0.175,0.174,0.161,0.13,0.134,0.178,0.203
020_AAAF,CRGRO048,6,6,2020-06-03T00:00:00Z,30,258,66,0,12,28,1,8,0,183,0,0,0,0,0,0.014,0.047,0.051,0.114,0.116,0.175,0.174,0.161,0.13,0.134,0.178,0.203
020_AAAF,CRGRO048,6,6,2020-06-04T00:00:00Z,31,258,66,0,12,28,1,8,0,183,0,0,0,0,0,0.014,0.046,0.05,0.113,0.115,0.175,0.174,0.161,0.13,0.134,0.178,0.203
020_AAAF,CRGRO048,6,6,2020-06-05T00:00:00Z,32,257,66,0,12,28,1,8,0,183,0,0,0,0,0,0.014,0.045,0.049,0.111,0.114,0.175,0.173,0.161,0.13,0.134,0.178,0.203
020_AAAF,CRGRO048,6,6,2020-06-06T00:00:00Z,33,258,66,0,12,29,1,8,0,183,0,0,0,0,0,0.024,0.045,0.049,0.111,0.113,0.174,0.173,0.161,0.13,0.135,0.178,0.203
020_AAAF,CRGRO048,6,6,2020-06-07T00:00:00Z,34,267,75,0,12,39,1,8,0,183,0,0,0,0,0,0.125,0.068,0.057,0.121,0.113,0.174,0.173,0.161,0.131,0.135,0.178,0.203
020_AAAF,CRGRO048,6,6,2020-06-08T00:00:00Z,35,265,74,0,12,42,1,8,0,183,0,0,0,0,0,0.031,0.071,0.062,0.127,0.121,0.175,0.175,0.161,0.131,0.135,0.178,0.203
020_AAAF,CRGRO048,6,6,2020-06-09T00:00:00Z,36,272,80,0,12,50,1,8,0,183,0,0,0,0,0,0.103,0.073,0.065,0.132,0.127,0.179,0.177,0.164,0.131,0.135,0.178,0.203
020_AAAF,CRGRO048,6,6,2020-06-10T00:00:00Z,37,269,77,0,12,51,1,8,0,183,0,0,0,0,0,0.013,0.066,0.062,0.133,0.129,0.182,0.18,0.168,0.131,0.135,0.178,0.203
020_AAAF,CRGRO048,6,6,2020-06-11T00:00:00Z,38,270,78,0,12,53,1,8,0,183,0,0,0,0,0,0.057,0.055,0.057,0.127,0.127,0.182,0.181,0.173,0.131,0.135,0.178,0.203
020_AAAF,CRGRO048,6,6,2020-06-12T00:00:00Z,39,268,76,0,12,53,1,8,0,183,0,0,0,0,0,0.022,0.055,0.055,0.124,0.124,0.18,0.18,0.177,0.131,0.135,0.178,0.202
020_AAAF,CRGRO048,6,6,2020-06-13T00:00:00Z,40,266,74,0,12,53,1,8,0,183,0,0,0,0,0,0.014,0.053,0.054,0.116,0.117,0.175,0.176,0.183,0.131,0.136,0.178,0.202
020_AAAF,CRGRO048,6,6,2020-06-14T00:00:00Z,41,265,73,0,12,53,1,8,0,183,0,0,0,0,0,0.014,0.05,0.052,0.112,0.114,0.174,0.175,0.183,0.132,0.136,0.178,0.202
020_AAAF,CRGRO048,6,6,2020-06-15T00:00:00Z,42,263,72,0,12,53,1,8,0,183,0,0,0,0,0,0.014,0.048,0.05,0.11,0.111,0.173,0.174,0.183,0.132,0.136,0.178,0.202
020_AAAF,CRGRO048,6,6,2020-06-16T00:00:00Z,43,263,71,0,12,53,1,8,0,183,0,0,0,0,0,0.014,0.047,0.049,0.108,0.11,0.172,0.173,0.182,0.132,0.136,0.178,0.202
020_AAAF,CRGRO048,6,6,2020-06-17T00:00:00Z,44,261,70,0,12,53,1,8,0,183,0,0,0,0,0,0.014,0.046,0.048,0.106,0.107,0.17,0.172,0.182,0.132,0.136,0.178,0.202
020_AAAF,CRGRO048,6,6,2020-06-18T00:00:00Z,45,260,68,0,12,53,1,8,0,183,0,0,0,0,0,0.014,0.044,0.047,0.104,0.105,0.169,0.171,0.182,0.133,0.136,0.178,0.202
020_AAAF,CRGRO048,6,6,2020-06-19T00:00:00Z,46,260,68,0,12,54,1,8,0,183,0,0,0,0,0,0.03,0.043,0.045,0.102,0.104,0.167,0.169,0.182,0.133,0.136,0.178,0.202
020_AAAF,CRGRO048,6,6,2020-06-20T00:00:00Z,47,258,66,0,12,55,1,8,0,183,0,0,0,0,0,0.02,0.042,0.044,0.101,0.102,0.165,0.168,0.181,0.133,0.137,0.178,0.202
020_AAAF,CRGRO048,6,6,2020-06-21T00:00:00Z,48,257,65,0,12,55,1,8,0,183,0,0,0,0,0,0.014,0.041,0.043,0.099,0.1,0.164,0.166,0.181,0.133,0.137,0.178,0.202
020_AAAF,CRGRO048,6,6,2020-06-22T00:00:00Z,49,256,64,0,12,55,1,8,0,183,0,0,0,0,0,0.014,0.04,0.042,0.098,0.099,0.162,0.164,0.181,0.133,0.137,0.178,0.201
020_AAAF,CRGRO048,6,6,2020-06-23T00:00:00Z,50,255,63,0,12,55,1,8,0,183,0,0,0,0,0,0.014,0.039,0.041,0.096,0.097,0.161,0.163,0.18,0.134,0.137,0.178,0.201
020_AAAF,CRGRO048,6,6,2020-06-24T00:00:00Z,51,254,62,0,12,55,1,8,0,183,0,0,0,0,0,0.014,0.038,0.04,0.095,0.096,0.159,0.161,0.18,0.134,0.137,0.178,0.201
020_AAAF,CRGRO048,6,6,2020-06-25T00:00:00Z,52,264,72,0,12,55,2,19,0,183,0.01,0,0,0,0,0.139,0.066,0.053,0.094,0.095,0.158,0.16,0.179,0.134,0.137,0.178,0.201
020_AAAF,CRGRO048,6,6,2020-06-26T00:00:00Z,53,259,68,0,12,55,2,19,0,183,0.01,0,0,0,0,0.016,0.051,0.051,0.119,0.102,0.158,0.16,0.179,0.134,0.137,0.178,0.201
020_AAAF,CRGRO048,6,6,2020-06-27T00:00:00Z,54,258,66,0,12,55,2,19,0,183,0.01,0,0,0,0,0.024,0.048,0.049,0.108,0.101,0.157,0.159,0.178,0.135,0.138,0.178,0.201
020_AAAF,CRGRO048,6,6,2020-06-28T00:00:00Z,55,255,63,0,12,55,2,19,0,183,0.01,0,0,0,0,0.014,0.045,0.046,0.103,0.099,0.156,0.157,0.178,0.135,0.138,0.178,0.201
020_AAAF,CRGRO048,6,6,2020-06-29T00:00:00Z,56,254,62,0,12,55,2,19,0,183,0.01,0,0,0,0,0.014,0.043,0.044,0.099,0.097,0.154,0.156,0.177,0.135,0.138,0.178,0.201
020_AAAF,CRGRO048,6,6,2020-06-30T00:00:00Z,57,266,74,0,12,69,2,19,0,183,0.02,0,0,0,0,0.161,0.072,0.056,0.108,0.095,0.153,0.155,0.176,0.135,0.138,0.178,0.201
020_AAAF,CRGRO048,6,6,2020-07-01T00:00:00Z,58,261,69,0,12,69,2,19,0,183,0.02,0,0,0,0,0.027,0.051,0.051,0.117,0.119,0.161,0.155,0.176,0.135,0.138,0.178,0.201
020_AAAF,CRGRO048,6,6,2020-07-02T00:00:00Z,59,257,65,0,12,69,2,19,0,183,0.02,0,0,0,0,0.014,0.048,0.049,0.108,0.108,0.16,0.154,0.175,0.135,0.138,0.178,0.2
020_AAAF,CRGRO048,6,6,2020-07-03T00:00:00Z,60,254,62,0,12,69,2,19,0,183,0.02,0,0,0,0,0.014,0.045,0.046,0.101,0.101,0.158,0.153,0.175,0.136,0.138,0.178,0.2
020_AAAF,CRGRO048,6,6,2020-07-04T00:00:00Z,61,252,60,0,12,69,2,19,0,183,0.02,0,0,0,0,0.014,0.042,0.043,0.098,0.098,0.156,0.152,0.174,0.136,0.139,0.178,0.2
020_AAAF,CRGRO048,6,6,2020-07-05T00:00:00Z,62,256,64,0,12,74,2,19,0,183,0.02,0,0,0,0,0.079,0.053,0.043,0.095,0.095,0.154,0.151,0.173,0.136,0.139,0.178,0.2
020_AAAF,CRGRO048,6,6,2020-07-06T00:00:00Z,63,297,105,10,12,128,2,19,0,183,0.03,0,0,10.38,0,0.134,0.149,0.128,0.176,0.14,0.177,0.157,0.173,0.136,0.139,0.178,0.2
020_AAAF,CRGRO048,6,6,2020-07-07T00:00:00Z,64,303,111,10,12,137,2,19,0,183,0.03,0,0,0,0,0.137,0.116,0.107,0.19,0.165,0.201,0.183,0.179,0.136,0.139,0.178,0.2
020_AAAF,CRGRO048,6,6,2020-07-08T00:00:00Z,65,299,107,10,12,137,2,19,0,183,0.03,0,0,0,0,0.052,0.075,0.071,0.144,0.135,0.183,0.176,0.196,0.196,0.184,0.178,0.2
020_AAAF,CRGRO048,6,6,2020-07-09T00:00:00Z,66,298,106,10,12,139,2,19,0,183,0.03,0,0,0,0,0.039,0.063,0.062,0.137,0.134,0.186,0.181,0.198,0.197,0.189,0.178,0.2
020_AAAF,CRGRO048,6,6,2020-07-10T00:00:00Z,67,293,101,10,12,139,2,19,0,183,0.03,0,0,0,0,0.014,0.052,0.052,0.119,0.118,0.176,0.174,0.196,0.195,0.194,0.196,0.2
020_AAAF,CRGRO048,6,6,2020-07-11T00:00:00Z,68,288,96,10,12,139,2,19,0,183,0.03,0,0,0,0,0.014,0.049,0.05,0.108,0.108,0.171,0.17,0.194,0.195,0.194,0.197,0.2
020_AAAF,CRGRO048,6,6,2020-07-12T00:00:00Z,69,284,92,10,12,139,2,19,0,183,0.03,0,0,0,0,0.014,0.045,0.046,0.102,0.102,0.166,0.166,0.191,0.194,0.193,0.197,0.2
020_AAAF,CRGRO048,6,6,2020-07-13T00:00:00Z,70,279,87,10,12,139,2,19,0,183,0.03,0,0,0,0,0.014,0.042,0.043,0.097,0.097,0.161,0.161,0.187,0.192,0.193,0.197,0.2
020_AAAF,CRGRO048,6,6,2020-07-14T00:00:00Z,71,276,84,10,12,139,2,19,0,183,0.03,0,0,0,0,0.014,0.039,0.041,0.094,0.094,0.157,0.158,0.184,0.19,0.192,0.197,0.2
020_AAAF,CRGRO048,6,6,2020-07-15T00:00:00Z,72,284,92,10,12,139,3,30,0,183,0.03,0,0,0,0,0.14,0.066,0.053,0.091,0.092,0.155,0.155,0.182,0.188,0.19,0.197,0.2
020_AAAF,CRGRO048,6,6,2020-07-16T00:00:00Z,73,279,87,10,12,139,3,30,0,183,0.03,0,0,0,0,0.046,0.04,0.049,0.118,0.097,0.154,0.154,0.181,0.187,0.19,0.197,0.2
020_AAAF,CRGRO048,6,6,2020-07-17T00:00:00Z,74,274,82,10,12,139,3,30,0,183,0.03,0,0,0,0,0.014,0.039,0.046,0.099,0.095,0.152,0.153,0.18,0.186,0.189,0.197,0.2
020_AAAF,CRGRO048,6,6,2020-07-18T00:00:00Z,75,271,79,10,12,139,3,30,0,183,0.03,0,0,0,0,0.014,0.037,0.042,0.094,0.092,0.151,0.151,0.178,0.185,0.187,0.197,0.2
020_AAAF,CRGRO048,6,6,2020-07-19T00:00:00Z,76,280,88,10,12,139,4,42,0,183,0.03,0,0,0,0,0.141,0.066,0.052,0.094,0.09,0.149,0.15,0.176,0.183,0.186,0.197,0.2
020_AAAF,CRGRO048,6,6,2020-07-20T00:00:00Z,77,274,82,10,12,139,4,42,0,183,0.03,0,0,0,0,0.052,0.038,0.049,0.118,0.096,0.148,0.149,0.175,0.182,0.185,0.197,0.2
020_AAAF,CRGRO048,6,6,2020-07-21T00:00:00Z,78,269,77,10,12,139,4,42,0,183,0.03,0,0,0,0,0.022,0.038,0.045,0.096,0.094,0.147,0.148,0.174,0.181,0.184,0.197,0.2
020_AAAF,CRGRO048,6,6,2020-07-22T00:00:00Z,79,269,77,10,12,142,4,42,0,183,0.06,0,0,0,0,0.056,0.042,0.041,0.092,0.091,0.146,0.147,0.173,0.18,0.182,0.197,0.2
020_AAAF,CRGRO048,6,6,2020-07-23T00:00:00Z,80,268,76,10,12,144,4,42,0,183,0.06,0,0,0,0,0.053,0.052,0.04,0.09,0.089,0.145,0.146,0.172,0.178,0.181,0.197,0.2
020_AAAF,CRGRO048,6,6,2020-07-24T00:00:00Z,81,264,72,10,12,145,4,42,0,183,0.06,0,0,0,0,0.029,0.044,0.038,0.088,0.087,0.144,0.145,0.171,0.177,0.18,0.197,0.2
020_AAAF,CRGRO048,6,6,2020-07-25T00:00:00Z,82,273,81,10,12,145,5,54,0,183,0.06,0,0,0,0,0.135,0.068,0.053,0.089,0.085,0.143,0.144,0.17,0.176,0.178,0.197,0.2
020_AAAF,CRGRO048,6,6,2020-07-26T00:00:00Z,83,268,76,10,12,145,5,54,0,183,0.06,0,0,0,0,0.051,0.036,0.048,0.118,0.088,0.142,0.143,0.169,0.175,0.178,0.197,0.2
020_AAAF,CRGRO048,6,6,2020-07-27T00:00:00Z,84,262,70,10,12,145,5,54,0,183,0.06,0,0,0,0,0.022,0.036,0.044,0.091,0.088,0.142,0.142,0.168,0.174,0.177,0.197,0.2
020_AAAF,CRGRO048,6,6,2020-07-28T00:00:00Z,85,271,80,10,12,145,6,65,0,183,0.06,0,0,0,0,0.137,0.066,0.051,0.094,0.086,0.141,0.142,0.168,0.173,0.176,0.197,0.199
020_AAAF,CRGRO048,6,6,2020-07-29T00:00:00Z,86,275,83,10,12,151,6,65,0,183,0.09,0,0,0,0,0.132,0.07,0.061,0.116,0.086,0.14,0.141,0.167,0.173,0.176,0.197,0.199
020_AAAF,CRGRO048,6,6,2020-07-30T00:00:00Z,87,273,81,10,12,152,6,65,0,183,0.09,0,0,0,0,0.081,0.062,0.058,0.121,0.097,0.14,0.141,0.167,0.173,0.176,0.197,0.199
020_AAAF,CRGRO048,6,6,2020-07-31T00:00:00Z,88,269,77,10,12,152,6,65,0,183,0.09,0,0,0,0,0.042,0.049,0.05,0.109,0.113,0.14,0.141,0.167,0.172,0.175,0.197,0.199
020_AAAF,CRGRO048,6,6,2020-08-01T00:00:00Z,89,263,72,10,12,152,6,65,0,183,0.08,0,0,0,0,0.02,0.045,0.045,0.099,0.098,0.14,0.141,0.167,0.172,0.175,0.197,0.199
020_AAAF,CRGRO048,6,6,2020-08-02T00:00:00Z,90,260,68,10,12,152,6,65,0,183,0.08,0,0,0,0,0.014,0.04,0.041,0.093,0.093,0.139,0.14,0.166,0.171,0.174,0.197,0.199
020_AAAF,CRGRO048,6,6,2020-08-03T00:00:00Z,91,269,78,10,12,152,7,77,0,183,0.08,0,0,0,0,0.141,0.066,0.053,0.09,0.089,0.139,0.139,0.165,0.17,0.173,0.196,0.199
020_AAAF,CRGRO048,6,6,2020-08-04T00:00:00Z,92,266,74,10,12,152,7,77,0,183,0.11,0,0,0,0,0.077,0.053,0.055,0.103,0.089,0.138,0.139,0.165,0.17,0.173,0.196,0.199
020_AAAF,CRGRO048,6,6,2020-08-05T00:00:00Z,93,261,69,10,12,152,7,77,0,183,0.11,0,0,0,0,0.028,0.045,0.045,0.104,0.087,0.138,0.139,0.164,0.169,0.172,0.196,0.199
020_AAAF,CRGRO048,6,6,2020-08-06T00:00:00Z,94,261,69,10,12,156,7,77,0,183,0.12,0,0,0,0,0.06,0.05,0.043,0.093,0.086,0.137,0.138,0.163,0.168,0.171,0.196,0.199
020_AAAF,CRGRO048,6,6,2020-08-07T00:00:00Z,95,257,66,10,12,156,7,77,0,183,0.12,0,0,0,0,0.033,0.045,0.039,0.09,0.084,0.137,0.137,0.163,0.167,0.171,0.196,0.199
020_AAAF,CRGRO048,6,6,2020-08-08T00:00:00Z,96,266,74,10,12,156,8,88,0,183,0.11,0,0,0,0,0.136,0.067,0.053,0.092,0.083,0.136,0.137,0.162,0.167,0.17,0.196,0.199
020_AAAF,CRGRO048,6,6,2020-08-09T00:00:00Z,97,268,76,10,12,162,8,88,0,183,0.14,0,0,0,0,0.118,0.062,0.06,0.115,0.083,0.136,0.136,0.162,0.166,0.17,0.196,0.199
020_AAAF,CRGRO048,6,6,2020-08-10T00:00:00Z,98,276,84,10,12,172,8,88,0,183,0.14,0,0,0,0,0.154,0.082,0.065,0.126,0.101,0.136,0.136,0.162,0.166,0.17,0.196,0.199
020_AAAF,CRGRO048,6,6,2020-08-11T00:00:00Z,99,271,79,10,12,172,8,88,0,183,0.12,0,0,0,0,0.073,0.055,0.049,0.112,0.118,0.172,0.136,0.162,0.166,0.17,0.196,0.199
020_AAAF,CRGRO048,6,6,2020-08-12T00:00:00Z,100,278,86,10,12,182,8,88,0,183,0.14,0,0,0,0,0.136,0.074,0.06,0.119,0.112,0.171,0.137,0.162,0.166,0.169,0.196,0.199
020_AAAF,CRGRO048,6,6,2020-08-13T00:00:00Z,101,274,82,10,12,182,8,88,0,183,0.14,0,0,0,0,0.074,0.061,0.058,0.119,0.117,0.171,0.137,0.162,0.166,0.169,0.196,0.199
020_AAAF,CRGRO048,6,6,2020-08-14T00:00:00Z,102,277,86,10,12,190,8,88,0,183,0.15,0,0,0,0,0.115,0.07,0.06,0.121,0.117,0.173,0.139,0.161,0.166,0.169,0.196,0.199
020_AAAF,CRGRO048,6,6,2020-08-15T00:00:00Z,103,273,81,10,12,190,8,88,0,183,0.14,0,0,0,0,0.058,0.051,0.051,0.112,0.113,0.171,0.164,0.161,0.166,0.169,0.196,0.199
020_AAAF,CRGRO048,6,6,2020-08-16T00:00:00Z,104,269,77,10,12,190,8,88,0,183,0.12,0,0,0,0,0.037,0.049,0.048,0.104,0.104,0.166,0.161,0.161,0.165,0.169,0.196,0.199
020_AAAF,CRGRO048,6,6,2020-08-17T00:00:00Z,105,264,72,10,12,190,8,88,0,183,0.11,0,0,0,0,0.021,0.044,0.044,0.097,0.097,0.16,0.158,0.161,0.165,0.169,0.196,0.199
020_AAAF,CRGRO048,6,6,2020-08-18T00:00:00Z,106,297,105,12,12,229,8,88,0,183,0.16,0,0,2.09,0,0.16,0.148,0.097,0.148,0.124,0.169,0.154,0.16,0.164,0.168,0.196,0.199
020_AAAF,CRGRO048,6,6,2020-08-19T00:00:00Z,107,293,101,12,12,229,8,88,0,183,0.15,0,0,0,0,0.078,0.084,0.063,0.124,0.114,0.172,0.174,0.196,0.175,0.168,0.195,0.199
020_AAAF,CRGRO048,6,6,2020-08-20T00:00:00Z,108,290,98,12,12,231,8,88,0,183,0.17,0,0,0,0,0.063,0.065,0.06,0.125,0.12,0.174,0.174,0.195,0.175,0.168,0.195,0.199
020_AAAF,CRGRO048,6,6,2020-08-21T00:00:00Z,109,288,96,12,12,231,8,88,0,183,0.16,0,0,0,0,0.052,0.056,0.056,0.122,0.12,0.175,0.174,0.195,0.175,0.168,0.195,0.199
020_AAAF,CRGRO048,6,6,2020-08-22T00:00:00Z,110,288,96,12,12,232,8,88,0,183,0.17,0,0,0,0,0.055,0.055,0.055,0.12,0.119,0.175,0.176,0.194,0.175,0.168,0.195,0.199
020_AAAF,CRGRO048,6,6,2020-08-23T00:00:00Z,111,287,95,12,12,233,8,88,0,183,0.17,0,0,0,0,0.055,0.055,0.054,0.117,0.118,0.173,0.174,0.194,0.175,0.169,0.195,0.199
020_AAAF,CRGRO048,6,6,2020-08-24T00:00:00Z,112,314,122,13,12,261,8,88,0,183,0.18,0,0,0.24,0,0.162,0.144,0.089,0.149,0.134,0.182,0.178,0.197,0.175,0.169,0.195,0.199
020_AAAF,CRGRO048,6,6,2020-08-25T00:00:00Z,113,329,137,13,12,281,8,88,0,183,0.17,0,0,0.05,0,0.152,0.147,0.111,0.183,0.158,0.199,0.188,0.2,0.189,0.169,0.195,0.199
020_AAAF,CRGRO048,6,6,2020-08-26T00:00:00Z,114,325,133,13,12,281,8,88,0,183,0.18,0,0,0,0,0.087,0.097,0.091,0.179,0.165,0.21,0.199,0.204,0.201,0.18,0.195,0.199
020_AAAF,CRGRO048,6,6,2020-08-27T00:00:00Z,115,320,128,13,13,281,8,88,0,183,0.16,0,0,0,0,0.049,0.065,0.063,0.137,0.132,0.186,0.181,0.198,0.282,0.194,0.205,0.205
020_AAAF,CRGRO048,6,6,2020-08-28T00:00:00Z,116,308,116,13,21,281,8,88,0,183,0.14,0,0,0,0,0.036,0.053,0.053,0.121,0.119,0.176,0.174,0.196,0.267,0.193,0.205,0.205
020_AAAF,CRGRO048,6,6,2020-08-29T00:00:00Z,117,299,107,13,27,281,8,88,0,183,0.12,0,0,0,0,0.026,0.051,0.052,0.115,0.113,0.173,0.172,0.195,0.222,0.193,0.205,0.205
020_AAAF,CRGRO048,6,6,2020-08-30T00:00:00Z,118,332,140,15,28,320,8,88,0,183,0.19,0,0,1.9,0,0.159,0.15,0.104,0.16,0.138,0.184,0.178,0.196,0.206,0.2,0.208,0.207
020_AAAF,CRGRO048,6,6,2020-08-31T00:00:00Z,119,331,139,15,29,323,8,88,0,182,0.18,0,0,0,0,0.117,0.106,0.092,0.171,0.153,0.197,0.187,0.199,0.203,0.201,0.209,0.208
020_AAAF,CRGRO048,6,6,2020-09-01T00:00:00Z,120,319,127,15,36,323,8,88,0,182,0.16,0,0,0,0,0.062,0.069,0.064,0.135,0.128,0.181,0.177,0.196,0.269,0.201,0.209,0.208
020_AAAF,CRGRO048,6,6,2020-09-02T00:00:00Z,121,308,116,15,43,323,8,88,0,182,0.14,0,0,0,0,0.043,0.054,0.053,0.12,0.117,0.174,0.175,0.195,0.248,0.2,0.209,0.208
020_AAAF,CRGRO048,6,6,2020-09-03T00:00:00Z,122,297,105,15,50,323,8,88,0,183,0.12,0,0,0,0,0.028,0.051,0.051,0.111,0.11,0.171,0.171,0.193,0.214,0.195,0.207,0.206
020_AAAF,CRGRO048,6,6,2020-09-04T00:00:00Z,123,290,98,15,52,323,8,88,0,183,0.11,0,0,0,0,0.014,0.048,0.049,0.105,0.105,0.167,0.168,0.191,0.2,0.193,0.207,0.206
020_AAAF,CRGRO048,6,6,2020-09-05T00:00:00Z,124,285,93,15,52,323,8,88,0,183,0.09,0,0,0,0,0.014,0.045,0.046,0.1,0.1,0.163,0.164,0.188,0.193,0.191,0.207,0.206
020_AAAF,CRGRO048,6,6,2020-09-06T00:00:00Z,125,282,90,15,52,323,8,88,0,183,0.08,0,0,0,0,0.014,0.043,0.044,0.098,0.098,0.161,0.161,0.186,0.191,0.189,0.207,0.206
020_AAAF,CRGRO048,6,6,2020-09-07T00:00:00Z,126,279,87,15,52,323,8,88,0,183,0.07,0,0,0,0,0.014,0.041,0.041,0.095,0.095,0.158,0.158,0.183,0.187,0.187,0.207,0.206
020_AAAF,CRGRO048,6,6,2020-09-08T00:00:00Z,127,275,83,15,52,323,8,88,0,183,0.06,0,0,0,0,0.014,0.038,0.039,0.092,0.092,0.155,0.155,0.181,0.184,0.184,0.207,0.206
020_AAAF,CRGRO048,6,6,2020-09-09T00:00:00Z,128,296,104,15,52,333,9,100,0,183,0.2,0,0,0,0,0.167,0.105,0.068,0.121,0.096,0.153,0.154,0.179,0.182,0.183,0.206,0.206
020_AAAF,CRGRO048,6,6,2020-09-10T00:00:00Z,129,304,112,15,52,344,9,100,0,183,0.18,0,0,0,0,0.158,0.112,0.08,0.143,0.126,0.162,0.154,0.179,0.182,0.183,0.206,0.206
020_AAAF,CRGRO048,6,6,2020-09-11T00:00:00Z,130,304,112,15,52,346,9,100,0,183,0.21,0,0,0,0,0.11,0.088,0.075,0.149,0.136,0.18,0.163,0.179,0.182,0.182,0.206,0.206
020_AAAF,CRGRO048,6,6,2020-09-12T00:00:00Z,131,301,109,15,52,346,9,100,0,183,0.2,0,0,0,0,0.069,0.069,0.065,0.142,0.136,0.186,0.177,0.181,0.182,0.182,0.206,0.206
020_AAAF,CRGRO048,6,6,2020-09-13T00:00:00Z,132,299,107,15,52,347,9,100,0,183,0.21,0,0,0,0,0.057,0.059,0.059,0.133,0.132,0.186,0.181,0.187,0.181,0.182,0.206,0.206
020_AAAF,CRGRO048,6,6,2020-09-14T00:00:00Z,133,297,105,15,52,348,9,100,0,183,0.2,0,0,0,0,0.053,0.055,0.055,0.123,0.124,0.182,0.18,0.193,0.181,0.182,0.206,0.206
020_AAAF,CRGRO048,6,6,2020-09-15T00:00:00Z,134,298,106,15,52,350,9,100,0,183,0.22,0,0,0,0,0.071,0.058,0.056,0.121,0.121,0.179,0.178,0.196,0.181,0.182,0.206,0.206
020_AAAF,CRGRO048,6,6,2020-09-16T00:00:00Z,135,307,115,15,52,360,9,100,0,183,0.22,0,0,0,0,0.15,0.078,0.064,0.129,0.125,0.179,0.178,0.197,0.185,0.182,0.206,0.206
020_AAAF,CRGRO048,6,6,2020-09-17T00:00:00Z,136,311,119,15,52,367,9,100,0,183,0.19,0,0,0,0,0.149,0.084,0.069,0.136,0.129,0.182,0.179,0.198,0.192,0.182,0.206,0.206
020_AAAF,CRGRO048,6,6,2020-09-18T00:00:00Z,137,305,113,15,57,367,9,100,0,183,0.18,0,0,0,0,0.086,0.064,0.058,0.124,0.121,0.176,0.175,0.197,0.202,0.194,0.206,0.206
020_AAAF,CRGRO048,6,6,2020-09-19T00:00:00Z,138,300,108,15,60,367,9,100,0,183,0.15,0,0,0,0,0.06,0.055,0.054,0.118,0.119,0.175,0.174,0.197,0.197,0.194,0.206,0.206
020_AAAF,CRGRO048,6,6,2020-09-20T00:00:00Z,139,298,106,15,60,367,9,100,0,183,0.13,0,0,0,0,0.049,0.054,0.053,0.116,0.116,0.174,0.173,0.196,0.196,0.194,0.206,0.206
020_AAAF,CRGRO048,6,6,2020-09-21T00:00:00Z,140,295,103,15,60,367,9,100,0,183,0.11,0,0,0,0,0.039,0.052,0.051,0.111,0.111,0.171,0.171,0.194,0.195,0.193,0.206,0.206
020_AAAF,CRGRO048,6,6,2020-09-22T00:00:00Z,141,291,99,15,60,367,9,100,0,183,0.1,0,0,0,0,0.029,0.05,0.05,0.107,0.107,0.169,0.169,0.192,0.194,0.191,0.206,0.206
020_AAAF,CRGRO048,6,6,2020-09-23T00:00:00Z,142,289,97,15,60,367,9,100,0,183,0.08,0,0,0,0,0.022,0.048,0.048,0.105,0.105,0.167,0.167,0.191,0.193,0.191,0.206,0.206
020_AAAF,CRGRO048,6,6,2020-09-24T00:00:00Z,143,286,94,15,60,367,9,100,0,183,0.07,0,0,0,0,0.014,0.046,0.047,0.103,0.103,0.165,0.165,0.189,0.191,0.189,0.206,0.206
020_AAAF,CRGRO048,6,6,2020-09-25T00:00:00Z,144,286,94,15,60,370,9,100,0,183,0.22,0,0,0,0,0.061,0.049,0.045,0.1,0.1,0.162,0.162,0.187,0.189,0.188,0.206,0.206
020_AAAF,CRGRO048,6,6,2020-09-26T00:00:00Z,145,283,91,15,60,370,9,100,0,183,0.19,0,0,0,0,0.042,0.049,0.043,0.097,0.098,0.16,0.16,0.185,0.187,0.186,0.206,0.206
020_AAAF,CRGRO048,6,6,2020-09-27T00:00:00Z,146,282,90,15,60,370,9,100,0,183,0.24,0,0,0,0,0.052,0.049,0.043,0.097,0.097,0.159,0.16,0.185,0.186,0.186,0.206,0.206
020_AAAF,CRGRO048,6,6,2020-09-28T00:00:00Z,147,283,91,15,60,373,9,100,0,183,0.21,0,0,0,0,0.069,0.055,0.046,0.095,0.096,0.158,0.158,0.183,0.185,0.185,0.206,0.206
020_AAAF,CRGRO048,6,6,2020-09-29T00:00:00Z,148,302,110,15,60,394,9,100,0,183,0.24,0,0,0,0,0.157,0.115,0.075,0.129,0.11,0.157,0.157,0.183,0.184,0.184,0.206,0.206
020_AAAF,CRGRO048,6,6,2020-09-30T00:00:00Z,149,298,107,15,60,394,9,100,0,183,0.2,0,0,0,0,0.081,0.071,0.056,0.117,0.117,0.174,0.174,0.196,0.187,0.184,0.206,0.206
020_AAAF,CRGRO048,7,7,2020-05-04T00:00:00Z,0,256,64,0,0,0,0,0,0,174,0,0,0,0,0,0.086,0.086,0.086,0.086,0.086,0.118,0.118,0.135,0.129,0.129,0.178,0.258
020_AAAF,CRGRO048,7,7,2020-05-05T00:00:00Z,1,252,61,0,7,0,1,8,0,179,0,0,0,0,0,0.064,0.086,0.079,0.13,0.1,0.118,0.118,0.135,0.129,0.129,0.178,0.228
020_AAAF,CRGRO048,7,7,2020-05-06T00:00:00Z,2,247,55,0,10,0,1,8,0,181,0,0,0,0,0,0.013,0.066,0.063,0.123,0.119,0.146,0.118,0.135,0.129,0.129,0.178,0.214
020_AAAF,CRGRO048,7,7,2020-05-07T00:00:00Z,3,246,54,0,12,0,1,8,0,182,0,0,0,0,0,0.014,0.058,0.057,0.121,0.119,0.162,0.118,0.135,0.129,0.13,0.178,0.209
020_AAAF,CRGRO048,7,7,2020-05-08T00:00:00Z,4,245,53,0,12,0,1,8,0,183,0,0,0,0,0,0.014,0.054,0.055,0.121,0.119,0.167,0.119,0.135,0.129,0.13,0.178,0.206
020_AAAF,CRGRO048,7,7,2020-05-09T00:00:00Z,5,245,53,0,12,0,1,8,0,183,0,0,0,0,0,0.014,0.054,0.055,0.121,0.119,0.167,0.119,0.135,0.129,0.13,0.178,0.206
020_AAAF,CRGRO048,7,7,2020-05-10T00:00:00Z,6,245,53,0,12,0,1,8,0,183,0,0,0,0,0,0.014,0.053,0.055,0.121,0.119,0.166,0.119,0.135,0.129,0.13,0.178,0.206
020_AAAF,CRGRO048,7,7,2020-05-11T00:00:00Z,7,245,53,0,12,0,1,8,0,183,0,0,0,0,0,0.014,0.053,0.055,0.121,0.119,0.166,0.12,0.135,0.129,0.13,0.178,0.206
020_AAAF,CRGRO048,7,7,2020-05-12T00:00:00Z,8,245,53,0,12,0,1,8,0,183,0,0,0,0,0,0.014,0.052,0.055,0.121,0.118,0.166,0.12,0.135,0.129,0.13,0.178,0.206
020_AAAF,CRGRO048,7,7,2020-05-13T00:00:00Z,9,245,53,0,12,0,1,8,0,183,0,0,0,0,0,0.014,0.052,0.055,0.121,0.118,0.166,0.12,0.135,0.129,0.131,0.178,0.206
020_AAAF,CRGRO048,7,7,2020-05-14T00:00:00Z,10,245,53,0,12,0,1,8,0,183,0,0,0,0,0,0.014,0.051,0.055,0.121,0.118,0.165,0.121,0.135,0.129,0.131,0.178,0.206
020_AAAF,CRGRO048,7,7,2020-05-15T00:00:00Z,11,245,53,0,12,0,1,8,0,183,0,0,0,0,0,0.014,0.051,0.055,0.121,0.118,0.165,0.121,0.135,0.129,0.131,0.178,0.205
020_AAAF,CRGRO048,7,7,2020-05-16T00:00:00Z,12,245,53,0,12,0,1,8,0,183,0,0,0,0,0,0.014,0.05,0.055,0.121,0.118,0.165,0.122,0.135,0.129,0.131,0.178,0.205
020_AAAF,CRGRO048,7,7,2020-05-17T00:00:00Z,13,245,53,0,12,0,1,8,0,183,0,0,0,0,0,0.014,0.05,0.055,0.12,0.118,0.164,0.122,0.135,0.129,0.131,0.178,0.205
020_AAAF,CRGRO048,7,7,2020-05-18T00:00:00Z,14,245,53,0,12,0,1,8,0,183,0,0,0,0,0,0.014,0.049,0.055,0.12,0.118,0.164,0.122,0.135,0.129,0.131,0.178,0.205
020_AAAF,CRGRO048,7,7,2020-05-19T00:00:00Z,15,244,53,0,12,0,1,8,0,183,0,0,0,0,0,0.014,0.049,0.054,0.12,0.118,0.164,0.123,0.135,0.129,0.132,0.178,0.205
020_AAAF,CRGRO048,7,7,2020-05-20T00:00:00Z,16,261,70,0,12,17,1,8,0,183,0,0,0,0,0,0.167,0.088,0.068,0.133,0.126,0.173,0.123,0.135,0.129,0.132,0.178,0.205
020_AAAF,CRGRO048,7,7,2020-05-21T00:00:00Z,17,261,69,0,12,21,1,8,0,183,0,0,0,0,0,0.067,0.087,0.072,0.142,0.134,0.182,0.135,0.135,0.129,0.132,0.178,0.205
020_AAAF,CRGRO048,7,7,2020-05-22T00:00:00Z,18,261,69,0,12,23,1,8,0,183,0,0,0,0,0,0.024,0.072,0.068,0.142,0.138,0.187,0.154,0.135,0.129,0.132,0.178,0.205
020_AAAF,CRGRO048,7,7,2020-05-23T00:00:00Z,19,260,68,0,12,23,1,8,0,183,0,0,0,0,0,0.02,0.059,0.062,0.136,0.136,0.188,0.174,0.135,0.129,0.132,0.178,0.205
020_AAAF,CRGRO048,7,7,2020-05-24T00:00:00Z,20,260,68,0,12,23,1,8,0,183,0,0,0,0,0,0.014,0.054,0.056,0.126,0.126,0.18,0.174,0.151,0.129,0.132,0.178,0.204
020_AAAF,CRGRO048,7,7,2020-05-25T00:00:00Z,21,261,69,0,12,25,1,8,0,183,0,0,0,0,0,0.05,0.053,0.055,0.122,0.123,0.179,0.176,0.153,0.129,0.133,0.178,0.204
020_AAAF,CRGRO048,7,7,2020-05-26T00:00:00Z,22,263,71,0,12,28,1,8,0,183,0,0,0,0,0,0.045,0.06,0.057,0.123,0.123,0.178,0.177,0.155,0.129,0.133,0.178,0.204
020_AAAF,CRGRO048,7,7,2020-05-27T00:00:00Z,23,261,69,0,12,28,1,8,0,183,0,0,0,0,0,0.02,0.055,0.055,0.123,0.123,0.178,0.177,0.157,0.129,0.133,0.178,0.204
020_AAAF,CRGRO048,7,7,2020-05-28T00:00:00Z,24,261,69,0,12,28,1,8,0,183,0,0,0,0,0,0.014,0.054,0.055,0.12,0.12,0.175,0.175,0.161,0.129,0.133,0.178,0.204
020_AAAF,CRGRO048,7,7,2020-05-29T00:00:00Z,25,260,69,0,12,28,1,8,0,183,0,0,0,0,0,0.014,0.052,0.054,0.119,0.12,0.175,0.175,0.161,0.13,0.133,0.178,0.204
020_AAAF,CRGRO048,7,7,2020-05-30T00:00:00Z,26,260,68,0,12,28,1,8,0,183,0,0,0,0,0,0.014,0.051,0.053,0.118,0.12,0.175,0.175,0.161,0.13,0.133,0.178,0.204
020_AAAF,CRGRO048,7,7,2020-05-31T00:00:00Z,27,260,68,0,12,28,1,8,0,183,0,0,0,0,0,0.014,0.05,0.053,0.117,0.119,0.175,0.174,0.161,0.13,0.134,0.178,0.204
020_AAAF,CRGRO048,7,7,2020-06-01T00:00:00Z,28,259,67,0,12,28,1,8,0,183,0,0,0,0,0,0.014,0.049,0.052,0.116,0.118,0.175,0.174,0.161,0.13,0.134,0.178,0.204
020_AAAF,CRGRO048,7,7,2020-06-02T00:00:00Z,29,259,67,0,12,28,1,8,0,183,0,0,0,0,0,0.014,0.048,0.051,0.115,0.117,0.175,0.174,0.161,0.13,0.134,0.178,0.203
020_AAAF,CRGRO048,7,7,2020-06-03T00:00:00Z,30,258,66,0,12,28,1,8,0,183,0,0,0,0,0,0.014,0.047,0.051,0.114,0.116,0.175,0.174,0.161,0.13,0.134,0.178,0.203
020_AAAF,CRGRO048,7,7,2020-06-04T00:00:00Z,31,258,66,0,12,28,1,8,0,183,0,0,0,0,0,0.014,0.046,0.05,0.113,0.115,0.175,0.174,0.161,0.13,0.134,0.178,0.203
020_AAAF,CRGRO048,7,7,2020-06-05T00:00:00Z,32,257,66,0,12,28,1,8,0,183,0,0,0,0,0,0.014,0.045,0.049,0.111,0.114,0.175,0.173,0.161,0.13,0.134,0.178,0.203
020_AAAF,CRGRO048,7,7,2020-06-06T00:00:00Z,33,258,66,0,12,29,1,8,0,183,0,0,0,0,0,0.024,0.045,0.049,0.111,0.113,0.174,0.173,0.161,0.13,0.135,0.178,0.203
020_AAAF,CRGRO048,7,7,2020-06-07T00:00:00Z,34,267,75,0,12,39,1,8,0,183,0,0,0,0,0,0.125,0.068,0.057,0.121,0.113,0.174,0.173,0.161,0.131,0.135,0.178,0.203
020_AAAF,CRGRO048,7,7,2020-06-08T00:00:00Z,35,265,74,0,12,42,1,8,0,183,0,0,0,0,0,0.031,0.071,0.062,0.127,0.121,0.175,0.175,0.161,0.131,0.135,0.178,0.203
020_AAAF,CRGRO048,7,7,2020-06-09T00:00:00Z,36,272,80,0,12,50,1,8,0,183,0,0,0,0,0,0.103,0.073,0.065,0.132,0.127,0.179,0.177,0.164,0.131,0.135,0.178,0.203
020_AAAF,CRGRO048,7,7,2020-06-10T00:00:00Z,37,269,77,0,12,51,1,8,0,183,0,0,0,0,0,0.013,0.066,0.062,0.133,0.129,0.182,0.18,0.168,0.131,0.135,0.178,0.203
020_AAAF,CRGRO048,7,7,2020-06-11T00:00:00Z,38,270,78,0,12,53,1,8,0,183,0,0,0,0,0,0.057,0.055,0.057,0.127,0.127,0.182,0.181,0.173,0.131,0.135,0.178,0.203
020_AAAF,CRGRO048,7,7,2020-06-12T00:00:00Z,39,268,76,0,12,53,1,8,0,183,0,0,0,0,0,0.022,0.055,0.055,0.124,0.124,0.18,0.18,0.177,0.131,0.135,0.178,0.202
020_AAAF,CRGRO048,7,7,2020-06-13T00:00:00Z,40,266,74,0,12,53,1,8,0,183,0,0,0,0,0,0.014,0.053,0.054,0.116,0.117,0.175,0.176,0.183,0.131,0.136,0.178,0.202
020_AAAF,CRGRO048,7,7,2020-06-14T00:00:00Z,41,265,73,0,12,53,1,8,0,183,0,0,0,0,0,0.014,0.05,0.052,0.112,0.114,0.174,0.175,0.183,0.132,0.136,0.178,0.202
020_AAAF,CRGRO048,7,7,2020-06-15T00:00:00Z,42,263,72,0,12,53,1,8,0,183,0,0,0,0,0,0.014,0.048,0.05,0.11,0.111,0.173,0.174,0.183,0.132,0.136,0.178,0.202
020_AAAF,CRGRO048,7,7,2020-06-16T00:00:00Z,43,263,71,0,12,53,1,8,0,183,0,0,0,0,0,0.014,0.047,0.049,0.108,0.11,0.172,0.173,0.182,0.132,0.136,0.178,0.202
020_AAAF,CRGRO048,7,7,2020-06-17T00:00:00Z,44,261,70,0,12,53,1,8,0,183,0,0,0,0,0,0.014,0.046,0.048,0.106,0.107,0.17,0.172,0.182,0.132,0.136,0.178,0.202
020_AAAF,CRGRO048,7,7,2020-06-18T00:00:00Z,45,260,68,0,12,53,1,8,0,183,0,0,0,0,0,0.014,0.044,0.047,0.104,0.105,0.169,0.171,0.182,0.133,0.136,0.178,0.202
020_AAAF,CRGRO048,7,7,2020-06-19T00:00:00Z,46,269,77,0,12,54,2,16,0,183,0,0,0,0,0,0.123,0.065,0.054,0.108,0.104,0.167,0.169,0.182,0.133,0.136,0.178,0.202
020_AAAF,CRGRO048,7,7,2020-06-20T00:00:00Z,47,264,72,0,12,55,2,16,0,183,0,0,0,0,0,0.013,0.059,0.057,0.119,0.103,0.166,0.168,0.182,0.133,0.137,0.178,0.202
020_AAAF,CRGRO048,7,7,2020-06-21T00:00:00Z,48,262,70,0,12,55,2,16,0,183,0,0,0,0,0,0.014,0.051,0.052,0.112,0.108,0.165,0.167,0.181,0.133,0.137,0.178,0.202
020_AAAF,CRGRO048,7,7,2020-06-22T00:00:00Z,49,260,68,0,12,55,2,16,0,183,0,0,0,0,0,0.014,0.048,0.049,0.107,0.105,0.164,0.166,0.181,0.133,0.137,0.178,0.201
020_AAAF,CRGRO048,7,7,2020-06-23T00:00:00Z,50,258,66,0,12,55,2,16,0,183,0,0,0,0,0,0.014,0.046,0.047,0.103,0.102,0.162,0.164,0.18,0.134,0.137,0.178,0.201
020_AAAF,CRGRO048,7,7,2020-06-24T00:00:00Z,51,266,74,0,12,55,3,25,0,183,0,0,0,0,0,0.116,0.063,0.054,0.106,0.1,0.161,0.163,0.18,0.134,0.137,0.178,0.201
020_AAAF,CRGRO048,7,7,2020-06-25T00:00:00Z,52,262,70,0,12,55,3,25,0,183,0.01,0,0,0,0,0.033,0.052,0.052,0.118,0.111,0.16,0.162,0.18,0.134,0.137,0.178,0.201
020_AAAF,CRGRO048,7,7,2020-06-26T00:00:00Z,53,259,67,0,12,55,3,25,0,183,0.01,0,0,0,0,0.014,0.049,0.05,0.108,0.107,0.159,0.161,0.179,0.134,0.137,0.178,0.201
020_AAAF,CRGRO048,7,7,2020-06-27T00:00:00Z,54,257,65,0,12,55,3,25,0,183,0.01,0,0,0,0,0.024,0.046,0.047,0.103,0.103,0.158,0.16,0.179,0.135,0.138,0.178,0.201
020_AAAF,CRGRO048,7,7,2020-06-28T00:00:00Z,55,263,72,0,12,55,4,34,0,183,0.01,0,0,0,0,0.107,0.063,0.053,0.105,0.1,0.157,0.158,0.178,0.135,0.138,0.178,0.201
020_AAAF,CRGRO048,7,7,2020-06-29T00:00:00Z,56,258,66,0,12,55,4,34,0,183,0.01,0,0,0,0,0.013,0.046,0.05,0.116,0.106,0.156,0.157,0.177,0.135,0.138,0.178,0.201
020_AAAF,CRGRO048,7,7,2020-06-30T00:00:00Z,57,268,77,0,12,69,4,34,0,183,0.01,0,0,0,0,0.162,0.073,0.057,0.111,0.109,0.155,0.156,0.177,0.135,0.138,0.178,0.201
020_AAAF,CRGRO048,7,7,2020-07-01T00:00:00Z,58,263,71,0,12,69,4,34,0,183,0.01,0,0,0,0,0.04,0.051,0.051,0.116,0.116,0.174,0.16,0.176,0.135,0.138,0.178,0.201
020_AAAF,CRGRO048,7,7,2020-07-02T00:00:00Z,59,258,66,0,12,69,4,34,0,183,0.01,0,0,0,0,0.014,0.048,0.048,0.106,0.106,0.169,0.159,0.176,0.135,0.138,0.178,0.2
020_AAAF,CRGRO048,7,7,2020-07-03T00:00:00Z,60,255,63,0,12,69,4,34,0,183,0.02,0,0,0,0,0.014,0.044,0.045,0.1,0.101,0.164,0.157,0.175,0.136,0.138,0.178,0.2
020_AAAF,CRGRO048,7,7,2020-07-04T00:00:00Z,61,263,71,0,12,69,5,43,0,183,0.02,0,0,0,0,0.123,0.063,0.052,0.101,0.097,0.16,0.156,0.174,0.136,0.139,0.178,0.2
020_AAAF,CRGRO048,7,7,2020-07-05T00:00:00Z,62,264,72,0,12,74,5,43,0,183,0.02,0,0,0,0,0.092,0.066,0.059,0.119,0.096,0.159,0.155,0.174,0.136,0.139,0.178,0.2
020_AAAF,CRGRO048,7,7,2020-07-06T00:00:00Z,63,305,113,11,12,128,5,43,0,183,0.02,0,0,10.99,0,0.144,0.147,0.137,0.191,0.152,0.186,0.172,0.174,0.136,0.139,0.178,0.2
020_AAAF,CRGRO048,7,7,2020-07-07T00:00:00Z,64,311,119,11,12,137,5,43,0,183,0.02,0,0,0,0,0.145,0.117,0.11,0.199,0.175,0.21,0.193,0.187,0.136,0.139,0.178,0.2
020_AAAF,CRGRO048,7,7,2020-07-08T00:00:00Z,65,307,115,11,12,137,5,43,0,183,0.02,0,0,0,0,0.064,0.075,0.072,0.148,0.138,0.187,0.18,0.196,0.234,0.184,0.178,0.2
020_AAAF,CRGRO048,7,7,2020-07-09T00:00:00Z,66,306,114,11,12,139,5,43,0,183,0.03,0,0,0,0,0.053,0.064,0.063,0.139,0.136,0.189,0.184,0.198,0.213,0.201,0.185,0.2
020_AAAF,CRGRO048,7,7,2020-07-10T00:00:00Z,67,300,108,11,13,139,5,43,0,183,0.03,0,0,0,0,0.021,0.053,0.053,0.121,0.12,0.177,0.175,0.197,0.202,0.201,0.205,0.205
020_AAAF,CRGRO048,7,7,2020-07-11T00:00:00Z,68,293,101,11,15,139,5,43,0,183,0.03,0,0,0,0,0.014,0.049,0.05,0.108,0.108,0.172,0.171,0.195,0.197,0.197,0.205,0.205
020_AAAF,CRGRO048,7,7,2020-07-12T00:00:00Z,69,288,96,11,15,139,5,43,0,183,0.03,0,0,0,0,0.014,0.045,0.046,0.101,0.102,0.166,0.166,0.191,0.196,0.196,0.205,0.205
020_AAAF,CRGRO048,7,7,2020-07-13T00:00:00Z,70,292,100,11,15,139,6,52,0,183,0.03,0,0,0,0,0.119,0.062,0.052,0.102,0.097,0.161,0.161,0.187,0.194,0.196,0.205,0.205
020_AAAF,CRGRO048,7,7,2020-07-14T00:00:00Z,71,286,94,11,15,139,6,52,0,183,0.03,0,0,0,0,0.038,0.042,0.048,0.116,0.101,0.158,0.159,0.185,0.192,0.195,0.205,0.205
020_AAAF,CRGRO048,7,7,2020-07-15T00:00:00Z,72,282,90,11,15,139,6,52,0,183,0.03,0,0,0,0,0.02,0.041,0.046,0.102,0.098,0.157,0.157,0.184,0.191,0.194,0.205,0.205
020_AAAF,CRGRO048,7,7,2020-07-16T00:00:00Z,73,287,96,11,15,139,7,62,0,183,0.03,0,0,0,0,0.12,0.063,0.051,0.101,0.095,0.154,0.155,0.181,0.189,0.193,0.205,0.205
020_AAAF,CRGRO048,7,7,2020-07-17T00:00:00Z,74,282,90,11,15,139,7,62,0,183,0.03,0,0,0,0,0.046,0.041,0.049,0.116,0.098,0.153,0.154,0.18,0.188,0.192,0.205,0.205
020_AAAF,CRGRO048,7,7,2020-07-18T00:00:00Z,75,277,85,11,15,139,7,62,0,183,0.03,0,0,0,0,0.025,0.04,0.045,0.098,0.095,0.152,0.152,0.179,0.187,0.19,0.205,0.205
020_AAAF,CRGRO048,7,7,2020-07-19T00:00:00Z,76,284,92,11,15,139,8,72,0,183,0.03,0,0,0,0,0.121,0.064,0.052,0.099,0.092,0.15,0.151,0.177,0.185,0.189,0.205,0.205
020_AAAF,CRGRO048,7,7,2020-07-20T00:00:00Z,77,279,87,11,15,139,8,72,0,183,0.03,0,0,0,0,0.049,0.039,0.049,0.117,0.095,0.149,0.15,0.176,0.184,0.188,0.205,0.205
020_AAAF,CRGRO048,7,7,2020-07-21T00:00:00Z,78,273,81,11,15,139,8,72,0,183,0.03,0,0,0,0,0.028,0.038,0.045,0.094,0.093,0.148,0.149,0.175,0.183,0.187,0.205,0.205
020_AAAF,CRGRO048,7,7,2020-07-22T00:00:00Z,79,283,91,11,15,142,9,82,0,183,0.06,0,0,0,0,0.15,0.071,0.054,0.102,0.09,0.147,0.147,0.174,0.181,0.185,0.205,0.205
020_AAAF,CRGRO048,7,7,2020-07-23T00:00:00Z,80,282,90,11,15,144,9,82,0,183,0.06,0,0,0,0,0.098,0.06,0.059,0.118,0.092,0.146,0.147,0.173,0.181,0.185,0.205,0.205
020_AAAF,CRGRO048,7,7,2020-07-24T00:00:00Z,81,277,86,11,15,145,9,82,0,183,0.06,0,0,0,0,0.052,0.054,0.052,0.11,0.098,0.146,0.147,0.173,0.18,0.184,0.205,0.205
020_AAAF,CRGRO048,7,7,2020-07-25T00:00:00Z,82,274,82,11,15,145,9,82,0,183,0.06,0,0,0,0,0.039,0.048,0.047,0.102,0.096,0.145,0.146,0.172,0.179,0.183,0.205,0.205
020_AAAF,CRGRO048,7,7,2020-07-26T00:00:00Z,83,278,86,11,15,145,10,91,0,183,0.06,0,0,0,0,0.107,0.061,0.051,0.103,0.092,0.144,0.145,0.171,0.178,0.182,0.205,0.205
020_AAAF,CRGRO048,7,7,2020-07-27T00:00:00Z,84,272,80,11,15,145,10,91,0,183,0.06,0,0,0,0,0.041,0.039,0.048,0.114,0.092,0.144,0.144,0.17,0.177,0.181,0.205,0.205
020_AAAF,CRGRO048,7,7,2020-07-28T00:00:00Z,85,268,76,11,15,145,10,91,0,183,0.06,0,0,0,0,0.027,0.038,0.043,0.093,0.091,0.143,0.144,0.17,0.176,0.18,0.205,0.205
020_AAAF,CRGRO048,7,7,2020-07-29T00:00:00Z,86,282,91,11,15,151,11,102,0,183,0.09,0,0,0,0,0.161,0.085,0.059,0.113,0.088,0.142,0.143,0.169,0.175,0.179,0.205,0.205
020_AAAF,CRGRO048,7,7,2020-07-30T00:00:00Z,87,280,88,11,15,152,11,102,0,183,0.09,0,0,0,0,0.096,0.069,0.061,0.123,0.101,0.142,0.142,0.168,0.175,0.179,0.204,0.205
020_AAAF,CRGRO048,7,7,2020-07-31T00:00:00Z,88,276,84,11,15,152,11,102,0,183,0.08,0,0,0,0,0.053,0.049,0.051,0.111,0.118,0.153,0.142,0.168,0.175,0.179,0.204,0.205
020_AAAF,CRGRO048,7,7,2020-08-01T00:00:00Z,89,271,79,11,15,152,11,102,0,183,0.08,0,0,0,0,0.036,0.046,0.047,0.102,0.099,0.152,0.142,0.168,0.174,0.178,0.204,0.205
020_AAAF,CRGRO048,7,7,2020-08-02T00:00:00Z,90,275,83,11,15,152,12,110,0,183,0.08,0,0,0,0,0.11,0.062,0.051,0.101,0.093,0.149,0.141,0.167,0.173,0.177,0.204,0.205
020_AAAF,CRGRO048,7,7,2020-08-03T00:00:00Z,91,270,78,11,15,152,12,110,0,183,0.07,0,0,0,0,0.047,0.041,0.048,0.115,0.092,0.148,0.141,0.167,0.172,0.176,0.204,0.205
020_AAAF,CRGRO048,7,7,2020-08-04T00:00:00Z,92,267,75,11,15,152,12,110,0,183,0.1,0,0,0,0,0.044,0.04,0.045,0.098,0.091,0.147,0.141,0.166,0.172,0.176,0.204,0.205
020_AAAF,CRGRO048,7,7,2020-08-05T00:00:00Z,93,274,82,11,15,152,13,120,0,183,0.1,0,0,0,0,0.123,0.065,0.051,0.099,0.088,0.146,0.14,0.165,0.171,0.175,0.204,0.205
020_AAAF,CRGRO048,7,7,2020-08-06T00:00:00Z,94,273,81,11,15,156,13,120,0,183,0.11,0,0,0,0,0.096,0.055,0.057,0.113,0.088,0.145,0.14,0.165,0.171,0.175,0.204,0.205
020_AAAF,CRGRO048,7,7,2020-08-07T00:00:00Z,95,269,78,11,15,156,13,120,0,183,0.11,0,0,0,0,0.053,0.053,0.05,0.112,0.087,0.145,0.139,0.165,0.17,0.174,0.204,0.205
020_AAAF,CRGRO048,7,7,2020-08-08T00:00:00Z,96,266,74,11,15,156,13,120,0,183,0.11,0,0,0,0,0.041,0.047,0.046,0.1,0.087,0.144,0.139,0.164,0.17,0.174,0.204,0.205
020_AAAF,CRGRO048,7,7,2020-08-09T00:00:00Z,97,277,85,11,15,162,14,129,0,183,0.12,0,0,0,0,0.157,0.078,0.057,0.115,0.085,0.143,0.139,0.164,0.169,0.173,0.204,0.205
020_AAAF,CRGRO048,7,7,2020-08-10T00:00:00Z,98,285,93,11,15,172,14,129,0,183,0.12,0,0,0,0,0.156,0.093,0.071,0.131,0.109,0.142,0.139,0.164,0.169,0.173,0.203,0.205
020_AAAF,CRGRO048,7,7,2020-08-11T00:00:00Z,99,280,89,11,15,172,14,129,0,183,0.12,0,0,0,0,0.078,0.06,0.051,0.115,0.116,0.174,0.161,0.163,0.169,0.173,0.203,0.205
020_AAAF,CRGRO048,7,7,2020-08-12T00:00:00Z,100,287,95,11,15,182,14,129,0,183,0.14,0,0,0,0,0.141,0.075,0.061,0.121,0.115,0.172,0.163,0.163,0.169,0.173,0.203,0.205
020_AAAF,CRGRO048,7,7,2020-08-13T00:00:00Z,101,283,91,11,15,182,14,129,0,183,0.14,0,0,0,0,0.08,0.063,0.059,0.121,0.118,0.173,0.164,0.163,0.168,0.173,0.203,0.205
020_AAAF,CRGRO048,7,7,2020-08-14T00:00:00Z,102,287,95,11,15,190,14,129,0,183,0.14,0,0,0,0,0.121,0.071,0.061,0.122,0.118,0.174,0.167,0.163,0.168,0.173,0.203,0.205
020_AAAF,CRGRO048,7,7,2020-08-15T00:00:00Z,103,282,90,11,15,190,14,129,0,183,0.13,0,0,0,0,0.065,0.052,0.052,0.112,0.112,0.171,0.173,0.174,0.168,0.173,0.203,0.205
020_AAAF,CRGRO048,7,7,2020-08-16T00:00:00Z,104,278,86,11,15,190,14,129,0,183,0.12,0,0,0,0,0.039,0.05,0.05,0.105,0.105,0.167,0.168,0.174,0.168,0.173,0.203,0.205
020_AAAF,CRGRO048,7,7,2020-08-17T00:00:00Z,105,273,81,11,15,190,14,129,0,183,0.11,0,0,0,0,0.028,0.045,0.045,0.099,0.099,0.162,0.162,0.173,0.168,0.172,0.203,0.205
020_AAAF,CRGRO048,7,7,2020-08-18T00:00:00Z,106,315,123,13,15,229,15,138,0,183,0.15,0,0,2.22,0,0.157,0.148,0.123,0.172,0.138,0.177,0.168,0.172,0.167,0.172,0.203,0.205
020_AAAF,CRGRO048,7,7,2020-08-19T00:00:00Z,107,307,116,13,18,229,15,138,0,183,0.14,0,0,0,0,0.08,0.084,0.074,0.134,0.12,0.172,0.173,0.196,0.2,0.194,0.205,0.205
020_AAAF,CRGRO048,7,7,2020-08-20T00:00:00Z,108,305,113,13,18,231,15,138,0,183,0.16,0,0,0,0,0.067,0.066,0.064,0.134,0.125,0.178,0.175,0.197,0.196,0.195,0.206,0.205
020_AAAF,CRGRO048,7,7,2020-08-21T00:00:00Z,109,303,111,13,18,231,15,138,0,183,0.16,0,0,0,0,0.055,0.057,0.058,0.128,0.125,0.179,0.177,0.197,0.196,0.195,0.208,0.205
020_AAAF,CRGRO048,7,7,2020-08-22T00:00:00Z,110,302,110,13,18,232,15,138,0,183,0.17,0,0,0,0,0.058,0.056,0.055,0.123,0.123,0.178,0.177,0.197,0.196,0.195,0.207,0.208
020_AAAF,CRGRO048,7,7,2020-08-23T00:00:00Z,111,301,109,13,18,233,15,138,0,183,0.16,0,0,0,0,0.058,0.055,0.054,0.12,0.12,0.176,0.176,0.197,0.196,0.196,0.206,0.207
020_AAAF,CRGRO048,7,7,2020-08-24T00:00:00Z,112,327,135,13,19,261,15,138,0,183,0.17,0,0,0.27,0,0.163,0.145,0.09,0.151,0.135,0.184,0.18,0.198,0.197,0.196,0.207,0.207
020_AAAF,CRGRO048,7,7,2020-08-25T00:00:00Z,113,341,150,14,20,281,15,138,0,183,0.16,0,0,0.07,0,0.155,0.147,0.112,0.184,0.159,0.2,0.19,0.201,0.201,0.199,0.208,0.207
020_AAAF,CRGRO048,7,7,2020-08-26T00:00:00Z,114,337,145,14,21,281,15,138,0,182,0.17,0,0,0,0,0.091,0.098,0.092,0.179,0.166,0.211,0.2,0.204,0.207,0.203,0.21,0.209
020_AAAF,CRGRO048,7,7,2020-08-27T00:00:00Z,115,325,133,14,28,281,15,138,0,182,0.15,0,0,0,0,0.054,0.065,0.063,0.138,0.132,0.186,0.182,0.198,0.292,0.202,0.21,0.209
020_AAAF,CRGRO048,7,7,2020-08-28T00:00:00Z,116,313,122,14,36,281,15,138,0,182,0.14,0,0,0,0,0.044,0.052,0.053,0.12,0.118,0.176,0.174,0.196,0.277,0.202,0.21,0.209
020_AAAF,CRGRO048,7,7,2020-08-29T00:00:00Z,117,303,111,14,43,281,15,138,0,182,0.12,0,0,0,0,0.037,0.051,0.051,0.114,0.113,0.173,0.172,0.195,0.228,0.201,0.21,0.209
020_AAAF,CRGRO048,7,7,2020-08-30T00:00:00Z,118,335,143,16,45,320,15,138,0,182,0.18,0,0,2.02,0,0.161,0.15,0.105,0.16,0.138,0.183,0.178,0.196,0.208,0.204,0.211,0.21
020_AAAF,CRGRO048,7,7,2020-08-31T00:00:00Z,119,333,141,16,47,323,15,138,0,182,0.18,0,0,0,0,0.12,0.106,0.093,0.171,0.153,0.197,0.187,0.199,0.204,0.203,0.211,0.211
020_AAAF,CRGRO048,7,7,2020-09-01T00:00:00Z,120,321,129,16,54,323,15,138,0,182,0.16,0,0,0,0,0.066,0.069,0.063,0.135,0.127,0.181,0.177,0.196,0.271,0.203,0.211,0.211
020_AAAF,CRGRO048,7,7,2020-09-02T00:00:00Z,121,310,118,16,61,323,15,138,0,182,0.14,0,0,0,0,0.046,0.054,0.053,0.12,0.117,0.174,0.175,0.195,0.251,0.202,0.211,0.211
020_AAAF,CRGRO048,7,7,2020-09-03T00:00:00Z,122,298,106,16,69,323,15,138,0,182,0.12,0,0,0,0,0.035,0.051,0.051,0.11,0.11,0.171,0.171,0.193,0.215,0.196,0.208,0.209
020_AAAF,CRGRO048,7,7,2020-09-04T00:00:00Z,123,291,99,16,71,323,15,138,0,183,0.11,0,0,0,0,0.024,0.048,0.048,0.104,0.104,0.167,0.167,0.19,0.2,0.194,0.208,0.207
020_AAAF,CRGRO048,7,7,2020-09-05T00:00:00Z,124,285,94,16,72,323,15,138,0,183,0.09,0,0,0,0,0.014,0.045,0.045,0.1,0.1,0.163,0.163,0.188,0.194,0.192,0.208,0.207
020_AAAF,CRGRO048,7,7,2020-09-06T00:00:00Z,125,292,100,16,72,323,16,148,0,183,0.08,0,0,0,0,0.122,0.064,0.053,0.102,0.098,0.16,0.161,0.186,0.191,0.19,0.208,0.207
020_AAAF,CRGRO048,7,7,2020-09-07T00:00:00Z,126,288,96,16,72,323,16,148,0,183,0.07,0,0,0,0,0.063,0.047,0.05,0.117,0.107,0.159,0.16,0.184,0.189,0.189,0.208,0.207
020_AAAF,CRGRO048,7,7,2020-09-08T00:00:00Z,127,285,93,16,72,323,16,148,0,183,0.06,0,0,0,0,0.043,0.048,0.048,0.107,0.103,0.158,0.158,0.183,0.188,0.188,0.208,0.207
020_AAAF,CRGRO048,7,7,2020-09-09T00:00:00Z,128,293,102,16,72,333,16,148,0,183,0.2,0,0,0,0,0.141,0.071,0.058,0.117,0.101,0.157,0.158,0.183,0.187,0.187,0.207,0.207
020_AAAF,CRGRO048,7,7,2020-09-10T00:00:00Z,129,302,110,16,72,344,16,148,0,183,0.19,0,0,0,0,0.157,0.092,0.071,0.131,0.121,0.16,0.157,0.182,0.187,0.186,0.207,0.207
020_AAAF,CRGRO048,7,7,2020-09-11T00:00:00Z,130,301,110,16,72,346,16,148,0,183,0.2,0,0,0,0,0.111,0.08,0.069,0.138,0.128,0.175,0.159,0.182,0.186,0.186,0.207,0.207
020_AAAF,CRGRO048,7,7,2020-09-12T00:00:00Z,131,298,106,16,72,346,16,148,0,183,0.19,0,0,0,0,0.071,0.065,0.061,0.133,0.128,0.18,0.17,0.182,0.186,0.186,0.207,0.207
020_AAAF,CRGRO048,7,7,2020-09-13T00:00:00Z,132,297,105,16,72,347,16,148,0,183,0.21,0,0,0,0,0.058,0.058,0.057,0.127,0.125,0.18,0.176,0.184,0.185,0.186,0.207,0.207
020_AAAF,CRGRO048,7,7,2020-09-14T00:00:00Z,133,295,103,16,72,348,16,148,0,183,0.2,0,0,0,0,0.055,0.055,0.055,0.12,0.12,0.177,0.176,0.186,0.185,0.186,0.207,0.207
020_AAAF,CRGRO048,7,7,2020-09-15T00:00:00Z,134,296,104,16,72,350,16,148,0,183,0.22,0,0,0,0,0.073,0.059,0.055,0.119,0.118,0.175,0.175,0.187,0.185,0.185,0.207,0.207
020_AAAF,CRGRO048,7,7,2020-09-16T00:00:00Z,135,305,113,16,72,360,16,148,0,183,0.21,0,0,0,0,0.151,0.078,0.064,0.128,0.123,0.177,0.176,0.189,0.185,0.185,0.207,0.207
020_AAAF,CRGRO048,7,7,2020-09-17T00:00:00Z,136,309,117,16,72,367,16,148,0,183,0.19,0,0,0,0,0.15,0.084,0.068,0.135,0.128,0.18,0.178,0.192,0.185,0.185,0.207,0.207
020_AAAF,CRGRO048,7,7,2020-09-18T00:00:00Z,137,303,111,16,76,367,16,148,0,183,0.18,0,0,0,0,0.088,0.064,0.057,0.124,0.121,0.176,0.175,0.196,0.194,0.194,0.207,0.207
020_AAAF,CRGRO048,7,7,2020-09-19T00:00:00Z,138,299,107,16,78,367,16,148,0,183,0.16,0,0,0,0,0.061,0.055,0.054,0.118,0.118,0.175,0.174,0.195,0.194,0.194,0.207,0.207
020_AAAF,CRGRO048,7,7,2020-09-20T00:00:00Z,139,297,105,16,78,367,16,148,0,183,0.15,0,0,0,0,0.051,0.054,0.053,0.116,0.116,0.173,0.172,0.195,0.193,0.193,0.207,0.207
020_AAAF,CRGRO048,7,7,2020-09-21T00:00:00Z,140,294,102,16,78,367,16,148,0,183,0.13,0,0,0,0,0.042,0.052,0.051,0.111,0.111,0.171,0.17,0.193,0.192,0.192,0.207,0.207
020_AAAF,CRGRO048,7,7,2020-09-22T00:00:00Z,141,290,99,16,78,367,16,148,0,183,0.11,0,0,0,0,0.034,0.05,0.049,0.107,0.107,0.168,0.168,0.191,0.191,0.191,0.207,0.207
020_AAAF,CRGRO048,7,7,2020-09-23T00:00:00Z,142,288,96,16,78,367,16,148,0,183,0.09,0,0,0,0,0.029,0.048,0.048,0.104,0.104,0.166,0.166,0.19,0.19,0.19,0.207,0.207
020_AAAF,CRGRO048,7,7,2020-09-24T00:00:00Z,143,285,94,16,78,367,16,148,0,183,0.08,0,0,0,0,0.023,0.046,0.046,0.102,0.102,0.164,0.164,0.188,0.188,0.189,0.207,0.207
020_AAAF,CRGRO048,7,7,2020-09-25T00:00:00Z,144,294,102,16,78,370,17,156,0,183,0.21,0,0,0,0,0.139,0.07,0.056,0.11,0.099,0.161,0.161,0.186,0.187,0.187,0.207,0.207
020_AAAF,CRGRO048,7,7,2020-09-26T00:00:00Z,145,291,99,16,78,370,17,156,0,183,0.18,0,0,0,0,0.074,0.05,0.053,0.116,0.118,0.164,0.16,0.185,0.186,0.187,0.207,0.207
020_AAAF,CRGRO048,7,7,2020-09-27T00:00:00Z,146,290,98,16,78,370,17,156,0,183,0.23,0,0,0,0,0.065,0.055,0.055,0.114,0.116,0.164,0.16,0.185,0.186,0.187,0.207,0.207
020_AAAF,CRGRO048,7,7,2020-09-28T00:00:00Z,147,291,99,16,78,373,17,156,0,183,0.21,0,0,0,0,0.075,0.059,0.055,0.117,0.113,0.163,0.16,0.185,0.185,0.186,0.207,0.207
020_AAAF,CRGRO048,7,7,2020-09-29T00:00:00Z,148,310,118,16,78,394,17,156,0,183,0.22,0,0,0,0,0.16,0.118,0.079,0.14,0.128,0.175,0.161,0.184,0.185,0.186,0.207,0.207
020_AAAF,CRGRO048,7,7,2020-09-30T00:00:00Z,149,303,111,16,82,394,17,156,0,183,0.19,0,0,0,0,0.084,0.074,0.058,0.122,0.117,0.173,0.174,0.196,0.194,0.194,0.207,0.207
020_AAAF,CRGRO048,8,8,2020-05-04T00:00:00Z,0,256,64,0,0,0,0,0,0,174,0,0,0,0,0,0.086,0.086,0.086,0.086,0.086,0.118,0.118,0.135,0.129,0.129,0.178,0.258
020_AAAF,CRGRO048,8,8,2020-05-05T00:00:00Z,1,252,61,0,7,0,1,8,0,179,0,0,0,0,0,0.064,0.086,0.079,0.13,0.1,0.118,0.118,0.135,0.129,0.129,0.178,0.228
020_AAAF,CRGRO048,8,8,2020-05-06T00:00:00Z,2,247,55,0,10,0,1,8,0,181,0,0,0,0,0,0.013,0.066,0.063,0.123,0.119,0.146,0.118,0.135,0.129,0.129,0.178,0.214
020_AAAF,CRGRO048,8,8,2020-05-07T00:00:00Z,3,246,54,0,12,0,1,8,0,182,0,0,0,0,0,0.014,0.058,0.057,0.121,0.119,0.162,0.118,0.135,0.129,0.13,0.178,0.209
020_AAAF,CRGRO048,8,8,2020-05-08T00:00:00Z,4,245,53,0,12,0,1,8,0,183,0,0,0,0,0,0.014,0.054,0.055,0.121,0.119,0.167,0.119,0.135,0.129,0.13,0.178,0.206
020_AAAF,CRGRO048,8,8,2020-05-09T00:00:00Z,5,245,53,0,12,0,1,8,0,183,0,0,0,0,0,0.014,0.054,0.055,0.121,0.119,0.167,0.119,0.135,0.129,0.13,0.178,0.206
020_AAAF,CRGRO048,8,8,2020-05-10T00:00:00Z,6,245,53,0,12,0,1,8,0,183,0,0,0,0,0,0.014,0.053,0.055,0.121,0.119,0.166,0.119,0.135,0.129,0.13,0.178,0.206
020_AAAF,CRGRO048,8,8,2020-05-11T00:00:00Z,7,245,53,0,12,0,1,8,0,183,0,0,0,0,0,0.014,0.053,0.055,0.121,0.119,0.166,0.12,0.135,0.129,0.13,0.178,0.206
020_AAAF,CRGRO048,8,8,2020-05-12T00:00:00Z,8,245,53,0,12,0,1,8,0,183,0,0,0,0,0,0.014,0.052,0.055,0.121,0.118,0.166,0.12,0.135,0.129,0.13,0.178,0.206
020_AAAF,CRGRO048,8,8,2020-05-13T00:00:00Z,9,245,53,0,12,0,1,8,0,183,0,0,0,0,0,0.014,0.052,0.055,0.121,0.118,0.166,0.12,0.135,0.129,0.131,0.178,0.206
020_AAAF,CRGRO048,8,8,2020-05-14T00:00:00Z,10,245,53,0,12,0,1,8,0,183,0,0,0,0,0,0.014,0.051,0.055,0.121,0.118,0.165,0.121,0.135,0.129,0.131,0.178,0.206
020_AAAF,CRGRO048,8,8,2020-05-15T00:00:00Z,11,245,53,0,12,0,1,8,0,183,0,0,0,0,0,0.014,0.051,0.055,0.121,0.118,0.165,0.121,0.135,0.129,0.131,0.178,0.205
020_AAAF,CRGRO048,8,8,2020-05-16T00:00:00Z,12,245,53,0,12,0,1,8,0,183,0,0,0,0,0,0.014,0.05,0.055,0.121,0.118,0.165,0.122,0.135,0.129,0.131,0.178,0.205
020_AAAF,CRGRO048,8,8,2020-05-17T00:00:00Z,13,245,53,0,12,0,1,8,0,183,0,0,0,0,0,0.014,0.05,0.055,0.12,0.118,0.164,0.122,0.135,0.129,0.131,0.178,0.205
020_AAAF,CRGRO048,8,8,2020-05-18T00:00:00Z,14,245,53,0,12,0,1,8,0,183,0,0,0,0,0,0.014,0.049,0.055,0.12,0.118,0.164,0.122,0.135,0.129,0.131,0.178,0.205
020_AAAF,CRGRO048,8,8,2020-05-19T00:00:00Z,15,244,53,0,12,0,1,8,0,183,0,0,0,0,0,0.014,0.049,0.054,0.12,0.118,0.164,0.123,0.135,0.129,0.132,0.178,0.205
020_AAAF,CRGRO048,8,8,2020-05-20T00:00:00Z,16,261,70,0,12,17,1,8,0,183,0,0,0,0,0,0.167,0.088,0.068,0.133,0.126,0.173,0.123,0.135,0.129,0.132,0.178,0.205
020_AAAF,CRGRO048,8,8,2020-05-21T00:00:00Z,17,261,69,0,12,21,1,8,0,183,0,0,0,0,0,0.067,0.087,0.072,0.142,0.134,0.182,0.135,0.135,0.129,0.132,0.178,0.205
020_AAAF,CRGRO048,8,8,2020-05-22T00:00:00Z,18,261,69,0,12,23,1,8,0,183,0,0,0,0,0,0.024,0.072,0.068,0.142,0.138,0.187,0.154,0.135,0.129,0.132,0.178,0.205
020_AAAF,CRGRO048,8,8,2020-05-23T00:00:00Z,19,260,68,0,12,23,1,8,0,183,0,0,0,0,0,0.02,0.059,0.062,0.136,0.136,0.188,0.174,0.135,0.129,0.132,0.178,0.205
020_AAAF,CRGRO048,8,8,2020-05-24T00:00:00Z,20,260,68,0,12,23,1,8,0,183,0,0,0,0,0,0.014,0.054,0.056,0.126,0.126,0.18,0.174,0.151,0.129,0.132,0.178,0.204
020_AAAF,CRGRO048,8,8,2020-05-25T00:00:00Z,21,261,69,0,12,25,1,8,0,183,0,0,0,0,0,0.05,0.053,0.055,0.122,0.123,0.179,0.176,0.153,0.129,0.133,0.178,0.204
020_AAAF,CRGRO048,8,8,2020-05-26T00:00:00Z,22,263,71,0,12,28,1,8,0,183,0,0,0,0,0,0.045,0.06,0.057,0.123,0.123,0.178,0.177,0.155,0.129,0.133,0.178,0.204
020_AAAF,CRGRO048,8,8,2020-05-27T00:00:00Z,23,261,69,0,12,28,1,8,0,183,0,0,0,0,0,0.02,0.055,0.055,0.123,0.123,0.178,0.177,0.157,0.129,0.133,0.178,0.204
020_AAAF,CRGRO048,8,8,2020-05-28T00:00:00Z,24,261,69,0,12,28,1,8,0,183,0,0,0,0,0,0.014,0.054,0.055,0.12,0.12,0.175,0.175,0.161,0.129,0.133,0.178,0.204
020_AAAF,CRGRO048,8,8,2020-05-29T00:00:00Z,25,260,69,0,12,28,1,8,0,183,0,0,0,0,0,0.014,0.052,0.054,0.119,0.12,0.175,0.175,0.161,0.13,0.133,0.178,0.204
020_AAAF,CRGRO048,8,8,2020-05-30T00:00:00Z,26,260,68,0,12,28,1,8,0,183,0,0,0,0,0,0.014,0.051,0.053,0.118,0.12,0.175,0.175,0.161,0.13,0.133,0.178,0.204
020_AAAF,CRGRO048,8,8,2020-05-31T00:00:00Z,27,260,68,0,12,28,1,8,0,183,0,0,0,0,0,0.014,0.05,0.053,0.117,0.119,0.175,0.174,0.161,0.13,0.134,0.178,0.204
020_AAAF,CRGRO048,8,8,2020-06-01T00:00:00Z,28,259,67,0,12,28,1,8,0,183,0,0,0,0,0,0.014,0.049,0.052,0.116,0.118,0.175,0.174,0.161,0.13,0.134,0.178,0.204
020_AAAF,CRGRO048,8,8,2020-06-02T00:00:00Z,29,259,67,0,12,28,1,8,0,183,0,0,0,0,0,0.014,0.048,0.051,0.115,0.117,0.175,0.174,0.161,0.13,0.134,0.178,0.203
020_AAAF,CRGRO048,8,8,2020-06-03T00:00:00Z,30,258,66,0,12,28,1,8,0,183,0,0,0,0,0,0.014,0.047,0.051,0.114,0.116,0.175,0.174,0.161,0.13,0.134,0.178,0.203
020_AAAF,CRGRO048,8,8,2020-06-04T00:00:00Z,31,258,66,0,12,28,1,8,0,183,0,0,0,0,0,0.014,0.046,0.05,0.113,0.115,0.175,0.174,0.161,0.13,0.134,0.178,0.203
020_AAAF,CRGRO048,8,8,2020-06-05T00:00:00Z,32,257,66,0,12,28,1,8,0,183,0,0,0,0,0,0.014,0.045,0.049,0.111,0.114,0.175,0.173,0.161,0.13,0.134,0.178,0.203
020_AAAF,CRGRO048,8,8,2020-06-06T00:00:00Z,33,258,66,0,12,29,1,8,0,183,0,0,0,0,0,0.024,0.045,0.049,0.111,0.113,0.174,0.173,0.161,0.13,0.135,0.178,0.203
020_AAAF,CRGRO048,8,8,2020-06-07T00:00:00Z,34,267,75,0,12,39,1,8,0,183,0,0,0,0,0,0.125,0.068,0.057,0.121,0.113,0.174,0.173,0.161,0.131,0.135,0.178,0.203
020_AAAF,CRGRO048,8,8,2020-06-08T00:00:00Z,35,265,74,0,12,42,1,8,0,183,0,0,0,0,0,0.031,0.071,0.062,0.127,0.121,0.175,0.175,0.161,0.131,0.135,0.178,0.203
020_AAAF,CRGRO048,8,8,2020-06-09T00:00:00Z,36,272,80,0,12,50,1,8,0,183,0,0,0,0,0,0.103,0.073,0.065,0.132,0.127,0.179,0.177,0.164,0.131,0.135,0.178,0.203
020_AAAF,CRGRO048,8,8,2020-06-10T00:00:00Z,37,269,77,0,12,51,1,8,0,183,0,0,0,0,0,0.013,0.066,0.062,0.133,0.129,0.182,0.18,0.168,0.131,0.135,0.178,0.203
020_AAAF,CRGRO048,8,8,2020-06-11T00:00:00Z,38,270,78,0,12,53,1,8,0,183,0,0,0,0,0,0.057,0.055,0.057,0.127,0.127,0.182,0.181,0.173,0.131,0.135,0.178,0.203
020_AAAF,CRGRO048,8,8,2020-06-12T00:00:00Z,39,268,76,0,12,53,1,8,0,183,0,0,0,0,0,0.022,0.055,0.055,0.124,0.124,0.18,0.18,0.177,0.131,0.135,0.178,0.202
020_AAAF,CRGRO048,8,8,2020-06-13T00:00:00Z,40,266,74,0,12,53,1,8,0,183,0,0,0,0,0,0.014,0.053,0.054,0.116,0.117,0.175,0.176,0.183,0.131,0.136,0.178,0.202
020_AAAF,CRGRO048,8,8,2020-06-14T00:00:00Z,41,265,73,0,12,53,1,8,0,183,0,0,0,0,0,0.014,0.05,0.052,0.112,0.114,0.174,0.175,0.183,0.132,0.136,0.178,0.202
020_AAAF,CRGRO048,8,8,2020-06-15T00:00:00Z,42,263,72,0,12,53,1,8,0,183,0,0,0,0,0,0.014,0.048,0.05,0.11,0.111,0.173,0.174,0.183,0.132,0.136,0.178,0.202
020_AAAF,CRGRO048,8,8,2020-06-16T00:00:00Z,43,263,71,0,12,53,1,8,0,183,0,0,0,0,0,0.014,0.047,0.049,0.108,0.11,0.172,0.173,0.182,0.132,0.136,0.178,0.202
020_AAAF,CRGRO048,8,8,2020-06-17T00:00:00Z,44,261,70,0,12,53,1,8,0,183,0,0,0,0,0,0.014,0.046,0.048,0.106,0.107,0.17,0.172,0.182,0.132,0.136,0.178,0.202
020_AAAF,CRGRO048,8,8,2020-06-18T00:00:00Z,45,260,68,0,12,53,1,8,0,183,0,0,0,0,0,0.014,0.044,0.047,0.104,0.105,0.169,0.171,0.182,0.133,0.136,0.178,0.202
020_AAAF,CRGRO048,8,8,2020-06-19T00:00:00Z,46,260,68,0,12,54,1,8,0,183,0,0,0,0,0,0.03,0.043,0.045,0.102,0.104,0.167,0.169,0.182,0.133,0.136,0.178,0.202
020_AAAF,CRGRO048,8,8,2020-06-20T00:00:00Z,47,258,66,0,12,55,1,8,0,183,0,0,0,0,0,0.02,0.042,0.044,0.101,0.102,0.165,0.168,0.181,0.133,0.137,0.178,0.202
020_AAAF,CRGRO048,8,8,2020-06-21T00:00:00Z,48,257,65,0,12,55,1,8,0,183,0,0,0,0,0,0.014,0.041,0.043,0.099,0.1,0.164,0.166,0.181,0.133,0.137,0.178,0.202
020_AAAF,CRGRO048,8,8,2020-06-22T00:00:00Z,49,256,64,0,12,55,1,8,0,183,0,0,0,0,0,0.014,0.04,0.042,0.098,0.099,0.162,0.164,0.181,0.133,0.137,0.178,0.201
020_AAAF,CRGRO048,8,8,2020-06-23T00:00:00Z,50,255,63,0,12,55,1,8,0,183,0,0,0,0,0,0.014,0.039,0.041,0.096,0.097,0.161,0.163,0.18,0.134,0.137,0.178,0.201
020_AAAF,CRGRO048,8,8,2020-06-24T00:00:00Z,51,254,62,0,12,55,1,8,0,183,0,0,0,0,0,0.014,0.038,0.04,0.095,0.096,0.159,0.161,0.18,0.134,0.137,0.178,0.201
020_AAAF,CRGRO048,8,8,2020-06-25T00:00:00Z,52,253,61,0,12,55,1,8,0,183,0.01,0,0,0,0,0.014,0.037,0.039,0.094,0.095,0.158,0.16,0.179,0.134,0.137,0.178,0.201
020_AAAF,CRGRO048,8,8,2020-06-26T00:00:00Z,53,252,60,0,12,55,1,8,0,183,0.01,0,0,0,0,0.014,0.036,0.038,0.093,0.094,0.157,0.159,0.178,0.134,0.137,0.178,0.201
020_AAAF,CRGRO048,8,8,2020-06-27T00:00:00Z,54,252,60,0,12,55,1,8,0,183,0.01,0,0,0,0,0.024,0.035,0.037,0.092,0.093,0.156,0.158,0.178,0.135,0.138,0.178,0.201
020_AAAF,CRGRO048,8,8,2020-06-28T00:00:00Z,55,250,58,0,12,55,1,8,0,183,0.01,0,0,0,0,0.014,0.034,0.037,0.091,0.092,0.154,0.156,0.177,0.135,0.138,0.178,0.201
020_AAAF,CRGRO048,8,8,2020-06-29T00:00:00Z,56,249,58,0,12,55,1,8,0,183,0.01,0,0,0,0,0.014,0.034,0.036,0.09,0.091,0.153,0.155,0.176,0.135,0.138,0.178,0.201
020_AAAF,CRGRO048,8,8,2020-06-30T00:00:00Z,57,262,71,0,12,69,1,8,0,183,0.02,0,0,0,0,0.161,0.07,0.053,0.089,0.09,0.152,0.154,0.176,0.135,0.138,0.178,0.201
020_AAAF,CRGRO048,8,8,2020-07-01T00:00:00Z,58,257,65,0,12,69,1,8,0,183,0.02,0,0,0,0,0.018,0.05,0.051,0.119,0.101,0.152,0.154,0.175,0.135,0.138,0.178,0.201
020_AAAF,CRGRO048,8,8,2020-07-02T00:00:00Z,59,255,63,0,12,69,1,8,0,183,0.02,0,0,0,0,0.014,0.047,0.049,0.106,0.099,0.151,0.153,0.175,0.135,0.138,0.178,0.2
020_AAAF,CRGRO048,8,8,2020-07-03T00:00:00Z,60,253,61,0,12,69,1,8,0,183,0.02,0,0,0,0,0.014,0.044,0.045,0.101,0.097,0.151,0.152,0.174,0.136,0.138,0.178,0.2
020_AAAF,CRGRO048,8,8,2020-07-04T00:00:00Z,61,251,59,0,12,69,1,8,0,183,0.02,0,0,0,0,0.014,0.042,0.043,0.097,0.095,0.15,0.151,0.174,0.136,0.139,0.178,0.2
020_AAAF,CRGRO048,8,8,2020-07-05T00:00:00Z,62,254,63,0,12,74,1,8,0,183,0.03,0,0,0,0,0.079,0.053,0.043,0.095,0.093,0.149,0.15,0.173,0.136,0.139,0.178,0.2
020_AAAF,CRGRO048,8,8,2020-07-06T00:00:00Z,63,296,104,10,12,128,1,8,0,183,0.03,0,0,10.35,0,0.129,0.149,0.128,0.177,0.14,0.175,0.152,0.173,0.136,0.139,0.178,0.2
020_AAAF,CRGRO048,8,8,2020-07-07T00:00:00Z,64,302,110,10,12,137,1,8,0,183,0.03,0,0,0,0,0.132,0.116,0.107,0.19,0.165,0.2,0.181,0.177,0.136,0.139,0.178,0.2
020_AAAF,CRGRO048,8,8,2020-07-08T00:00:00Z,65,298,106,10,12,137,1,8,0,183,0.03,0,0,0,0,0.043,0.075,0.072,0.145,0.135,0.183,0.175,0.196,0.194,0.181,0.178,0.2
020_AAAF,CRGRO048,8,8,2020-07-09T00:00:00Z,66,297,105,10,12,139,1,8,0,183,0.03,0,0,0,0,0.04,0.062,0.062,0.137,0.134,0.186,0.181,0.198,0.196,0.184,0.178,0.2
020_AAAF,CRGRO048,8,8,2020-07-10T00:00:00Z,67,292,100,10,12,139,1,8,0,183,0.03,0,0,0,0,0.014,0.052,0.053,0.12,0.119,0.176,0.174,0.196,0.196,0.194,0.191,0.2
020_AAAF,CRGRO048,8,8,2020-07-11T00:00:00Z,68,288,96,10,12,139,1,8,0,183,0.03,0,0,0,0,0.014,0.05,0.051,0.109,0.11,0.172,0.171,0.195,0.196,0.194,0.191,0.2
020_AAAF,CRGRO048,8,8,2020-07-12T00:00:00Z,69,284,92,10,12,139,1,8,0,183,0.03,0,0,0,0,0.014,0.046,0.048,0.104,0.104,0.167,0.167,0.192,0.195,0.193,0.192,0.2
020_AAAF,CRGRO048,8,8,2020-07-13T00:00:00Z,70,280,88,10,12,139,1,8,0,183,0.03,0,0,0,0,0.014,0.043,0.044,0.099,0.099,0.163,0.163,0.189,0.193,0.193,0.192,0.2
020_AAAF,CRGRO048,8,8,2020-07-14T00:00:00Z,71,276,84,10,12,139,1,8,0,183,0.03,0,0,0,0,0.014,0.041,0.042,0.095,0.096,0.159,0.16,0.186,0.192,0.192,0.192,0.2
020_AAAF,CRGRO048,8,8,2020-07-15T00:00:00Z,72,273,81,10,12,139,1,8,0,183,0.03,0,0,0,0,0.014,0.038,0.04,0.093,0.093,0.156,0.157,0.183,0.19,0.191,0.192,0.2
020_AAAF,CRGRO048,8,8,2020-07-16T00:00:00Z,73,271,79,10,12,139,1,8,0,183,0.03,0,0,0,0,0.014,0.037,0.038,0.091,0.091,0.154,0.155,0.181,0.188,0.189,0.192,0.2
020_AAAF,CRGRO048,8,8,2020-07-17T00:00:00Z,74,268,77,10,12,139,1,8,0,183,0.03,0,0,0,0,0.014,0.035,0.036,0.089,0.089,0.152,0.153,0.179,0.186,0.188,0.192,0.199
020_AAAF,CRGRO048,8,8,2020-07-18T00:00:00Z,75,266,74,10,12,139,1,8,0,183,0.03,0,0,0,0,0.014,0.034,0.035,0.087,0.088,0.15,0.151,0.177,0.184,0.186,0.192,0.199
020_AAAF,CRGRO048,8,8,2020-07-19T00:00:00Z,76,264,73,10,12,139,1,8,0,183,0.03,0,0,0,0,0.014,0.033,0.034,0.086,0.086,0.148,0.149,0.176,0.182,0.184,0.192,0.199
020_AAAF,CRGRO048,8,8,2020-07-20T00:00:00Z,77,263,71,10,12,139,1,8,0,183,0.03,0,0,0,0,0.014,0.032,0.033,0.085,0.085,0.147,0.148,0.174,0.181,0.183,0.192,0.199
020_AAAF,CRGRO048,8,8,2020-07-21T00:00:00Z,78,261,69,10,12,139,1,8,0,183,0.03,0,0,0,0,0.014,0.031,0.032,0.084,0.084,0.146,0.147,0.173,0.179,0.181,0.192,0.199
020_AAAF,CRGRO048,8,8,2020-07-22T00:00:00Z,79,262,70,10,12,142,1,8,0,183,0.05,0,0,0,0,0.06,0.034,0.031,0.083,0.083,0.145,0.146,0.172,0.178,0.18,0.192,0.199
020_AAAF,CRGRO048,8,8,2020-07-23T00:00:00Z,80,262,70,10,12,144,1,8,0,183,0.06,0,0,0,0,0.042,0.049,0.03,0.082,0.082,0.143,0.145,0.171,0.177,0.179,0.192,0.199
020_AAAF,CRGRO048,8,8,2020-07-24T00:00:00Z,81,259,67,10,12,145,1,8,0,183,0.07,0,0,0,0,0.019,0.042,0.03,0.081,0.081,0.142,0.144,0.17,0.175,0.178,0.192,0.199
020_AAAF,CRGRO048,8,8,2020-07-25T00:00:00Z,82,257,65,10,12,145,1,8,0,183,0.07,0,0,0,0,0.014,0.039,0.029,0.08,0.081,0.141,0.143,0.169,0.174,0.177,0.192,0.199
020_AAAF,CRGRO048,8,8,2020-07-26T00:00:00Z,83,256,64,10,12,145,1,8,0,183,0.07,0,0,0,0,0.014,0.036,0.028,0.079,0.08,0.141,0.142,0.168,0.173,0.175,0.192,0.199
020_AAAF,CRGRO048,8,8,2020-07-27T00:00:00Z,84,275,83,10,12,145,2,28,0,183,0.06,0,0,0,0,0.167,0.094,0.06,0.095,0.079,0.14,0.141,0.167,0.172,0.174,0.192,0.199
020_AAAF,CRGRO048,8,8,2020-07-28T00:00:00Z,85,270,78,10,12,145,2,28,0,183,0.06,0,0,0,0,0.056,0.056,0.049,0.118,0.117,0.139,0.141,0.167,0.172,0.174,0.192,0.199
020_AAAF,CRGRO048,8,8,2020-07-29T00:00:00Z,86,273,82,10,12,151,2,28,0,183,0.1,0,0,0,0,0.09,0.066,0.056,0.117,0.117,0.14,0.141,0.167,0.172,0.174,0.192,0.199
020_AAAF,CRGRO048,8,8,2020-07-30T00:00:00Z,87,271,79,10,12,152,2,28,0,183,0.1,0,0,0,0,0.051,0.058,0.057,0.119,0.116,0.142,0.141,0.167,0.172,0.174,0.192,0.199
020_AAAF,CRGRO048,8,8,2020-07-31T00:00:00Z,88,267,75,10,12,152,2,28,0,183,0.09,0,0,0,0,0.019,0.051,0.051,0.111,0.113,0.145,0.141,0.166,0.172,0.174,0.192,0.199
020_AAAF,CRGRO048,8,8,2020-08-01T00:00:00Z,89,263,71,10,12,152,2,28,0,183,0.09,0,0,0,0,0.014,0.046,0.046,0.1,0.1,0.144,0.14,0.166,0.171,0.174,0.192,0.199
020_AAAF,CRGRO048,8,8,2020-08-02T00:00:00Z,90,259,67,10,12,152,2,28,0,183,0.09,0,0,0,0,0.014,0.041,0.041,0.094,0.094,0.143,0.14,0.165,0.17,0.173,0.192,0.199
020_AAAF,CRGRO048,8,8,2020-08-03T00:00:00Z,91,257,65,10,12,152,2,28,0,183,0.08,0,0,0,0,0.014,0.038,0.039,0.091,0.09,0.142,0.139,0.165,0.169,0.172,0.192,0.199
020_AAAF,CRGRO048,8,8,2020-08-04T00:00:00Z,92,256,64,10,12,152,2,28,0,183,0.12,0,0,0,0,0.023,0.036,0.036,0.088,0.088,0.141,0.138,0.164,0.169,0.171,0.192,0.199
020_AAAF,CRGRO048,8,8,2020-08-05T00:00:00Z,93,254,62,10,12,152,2,28,0,183,0.11,0,0,0,0,0.014,0.034,0.035,0.086,0.086,0.14,0.138,0.163,0.168,0.17,0.192,0.199
020_AAAF,CRGRO048,8,8,2020-08-06T00:00:00Z,94,256,65,10,12,156,2,28,0,183,0.13,0,0,0,0,0.068,0.041,0.033,0.085,0.085,0.14,0.137,0.163,0.167,0.17,0.192,0.199
020_AAAF,CRGRO048,8,8,2020-08-07T00:00:00Z,95,254,62,10,12,156,2,28,0,183,0.13,0,0,0,0,0.025,0.044,0.032,0.084,0.083,0.139,0.137,0.162,0.166,0.169,0.192,0.199
020_AAAF,CRGRO048,8,8,2020-08-08T00:00:00Z,96,252,60,10,12,156,2,28,0,183,0.12,0,0,0,0,0.014,0.04,0.031,0.082,0.082,0.138,0.136,0.162,0.166,0.168,0.192,0.199
020_AAAF,CRGRO048,8,8,2020-08-09T00:00:00Z,97,256,64,10,12,162,2,28,0,183,0.14,0,0,0,0,0.083,0.052,0.032,0.081,0.081,0.137,0.136,0.161,0.165,0.168,0.192,0.199
020_AAAF,CRGRO048,8,8,2020-08-10T00:00:00Z,98,264,72,10,12,172,2,28,0,183,0.14,0,0,0,0,0.136,0.071,0.054,0.084,0.081,0.137,0.135,0.161,0.165,0.167,0.192,0.199
020_AAAF,CRGRO048,8,8,2020-08-11T00:00:00Z,99,259,67,10,12,172,2,28,0,183,0.13,0,0,0,0,0.05,0.042,0.049,0.119,0.081,0.137,0.135,0.16,0.165,0.167,0.192,0.199
020_AAAF,CRGRO048,8,8,2020-08-12T00:00:00Z,100,265,74,10,12,182,2,28,0,183,0.16,0,0,0,0,0.117,0.069,0.056,0.108,0.088,0.136,0.135,0.16,0.164,0.167,0.192,0.199
020_AAAF,CRGRO048,8,8,2020-08-13T00:00:00Z,101,261,69,10,12,182,2,28,0,183,0.16,0,0,0,0,0.05,0.052,0.055,0.116,0.09,0.136,0.135,0.16,0.164,0.167,0.192,0.199
020_AAAF,CRGRO048,8,8,2020-08-14T00:00:00Z,102,265,73,10,12,190,2,28,0,183,0.17,0,0,0,0,0.094,0.065,0.055,0.112,0.096,0.136,0.135,0.16,0.164,0.167,0.192,0.199
020_AAAF,CRGRO048,8,8,2020-08-15T00:00:00Z,103,260,69,10,12,190,2,28,0,183,0.15,0,0,0,0,0.035,0.045,0.051,0.112,0.107,0.136,0.135,0.16,0.164,0.167,0.192,0.199
020_AAAF,CRGRO048,8,8,2020-08-16T00:00:00Z,104,256,64,10,12,190,2,28,0,183,0.13,0,0,0,0,0.014,0.042,0.046,0.099,0.099,0.136,0.135,0.16,0.164,0.167,0.192,0.199
020_AAAF,CRGRO048,8,8,2020-08-17T00:00:00Z,105,253,61,10,12,190,2,28,0,183,0.12,0,0,0,0,0.014,0.039,0.041,0.093,0.093,0.136,0.134,0.159,0.163,0.166,0.192,0.199
020_AAAF,CRGRO048,8,8,2020-08-18T00:00:00Z,106,289,97,12,12,229,2,28,0,183,0.18,0,0,1.88,0,0.167,0.15,0.095,0.146,0.122,0.144,0.134,0.159,0.163,0.166,0.192,0.198
020_AAAF,CRGRO048,8,8,2020-08-19T00:00:00Z,107,285,93,12,12,229,2,28,0,183,0.16,0,0,0,0,0.068,0.085,0.063,0.124,0.115,0.174,0.174,0.179,0.162,0.166,0.192,0.198
020_AAAF,CRGRO048,8,8,2020-08-20T00:00:00Z,108,282,90,12,12,231,2,28,0,183,0.18,0,0,0,0,0.047,0.065,0.06,0.125,0.121,0.175,0.174,0.18,0.163,0.166,0.192,0.198
020_AAAF,CRGRO048,8,8,2020-08-21T00:00:00Z,109,280,88,12,12,231,2,28,0,183,0.18,0,0,0,0,0.038,0.055,0.056,0.122,0.12,0.176,0.174,0.181,0.163,0.166,0.192,0.198
020_AAAF,CRGRO048,8,8,2020-08-22T00:00:00Z,110,279,88,12,12,232,2,28,0,183,0.18,0,0,0,0,0.046,0.054,0.053,0.119,0.118,0.175,0.175,0.181,0.163,0.166,0.192,0.198
020_AAAF,CRGRO048,8,8,2020-08-23T00:00:00Z,111,278,87,12,12,233,2,28,0,183,0.19,0,0,0,0,0.046,0.055,0.053,0.116,0.115,0.173,0.174,0.181,0.163,0.166,0.191,0.198
020_AAAF,CRGRO048,8,8,2020-08-24T00:00:00Z,112,306,114,12,12,261,2,28,0,183,0.19,0,0,0.17,0,0.159,0.142,0.088,0.148,0.133,0.181,0.177,0.184,0.163,0.166,0.191,0.198
020_AAAF,CRGRO048,8,8,2020-08-25T00:00:00Z,113,321,129,12,12,281,2,28,0,183,0.2,0,0,0.02,0,0.141,0.148,0.11,0.182,0.157,0.198,0.188,0.194,0.163,0.166,0.191,0.198
020_AAAF,CRGRO048,8,8,2020-08-26T00:00:00Z,114,317,125,12,12,281,2,28,0,183,0.2,0,0,0,0,0.071,0.097,0.091,0.178,0.164,0.209,0.198,0.202,0.181,0.166,0.191,0.198
020_AAAF,CRGRO048,8,8,2020-08-27T00:00:00Z,115,313,121,12,12,281,2,28,0,183,0.17,0,0,0,0,0.031,0.066,0.063,0.138,0.132,0.186,0.181,0.197,0.256,0.194,0.203,0.198
020_AAAF,CRGRO048,8,8,2020-08-28T00:00:00Z,116,303,111,12,17,281,2,28,0,183,0.15,0,0,0,0,0.014,0.053,0.053,0.121,0.119,0.176,0.174,0.196,0.241,0.193,0.205,0.205
020_AAAF,CRGRO048,8,8,2020-08-29T00:00:00Z,117,296,104,12,21,281,2,28,0,183,0.13,0,0,0,0,0.014,0.051,0.052,0.115,0.114,0.174,0.172,0.194,0.212,0.193,0.205,0.205
020_AAAF,CRGRO048,8,8,2020-08-30T00:00:00Z,118,331,139,14,21,320,2,28,0,183,0.2,0,0,1.71,0,0.167,0.15,0.103,0.159,0.137,0.183,0.178,0.197,0.2,0.197,0.206,0.207
020_AAAF,CRGRO048,8,8,2020-08-31T00:00:00Z,119,330,138,14,22,323,2,28,0,183,0.19,0,0,0,0,0.115,0.107,0.093,0.171,0.153,0.197,0.188,0.2,0.201,0.199,0.208,0.208
020_AAAF,CRGRO048,8,8,2020-09-01T00:00:00Z,120,318,126,14,30,323,2,28,0,183,0.17,0,0,0,0,0.051,0.07,0.064,0.135,0.128,0.181,0.177,0.196,0.268,0.198,0.208,0.208
020_AAAF,CRGRO048,8,8,2020-09-02T00:00:00Z,121,307,115,14,37,323,2,28,0,183,0.14,0,0,0,0,0.027,0.055,0.054,0.121,0.118,0.175,0.173,0.195,0.249,0.198,0.208,0.208
020_AAAF,CRGRO048,8,8,2020-09-03T00:00:00Z,122,297,105,14,42,323,2,28,0,183,0.13,0,0,0,0,0.014,0.052,0.052,0.112,0.111,0.171,0.171,0.194,0.215,0.194,0.208,0.208
020_AAAF,CRGRO048,8,8,2020-09-04T00:00:00Z,123,291,99,14,44,323,2,28,0,183,0.11,0,0,0,0,0.014,0.049,0.049,0.106,0.105,0.167,0.167,0.191,0.2,0.193,0.208,0.208
020_AAAF,CRGRO048,8,8,2020-09-05T00:00:00Z,124,286,95,14,44,323,2,28,0,183,0.1,0,0,0,0,0.014,0.046,0.046,0.101,0.101,0.164,0.164,0.188,0.194,0.192,0.208,0.208
020_AAAF,CRGRO048,8,8,2020-09-06T00:00:00Z,125,284,92,14,44,323,2,28,0,183,0.08,0,0,0,0,0.014,0.044,0.044,0.099,0.099,0.161,0.162,0.187,0.191,0.19,0.208,0.208
020_AAAF,CRGRO048,8,8,2020-09-07T00:00:00Z,126,280,89,14,44,323,2,28,0,183,0.07,0,0,0,0,0.014,0.041,0.042,0.096,0.096,0.159,0.159,0.184,0.188,0.187,0.208,0.208
020_AAAF,CRGRO048,8,8,2020-09-08T00:00:00Z,127,277,86,14,44,323,2,28,0,183,0.06,0,0,0,0,0.014,0.039,0.04,0.093,0.094,0.156,0.156,0.182,0.185,0.185,0.208,0.208
020_AAAF,CRGRO048,8,8,2020-09-09T00:00:00Z,128,286,94,14,44,333,2,28,0,183,0.21,0,0,0,0,0.132,0.065,0.052,0.092,0.092,0.155,0.155,0.181,0.184,0.184,0.208,0.208
020_AAAF,CRGRO048,8,8,2020-09-10T00:00:00Z,129,295,103,14,44,344,2,28,0,183,0.19,0,0,0,0,0.152,0.086,0.067,0.123,0.097,0.154,0.155,0.18,0.183,0.183,0.208,0.208
020_AAAF,CRGRO048,8,8,2020-09-11T00:00:00Z,130,294,102,14,44,346,2,28,0,183,0.22,0,0,0,0,0.103,0.077,0.065,0.131,0.12,0.154,0.154,0.18,0.183,0.183,0.207,0.208
020_AAAF,CRGRO048,8,8,2020-09-12T00:00:00Z,131,291,99,14,44,346,2,28,0,183,0.21,0,0,0,0,0.06,0.063,0.06,0.129,0.122,0.165,0.154,0.18,0.183,0.183,0.207,0.208
020_AAAF,CRGRO048,8,8,2020-09-13T00:00:00Z,132,289,97,14,44,347,2,28,0,183,0.22,0,0,0,0,0.049,0.056,0.056,0.123,0.121,0.173,0.154,0.179,0.182,0.183,0.207,0.208
020_AAAF,CRGRO048,8,8,2020-09-14T00:00:00Z,133,287,95,14,44,348,2,28,0,183,0.22,0,0,0,0,0.044,0.054,0.053,0.117,0.116,0.175,0.154,0.179,0.182,0.183,0.207,0.208
020_AAAF,CRGRO048,8,8,2020-09-15T00:00:00Z,134,288,96,14,44,350,2,28,0,183,0.22,0,0,0,0,0.065,0.056,0.054,0.119,0.114,0.173,0.154,0.179,0.182,0.183,0.207,0.208
020_AAAF,CRGRO048,8,8,2020-09-16T00:00:00Z,135,298,106,14,44,360,2,28,0,183,0.24,0,0,0,0,0.146,0.076,0.063,0.126,0.121,0.176,0.154,0.179,0.182,0.183,0.207,0.208
020_AAAF,CRGRO048,8,8,2020-09-17T00:00:00Z,136,301,110,14,44,367,2,28,0,183,0.21,0,0,0,0,0.142,0.083,0.068,0.134,0.126,0.179,0.164,0.179,0.181,0.182,0.207,0.208
020_AAAF,CRGRO048,8,8,2020-09-18T00:00:00Z,137,300,108,14,44,367,2,28,0,183,0.18,0,0,0,0,0.081,0.063,0.057,0.123,0.12,0.175,0.174,0.196,0.19,0.182,0.207,0.208
020_AAAF,CRGRO048,8,8,2020-09-19T00:00:00Z,138,298,106,14,44,367,2,28,0,183,0.15,0,0,0,0,0.054,0.055,0.054,0.118,0.117,0.174,0.173,0.195,0.194,0.191,0.207,0.208
020_AAAF,CRGRO048,8,8,2020-09-20T00:00:00Z,139,296,105,14,44,367,2,28,0,183,0.13,0,0,0,0,0.045,0.054,0.053,0.115,0.115,0.173,0.172,0.195,0.193,0.191,0.207,0.208
020_AAAF,CRGRO048,8,8,2020-09-21T00:00:00Z,140,293,101,14,44,367,2,28,0,183,0.11,0,0,0,0,0.028,0.052,0.051,0.111,0.111,0.171,0.17,0.193,0.192,0.19,0.207,0.208
020_AAAF,CRGRO048,8,8,2020-09-22T00:00:00Z,141,290,98,14,44,367,2,28,0,183,0.09,0,0,0,0,0.014,0.05,0.05,0.107,0.107,0.168,0.168,0.192,0.191,0.189,0.207,0.208
020_AAAF,CRGRO048,8,8,2020-09-23T00:00:00Z,142,288,96,14,44,367,2,28,0,183,0.08,0,0,0,0,0.014,0.048,0.048,0.105,0.105,0.166,0.166,0.19,0.19,0.188,0.207,0.208
020_AAAF,CRGRO048,8,8,2020-09-24T00:00:00Z,143,285,93,14,44,367,2,28,0,183,0.07,0,0,0,0,0.014,0.046,0.047,0.102,0.102,0.164,0.164,0.189,0.188,0.187,0.207,0.208
020_AAAF,CRGRO048,8,8,2020-09-25T00:00:00Z,144,285,93,14,44,370,2,28,0,183,0.24,0,0,0,0,0.061,0.048,0.045,0.099,0.099,0.161,0.162,0.187,0.186,0.186,0.207,0.208
020_AAAF,CRGRO048,8,8,2020-09-26T00:00:00Z,145,282,90,14,44,370,2,28,0,183,0.2,0,0,0,0,0.037,0.049,0.043,0.097,0.097,0.159,0.16,0.185,0.185,0.185,0.207,0.208
020_AAAF,CRGRO048,8,8,2020-09-27T00:00:00Z,146,282,90,14,44,370,2,28,0,183,0.25,0,0,0,0,0.047,0.047,0.043,0.097,0.097,0.159,0.159,0.184,0.184,0.184,0.207,0.208
020_AAAF,CRGRO048,8,8,2020-09-28T00:00:00Z,147,282,90,14,44,373,2,28,0,183,0.22,0,0,0,0,0.064,0.054,0.045,0.095,0.095,0.157,0.158,0.183,0.183,0.183,0.207,0.208
020_AAAF,CRGRO048,8,8,2020-09-29T00:00:00Z,148,301,109,14,44,394,2,28,0,183,0.24,0,0,0,0,0.157,0.113,0.074,0.128,0.108,0.156,0.157,0.182,0.183,0.183,0.207,0.208
020_AAAF,CRGRO048,9,9,2020-05-04T00:00:00Z,0,256,64,0,0,0,0,0,0,174,0,0,0,0,0,0.086,0.086,0.086,0.086,0.086,0.118,0.118,0.135,0.129,0.129,0.178,0.258
020_AAAF,CRGRO048,9,9,2020-05-05T00:00:00Z,1,252,61,0,7,0,1,8,0,179,0,0,0,0,0,0.064,0.086,0.079,0.13,0.1,0.118,0.118,0.135,0.129,0.129,0.178,0.228
020_AAAF,CRGRO048,9,9,2020-05-06T00:00:00Z,2,247,55,0,10,0,1,8,0,181,0,0,0,0,0,0.013,0.066,0.063,0.123,0.119,0.146,0.118,0.135,0.129,0.129,0.178,0.214
020_AAAF,CRGRO048,9,9,2020-05-07T00:00:00Z,3,246,54,0,12,0,1,8,0,182,0,0,0,0,0,0.014,0.058,0.057,0.121,0.119,0.162,0.118,0.135,0.129,0.13,0.178,0.209
020_AAAF,CRGRO048,9,9,2020-05-08T00:00:00Z,4,245,53,0,12,0,1,8,0,183,0,0,0,0,0,0.014,0.054,0.055,0.121,0.119,0.167,0.119,0.135,0.129,0.13,0.178,0.206
020_AAAF,CRGRO048,9,9,2020-05-09T00:00:00Z,5,245,53,0,12,0,1,8,0,183,0,0,0,0,0,0.014,0.054,0.055,0.121,0.119,0.167,0.119,0.135,0.129,0.13,0.178,0.206
020_AAAF,CRGRO048,9,9,2020-05-10T00:00:00Z,6,245,53,0,12,0,1,8,0,183,0,0,0,0,0,0.014,0.053,0.055,0.121,0.119,0.166,0.119,0.135,0.129,0.13,0.178,0.206
020_AAAF,CRGRO048,9,9,2020-05-11T00:00:00Z,7,245,53,0,12,0,1,8,0,183,0,0,0,0,0,0.014,0.053,0.055,0.121,0.119,0.166,0.12,0.135,0.129,0.13,0.178,0.206
020_AAAF,CRGRO048,9,9,2020-05-12T00:00:00Z,8,245,53,0,12,0,1,8,0,183,0,0,0,0,0,0.014,0.052,0.055,0.121,0.118,0.166,0.12,0.135,0.129,0.13,0.178,0.206
020_AAAF,CRGRO048,9,9,2020-05-13T00:00:00Z,9,245,53,0,12,0,1,8,0,183,0,0,0,0,0,0.014,0.052,0.055,0.121,0.118,0.166,0.12,0.135,0.129,0.131,0.178,0.206
020_AAAF,CRGRO048,9,9,2020-05-14T00:00:00Z,10,245,53,0,12,0,1,8,0,183,0,0,0,0,0,0.014,0.051,0.055,0.121,0.118,0.165,0.121,0.135,0.129,0.131,0.178,0.206
020_AAAF,CRGRO048,9,9,2020-05-15T00:00:00Z,11,245,53,0,12,0,1,8,0,183,0,0,0,0,0,0.014,0.051,0.055,0.121,0.118,0.165,0.121,0.135,0.129,0.131,0.178,0.205
020_AAAF,CRGRO048,9,9,2020-05-16T00:00:00Z,12,245,53,0,12,0,1,8,0,183,0,0,0,0,0,0.014,0.05,0.055,0.121,0.118,0.165,0.122,0.135,0.129,0.131,0.178,0.205
020_AAAF,CRGRO048,9,9,2020-05-17T00:00:00Z,13,245,53,0,12,0,1,8,0,183,0,0,0,0,0,0.014,0.05,0.055,0.12,0.118,0.164,0.122,0.135,0.129,0.131,0.178,0.205
020_AAAF,CRGRO048,9,9,2020-05-18T00:00:00Z,14,245,53,0,12,0,1,8,0,183,0,0,0,0,0,0.014,0.049,0.055,0.12,0.118,0.164,0.122,0.135,0.129,0.131,0.178,0.205
020_AAAF,CRGRO048,9,9,2020-05-19T00:00:00Z,15,244,53,0,12,0,1,8,0,183,0,0,0,0,0,0.014,0.049,0.054,0.12,0.118,0.164,0.123,0.135,0.129,0.132,0.178,0.205
020_AAAF,CRGRO048,9,9,2020-05-20T00:00:00Z,16,261,70,0,12,17,1,8,0,183,0,0,0,0,0,0.167,0.088,0.068,0.133,0.126,0.173,0.123,0.135,0.129,0.132,0.178,0.205
020_AAAF,CRGRO048,9,9,2020-05-21T00:00:00Z,17,261,69,0,12,21,1,8,0,183,0,0,0,0,0,0.067,0.087,0.072,0.142,0.134,0.182,0.135,0.135,0.129,0.132,0.178,0.205
020_AAAF,CRGRO048,9,9,2020-05-22T00:00:00Z,18,261,69,0,12,23,1,8,0,183,0,0,0,0,0,0.024,0.072,0.068,0.142,0.138,0.187,0.154,0.135,0.129,0.132,0.178,0.205
020_AAAF,CRGRO048,9,9,2020-05-23T00:00:00Z,19,260,68,0,12,23,1,8,0,183,0,0,0,0,0,0.02,0.059,0.062,0.136,0.136,0.188,0.174,0.135,0.129,0.132,0.178,0.205
020_AAAF,CRGRO048,9,9,2020-05-24T00:00:00Z,20,260,68,0,12,23,1,8,0,183,0,0,0,0,0,0.014,0.054,0.056,0.126,0.126,0.18,0.174,0.151,0.129,0.132,0.178,0.204
020_AAAF,CRGRO048,9,9,2020-05-25T00:00:00Z,21,261,69,0,12,25,1,8,0,183,0,0,0,0,0,0.05,0.053,0.055,0.122,0.123,0.179,0.176,0.153,0.129,0.133,0.178,0.204
020_AAAF,CRGRO048,9,9,2020-05-26T00:00:00Z,22,263,71,0,12,28,1,8,0,183,0,0,0,0,0,0.045,0.06,0.057,0.123,0.123,0.178,0.177,0.155,0.129,0.133,0.178,0.204
020_AAAF,CRGRO048,9,9,2020-05-27T00:00:00Z,23,261,69,0,12,28,1,8,0,183,0,0,0,0,0,0.02,0.055,0.055,0.123,0.123,0.178,0.177,0.157,0.129,0.133,0.178,0.204
020_AAAF,CRGRO048,9,9,2020-05-28T00:00:00Z,24,261,69,0,12,28,1,8,0,183,0,0,0,0,0,0.014,0.054,0.055,0.12,0.12,0.175,0.175,0.161,0.129,0.133,0.178,0.204
020_AAAF,CRGRO048,9,9,2020-05-29T00:00:00Z,25,260,69,0,12,28,1,8,0,183,0,0,0,0,0,0.014,0.052,0.054,0.119,0.12,0.175,0.175,0.161,0.13,0.133,0.178,0.204
020_AAAF,CRGRO048,9,9,2020-05-30T00:00:00Z,26,260,68,0,12,28,1,8,0,183,0,0,0,0,0,0.014,0.051,0.053,0.118,0.12,0.175,0.175,0.161,0.13,0.133,0.178,0.204
020_AAAF,CRGRO048,9,9,2020-05-31T00:00:00Z,27,260,68,0,12,28,1,8,0,183,0,0,0,0,0,0.014,0.05,0.053,0.117,0.119,0.175,0.174,0.161,0.13,0.134,0.178,0.204
020_AAAF,CRGRO048,9,9,2020-06-01T00:00:00Z,28,259,67,0,12,28,1,8,0,183,0,0,0,0,0,0.014,0.049,0.052,0.116,0.118,0.175,0.174,0.161,0.13,0.134,0.178,0.204
020_AAAF,CRGRO048,9,9,2020-06-02T00:00:00Z,29,259,67,0,12,28,1,8,0,183,0,0,0,0,0,0.014,0.048,0.051,0.115,0.117,0.175,0.174,0.161,0.13,0.134,0.178,0.203
020_AAAF,CRGRO048,9,9,2020-06-03T00:00:00Z,30,258,66,0,12,28,1,8,0,183,0,0,0,0,0,0.014,0.047,0.051,0.114,0.116,0.175,0.174,0.161,0.13,0.134,0.178,0.203
020_AAAF,CRGRO048,9,9,2020-06-04T00:00:00Z,31,258,66,0,12,28,1,8,0,183,0,0,0,0,0,0.014,0.046,0.05,0.113,0.115,0.175,0.174,0.161,0.13,0.134,0.178,0.203
020_AAAF,CRGRO048,9,9,2020-06-05T00:00:00Z,32,257,66,0,12,28,1,8,0,183,0,0,0,0,0,0.014,0.045,0.049,0.111,0.114,0.175,0.173,0.161,0.13,0.134,0.178,0.203
020_AAAF,CRGRO048,9,9,2020-06-06T00:00:00Z,33,258,66,0,12,29,1,8,0,183,0,0,0,0,0,0.024,0.045,0.049,0.111,0.113,0.174,0.173,0.161,0.13,0.135,0.178,0.203
020_AAAF,CRGRO048,9,9,2020-06-07T00:00:00Z,34,267,75,0,12,39,1,8,0,183,0,0,0,0,0,0.125,0.068,0.057,0.121,0.113,0.174,0.173,0.161,0.131,0.135,0.178,0.203
020_AAAF,CRGRO048,9,9,2020-06-08T00:00:00Z,35,265,74,0,12,42,1,8,0,183,0,0,0,0,0,0.031,0.071,0.062,0.127,0.121,0.175,0.175,0.161,0.131,0.135,0.178,0.203
020_AAAF,CRGRO048,9,9,2020-06-09T00:00:00Z,36,272,80,0,12,50,1,8,0,183,0,0,0,0,0,0.103,0.073,0.065,0.132,0.127,0.179,0.177,0.164,0.131,0.135,0.178,0.203
020_AAAF,CRGRO048,9,9,2020-06-10T00:00:00Z,37,269,77,0,12,51,1,8,0,183,0,0,0,0,0,0.013,0.066,0.062,0.133,0.129,0.182,0.18,0.168,0.131,0.135,0.178,0.203
020_AAAF,CRGRO048,9,9,2020-06-11T00:00:00Z,38,270,78,0,12,53,1,8,0,183,0,0,0,0,0,0.057,0.055,0.057,0.127,0.127,0.182,0.181,0.173,0.131,0.135,0.178,0.203
020_AAAF,CRGRO048,9,9,2020-06-12T00:00:00Z,39,268,76,0,12,53,1,8,0,183,0,0,0,0,0,0.022,0.055,0.055,0.124,0.124,0.18,0.18,0.177,0.131,0.135,0.178,0.202
020_AAAF,CRGRO048,9,9,2020-06-13T00:00:00Z,40,266,74,0,12,53,1,8,0,183,0,0,0,0,0,0.014,0.053,0.054,0.116,0.117,0.175,0.176,0.183,0.131,0.136,0.178,0.202
020_AAAF,CRGRO048,9,9,2020-06-14T00:00:00Z,41,265,73,0,12,53,1,8,0,183,0,0,0,0,0,0.014,0.05,0.052,0.112,0.114,0.174,0.175,0.183,0.132,0.136,0.178,0.202
020_AAAF,CRGRO048,9,9,2020-06-15T00:00:00Z,42,263,72,0,12,53,1,8,0,183,0,0,0,0,0,0.014,0.048,0.05,0.11,0.111,0.173,0.174,0.183,0.132,0.136,0.178,0.202
020_AAAF,CRGRO048,9,9,2020-06-16T00:00:00Z,43,263,71,0,12,53,1,8,0,183,0,0,0,0,0,0.014,0.047,0.049,0.108,0.11,0.172,0.173,0.182,0.132,0.136,0.178,0.202
020_AAAF,CRGRO048,9,9,2020-06-17T00:00:00Z,44,261,70,0,12,53,1,8,0,183,0,0,0,0,0,0.014,0.046,0.048,0.106,0.107,0.17,0.172,0.182,0.132,0.136,0.178,0.202
020_AAAF,CRGRO048,9,9,2020-06-18T00:00:00Z,45,260,68,0,12,53,1,8,0,183,0,0,0,0,0,0.014,0.044,0.047,0.104,0.105,0.169,0.171,0.182,0.133,0.136,0.178,0.202
020_AAAF,CRGRO048,9,9,2020-06-19T00:00:00Z,46,260,68,0,12,54,1,8,0,183,0,0,0,0,0,0.03,0.043,0.045,0.102,0.104,0.167,0.169,0.182,0.133,0.136,0.178,0.202
020_AAAF,CRGRO048,9,9,2020-06-20T00:00:00Z,47,258,66,0,12,55,1,8,0,183,0,0,0,0,0,0.02,0.042,0.044,0.101,0.102,0.165,0.168,0.181,0.133,0.137,0.178,0.202
020_AAAF,CRGRO048,9,9,2020-06-21T00:00:00Z,48,257,65,0,12,55,1,8,0,183,0,0,0,0,0,0.014,0.041,0.043,0.099,0.1,0.164,0.166,0.181,0.133,0.137,0.178,0.202
020_AAAF,CRGRO048,9,9,2020-06-22T00:00:00Z,49,256,64,0,12,55,1,8,0,183,0,0,0,0,0,0.014,0.04,0.042,0.098,0.099,0.162,0.164,0.181,0.133,0.137,0.178,0.201
020_AAAF,CRGRO048,9,9,2020-06-23T00:00:00Z,50,255,63,0,12,55,1,8,0,183,0,0,0,0,0,0.014,0.039,0.041,0.096,0.097,0.161,0.163,0.18,0.134,0.137,0.178,0.201
020_AAAF,CRGRO048,9,9,2020-06-24T00:00:00Z,51,254,62,0,12,55,1,8,0,183,0,0,0,0,0,0.014,0.038,0.04,0.095,0.096,0.159,0.161,0.18,0.134,0.137,0.178,0.201
020_AAAF,CRGRO048,9,9,2020-06-25T00:00:00Z,52,253,61,0,12,55,1,8,0,183,0.01,0,0,0,0,0.014,0.037,0.039,0.094,0.095,0.158,0.16,0.179,0.134,0.137,0.178,0.201
020_AAAF,CRGRO048,9,9,2020-06-26T00:00:00Z,53,252,60,0,12,55,1,8,0,183,0.01,0,0,0,0,0.014,0.036,0.038,0.093,0.094,0.157,0.159,0.178,0.134,0.137,0.178,0.201
020_AAAF,CRGRO048,9,9,2020-06-27T00:00:00Z,54,252,60,0,12,55,1,8,0,183,0.01,0,0,0,0,0.024,0.035,0.037,0.092,0.093,0.156,0.158,0.178,0.135,0.138,0.178,0.201
020_AAAF,CRGRO048,9,9,2020-06-28T00:00:00Z,55,250,58,0,12,55,1,8,0,183,0.01,0,0,0,0,0.014,0.034,0.037,0.091,0.092,0.154,0.156,0.177,0.135,0.138,0.178,0.201
020_AAAF,CRGRO048,9,9,2020-06-29T00:00:00Z,56,265,73,0,12,55,2,23,0,183,0.01,0,0,0,0,0.167,0.076,0.055,0.097,0.091,0.153,0.155,0.176,0.135,0.138,0.178,0.201
020_AAAF,CRGRO048,9,9,2020-06-30T00:00:00Z,57,273,81,0,12,69,2,23,0,183,0.02,0,0,0,0,0.086,0.108,0.077,0.133,0.111,0.153,0.155,0.176,0.135,0.138,0.178,0.201
020_AAAF,CRGRO048,9,9,2020-07-01T00:00:00Z,58,268,76,0,12,69,2,23,0,183,0.02,0,0,0,0,0.013,0.069,0.057,0.119,0.117,0.174,0.174,0.181,0.135,0.138,0.178,0.201
020_AAAF,CRGRO048,9,9,2020-07-02T00:00:00Z,59,266,74,0,12,69,2,23,0,183,0.02,0,0,0,0,0.014,0.052,0.052,0.114,0.115,0.172,0.172,0.185,0.135,0.138,0.178,0.2
020_AAAF,CRGRO048,9,9,2020-07-03T00:00:00Z,60,263,71,0,12,69,2,23,0,183,0.02,0,0,0,0,0.014,0.049,0.05,0.108,0.109,0.169,0.17,0.184,0.136,0.138,0.178,0.2
020_AAAF,CRGRO048,9,9,2020-07-04T00:00:00Z,61,260,68,0,12,69,2,23,0,183,0.02,0,0,0,0,0.014,0.046,0.047,0.103,0.104,0.166,0.166,0.183,0.136,0.139,0.178,0.2
020_AAAF,CRGRO048,9,9,2020-07-05T00:00:00Z,62,263,71,0,12,74,2,23,0,183,0.03,0,0,0,0,0.079,0.054,0.048,0.1,0.1,0.163,0.164,0.182,0.136,0.139,0.178,0.2
020_AAAF,CRGRO048,9,9,2020-07-06T00:00:00Z,63,304,112,10,12,128,2,23,0,183,0.03,0,0,10.4,0,0.136,0.15,0.13,0.18,0.145,0.183,0.174,0.182,0.136,0.139,0.178,0.2
020_AAAF,CRGRO048,9,9,2020-07-07T00:00:00Z,64,310,118,10,12,137,2,23,0,183,0.03,0,0,0,0,0.138,0.117,0.108,0.193,0.169,0.205,0.191,0.195,0.137,0.139,0.178,0.2
020_AAAF,CRGRO048,9,9,2020-07-08T00:00:00Z,65,306,115,10,12,137,2,23,0,183,0.03,0,0,0,0,0.052,0.076,0.072,0.146,0.136,0.185,0.18,0.195,0.237,0.184,0.178,0.2
020_AAAF,CRGRO048,9,9,2020-07-09T00:00:00Z,66,305,113,10,12,139,2,23,0,183,0.03,0,0,0,0,0.039,0.063,0.063,0.138,0.135,0.187,0.183,0.198,0.214,0.202,0.185,0.2
020_AAAF,CRGRO048,9,9,2020-07-10T00:00:00Z,67,299,107,10,14,139,2,23,0,183,0.03,0,0,0,0,0.014,0.052,0.052,0.12,0.119,0.176,0.175,0.197,0.202,0.201,0.205,0.205
020_AAAF,CRGRO048,9,9,2020-07-11T00:00:00Z,68,293,101,10,15,139,2,23,0,183,0.03,0,0,0,0,0.014,0.049,0.05,0.108,0.108,0.172,0.171,0.195,0.197,0.197,0.205,0.205
020_AAAF,CRGRO048,9,9,2020-07-12T00:00:00Z,69,288,96,10,15,139,2,23,0,183,0.03,0,0,0,0,0.014,0.045,0.046,0.102,0.102,0.166,0.166,0.191,0.196,0.196,0.205,0.205
020_AAAF,CRGRO048,9,9,2020-07-13T00:00:00Z,70,284,92,10,15,139,2,23,0,183,0.03,0,0,0,0,0.014,0.042,0.043,0.098,0.098,0.162,0.162,0.188,0.194,0.196,0.205,0.205
020_AAAF,CRGRO048,9,9,2020-07-14T00:00:00Z,71,281,89,10,15,139,2,23,0,183,0.03,0,0,0,0,0.014,0.04,0.041,0.095,0.095,0.158,0.159,0.185,0.192,0.194,0.205,0.205
020_AAAF,CRGRO048,9,9,2020-07-15T00:00:00Z,72,278,86,10,15,139,2,23,0,183,0.03,0,0,0,0,0.014,0.038,0.039,0.092,0.093,0.156,0.156,0.183,0.19,0.192,0.205,0.205
020_AAAF,CRGRO048,9,9,2020-07-16T00:00:00Z,73,275,83,10,15,139,2,23,0,183,0.03,0,0,0,0,0.014,0.036,0.038,0.09,0.091,0.153,0.154,0.181,0.188,0.19,0.205,0.205
020_AAAF,CRGRO048,9,9,2020-07-17T00:00:00Z,74,288,96,10,15,139,3,39,0,183,0.03,0,0,0,0,0.167,0.077,0.055,0.097,0.089,0.151,0.152,0.179,0.186,0.188,0.205,0.205
020_AAAF,CRGRO048,9,9,2020-07-18T00:00:00Z,75,283,91,10,15,139,3,39,0,183,0.03,0,0,0,0,0.061,0.045,0.051,0.118,0.113,0.151,0.152,0.178,0.185,0.188,0.205,0.205
020_AAAF,CRGRO048,9,9,2020-07-19T00:00:00Z,76,278,86,10,15,139,3,39,0,183,0.03,0,0,0,0,0.02,0.046,0.047,0.103,0.104,0.15,0.151,0.177,0.184,0.187,0.205,0.205
020_AAAF,CRGRO048,9,9,2020-07-20T00:00:00Z,77,273,81,10,15,139,3,39,0,183,0.03,0,0,0,0,0.014,0.042,0.043,0.096,0.096,0.149,0.149,0.176,0.182,0.185,0.205,0.205
020_AAAF,CRGRO048,9,9,2020-07-21T00:00:00Z,78,271,79,10,15,139,3,39,0,183,0.03,0,0,0,0,0.014,0.039,0.04,0.092,0.093,0.147,0.148,0.174,0.181,0.183,0.205,0.205
020_AAAF,CRGRO048,9,9,2020-07-22T00:00:00Z,79,287,95,10,15,142,4,54,0,183,0.06,0,0,0,0,0.167,0.088,0.061,0.112,0.09,0.146,0.147,0.173,0.179,0.182,0.205,0.205
020_AAAF,CRGRO048,9,9,2020-07-23T00:00:00Z,80,285,93,10,15,144,4,54,0,183,0.06,0,0,0,0,0.102,0.073,0.063,0.125,0.105,0.146,0.147,0.173,0.179,0.181,0.205,0.205
020_AAAF,CRGRO048,9,9,2020-07-24T00:00:00Z,81,281,89,10,15,145,4,54,0,183,0.07,0,0,0,0,0.05,0.057,0.056,0.121,0.119,0.146,0.146,0.172,0.178,0.181,0.205,0.205
020_AAAF,CRGRO048,9,9,2020-07-25T00:00:00Z,82,277,85,10,15,145,4,54,0,183,0.06,0,0,0,0,0.031,0.051,0.051,0.112,0.111,0.15,0.146,0.172,0.178,0.181,0.205,0.205
020_AAAF,CRGRO048,9,9,2020-07-26T00:00:00Z,83,272,80,10,15,145,4,54,0,183,0.06,0,0,0,0,0.014,0.046,0.046,0.1,0.1,0.149,0.145,0.172,0.177,0.18,0.205,0.205
020_AAAF,CRGRO048,9,9,2020-07-27T00:00:00Z,84,268,76,10,15,145,4,54,0,183,0.06,0,0,0,0,0.014,0.041,0.041,0.094,0.094,0.147,0.144,0.17,0.176,0.179,0.205,0.205
020_AAAF,CRGRO048,9,9,2020-07-28T00:00:00Z,85,266,74,10,15,145,4,54,0,183,0.06,0,0,0,0,0.014,0.038,0.039,0.091,0.091,0.146,0.143,0.169,0.174,0.177,0.204,0.205
020_AAAF,CRGRO048,9,9,2020-07-29T00:00:00Z,86,286,94,10,15,151,5,71,0,183,0.09,0,0,0,0,0.167,0.105,0.067,0.119,0.092,0.145,0.142,0.168,0.173,0.176,0.204,0.205
020_AAAF,CRGRO048,9,9,2020-07-30T00:00:00Z,87,284,92,10,15,152,5,71,0,183,0.09,0,0,0,0,0.098,0.081,0.066,0.13,0.116,0.144,0.142,0.168,0.173,0.176,0.204,0.205
020_AAAF,CRGRO048,9,9,2020-07-31T00:00:00Z,88,280,88,10,15,152,5,71,0,183,0.08,0,0,0,0,0.051,0.057,0.051,0.116,0.114,0.174,0.15,0.168,0.173,0.176,0.204,0.205
020_AAAF,CRGRO048,9,9,2020-08-01T00:00:00Z,89,275,83,10,15,152,5,71,0,183,0.08,0,0,0,0,0.028,0.049,0.05,0.105,0.105,0.168,0.15,0.168,0.172,0.176,0.204,0.205
020_AAAF,CRGRO048,9,9,2020-08-02T00:00:00Z,90,270,78,10,15,152,5,71,0,183,0.08,0,0,0,0,0.014,0.044,0.045,0.098,0.098,0.161,0.149,0.167,0.172,0.175,0.204,0.205
020_AAAF,CRGRO048,9,9,2020-08-03T00:00:00Z,91,266,74,10,15,152,5,71,0,183,0.07,0,0,0,0,0.014,0.039,0.04,0.093,0.093,0.156,0.147,0.166,0.171,0.174,0.204,0.205
020_AAAF,CRGRO048,9,9,2020-08-04T00:00:00Z,92,264,72,10,15,152,5,71,0,183,0.11,0,0,0,0,0.023,0.037,0.038,0.089,0.09,0.152,0.146,0.166,0.17,0.173,0.204,0.205
020_AAAF,CRGRO048,9,9,2020-08-05T00:00:00Z,93,277,86,10,15,152,6,87,0,183,0.1,0,0,0,0,0.158,0.079,0.056,0.099,0.087,0.149,0.145,0.165,0.169,0.172,0.204,0.205
020_AAAF,CRGRO048,9,9,2020-08-06T00:00:00Z,94,277,85,10,15,156,6,87,0,183,0.11,0,0,0,0,0.114,0.066,0.061,0.121,0.092,0.149,0.144,0.165,0.168,0.172,0.204,0.205
020_AAAF,CRGRO048,9,9,2020-08-07T00:00:00Z,95,273,81,10,15,156,6,87,0,183,0.11,0,0,0,0,0.065,0.055,0.055,0.116,0.103,0.148,0.144,0.164,0.168,0.172,0.203,0.205
020_AAAF,CRGRO048,9,9,2020-08-08T00:00:00Z,96,270,78,10,15,156,6,87,0,183,0.11,0,0,0,0,0.042,0.051,0.051,0.108,0.101,0.148,0.144,0.164,0.168,0.171,0.203,0.205
020_AAAF,CRGRO048,9,9,2020-08-09T00:00:00Z,97,271,80,10,15,162,6,87,0,183,0.12,0,0,0,0,0.083,0.057,0.051,0.106,0.097,0.147,0.143,0.164,0.168,0.171,0.203,0.205
020_AAAF,CRGRO048,9,9,2020-08-10T00:00:00Z,98,279,87,10,15,172,6,87,0,183,0.13,0,0,0,0,0.147,0.074,0.06,0.119,0.101,0.147,0.143,0.164,0.167,0.171,0.203,0.205
020_AAAF,CRGRO048,9,9,2020-08-11T00:00:00Z,99,275,83,10,15,172,6,87,0,183,0.12,0,0,0,0,0.071,0.05,0.05,0.108,0.118,0.169,0.143,0.164,0.167,0.171,0.203,0.205
020_AAAF,CRGRO048,9,9,2020-08-12T00:00:00Z,100,281,89,10,15,182,6,87,0,183,0.14,0,0,0,0,0.136,0.073,0.058,0.118,0.11,0.166,0.143,0.163,0.167,0.171,0.203,0.205
020_AAAF,CRGRO048,9,9,2020-08-13T00:00:00Z,101,277,85,10,15,182,6,87,0,183,0.14,0,0,0,0,0.076,0.059,0.058,0.118,0.117,0.164,0.143,0.163,0.167,0.171,0.203,0.205
020_AAAF,CRGRO048,9,9,2020-08-14T00:00:00Z,102,281,89,10,15,190,6,87,0,183,0.14,0,0,0,0,0.117,0.07,0.06,0.12,0.115,0.168,0.143,0.163,0.167,0.171,0.203,0.205
020_AAAF,CRGRO048,9,9,2020-08-15T00:00:00Z,103,276,85,10,15,190,6,87,0,183,0.13,0,0,0,0,0.061,0.05,0.051,0.11,0.113,0.172,0.161,0.163,0.167,0.171,0.203,0.205
020_AAAF,CRGRO048,9,9,2020-08-16T00:00:00Z,104,272,80,10,15,190,6,87,0,183,0.12,0,0,0,0,0.039,0.049,0.048,0.103,0.104,0.166,0.159,0.163,0.166,0.17,0.202,0.205
020_AAAF,CRGRO048,9,9,2020-08-17T00:00:00Z,105,267,75,10,15,190,6,87,0,183,0.11,0,0,0,0,0.023,0.044,0.043,0.097,0.097,0.16,0.156,0.162,0.166,0.17,0.202,0.205
020_AAAF,CRGRO048,9,9,2020-08-18T00:00:00Z,106,301,109,13,15,229,6,87,0,183,0.15,0,0,2.16,0,0.158,0.148,0.097,0.148,0.124,0.168,0.153,0.162,0.165,0.169,0.202,0.205
020_AAAF,CRGRO048,9,9,2020-08-19T00:00:00Z,107,296,104,13,15,229,6,87,0,183,0.14,0,0,0,0,0.078,0.084,0.063,0.124,0.114,0.172,0.174,0.196,0.177,0.169,0.202,0.205
020_AAAF,CRGRO048,9,9,2020-08-20T00:00:00Z,108,294,102,13,15,231,6,87,0,183,0.16,0,0,0,0,0.064,0.065,0.06,0.125,0.12,0.174,0.174,0.195,0.177,0.169,0.202,0.205
020_AAAF,CRGRO048,9,9,2020-08-21T00:00:00Z,109,292,100,13,15,231,6,87,0,183,0.16,0,0,0,0,0.053,0.056,0.057,0.122,0.12,0.175,0.174,0.195,0.177,0.169,0.202,0.205
020_AAAF,CRGRO048,9,9,2020-08-22T00:00:00Z,110,291,99,13,15,232,6,87,0,183,0.16,0,0,0,0,0.056,0.055,0.055,0.12,0.119,0.175,0.176,0.194,0.177,0.17,0.202,0.205
020_AAAF,CRGRO048,9,9,2020-08-23T00:00:00Z,111,290,98,13,15,233,6,87,0,183,0.16,0,0,0,0,0.056,0.055,0.054,0.117,0.118,0.173,0.174,0.194,0.177,0.17,0.202,0.205
020_AAAF,CRGRO048,9,9,2020-08-24T00:00:00Z,112,317,125,13,15,261,6,87,0,183,0.17,0,0,0.26,0,0.162,0.144,0.089,0.149,0.134,0.182,0.178,0.197,0.177,0.17,0.202,0.205
020_AAAF,CRGRO048,9,9,2020-08-25T00:00:00Z,113,332,140,13,15,281,6,87,0,183,0.16,0,0,0.07,0,0.153,0.147,0.111,0.183,0.158,0.199,0.188,0.2,0.191,0.17,0.202,0.205
020_AAAF,CRGRO048,9,9,2020-08-26T00:00:00Z,114,329,137,13,15,281,6,87,0,183,0.17,0,0,0,0,0.088,0.097,0.091,0.179,0.165,0.21,0.199,0.204,0.202,0.183,0.202,0.205
020_AAAF,CRGRO048,9,9,2020-08-27T00:00:00Z,115,320,128,13,19,281,6,87,0,183,0.15,0,0,0,0,0.051,0.065,0.063,0.137,0.132,0.186,0.181,0.198,0.283,0.194,0.205,0.205
020_AAAF,CRGRO048,9,9,2020-08-28T00:00:00Z,116,308,116,13,27,281,6,87,0,183,0.14,0,0,0,0,0.037,0.053,0.053,0.121,0.119,0.176,0.174,0.196,0.268,0.193,0.205,0.205
020_AAAF,CRGRO048,9,9,2020-08-29T00:00:00Z,117,299,107,13,33,281,6,87,0,183,0.12,0,0,0,0,0.028,0.051,0.052,0.115,0.113,0.173,0.172,0.195,0.223,0.193,0.205,0.205
020_AAAF,CRGRO048,9,9,2020-08-30T00:00:00Z,118,332,140,15,34,320,6,87,0,183,0.18,0,0,1.96,0,0.159,0.15,0.104,0.16,0.138,0.184,0.178,0.196,0.206,0.2,0.208,0.207
020_AAAF,CRGRO048,9,9,2020-08-31T00:00:00Z,119,331,139,15,35,323,6,87,0,182,0.17,0,0,0,0,0.118,0.106,0.093,0.171,0.153,0.197,0.188,0.199,0.203,0.201,0.209,0.208
020_AAAF,CRGRO048,9,9,2020-09-01T00:00:00Z,120,319,127,15,42,323,6,87,0,182,0.15,0,0,0,0,0.064,0.069,0.064,0.134,0.128,0.181,0.177,0.196,0.269,0.2,0.209,0.208
020_AAAF,CRGRO048,9,9,2020-09-02T00:00:00Z,121,308,116,15,49,323,6,87,0,182,0.13,0,0,0,0,0.043,0.054,0.053,0.12,0.117,0.174,0.175,0.195,0.248,0.2,0.209,0.208
020_AAAF,CRGRO048,9,9,2020-09-03T00:00:00Z,122,297,105,15,56,323,6,87,0,183,0.12,0,0,0,0,0.03,0.051,0.051,0.111,0.11,0.171,0.171,0.193,0.214,0.195,0.207,0.206
020_AAAF,CRGRO048,9,9,2020-09-04T00:00:00Z,123,290,98,15,57,323,6,87,0,183,0.11,0,0,0,0,0.016,0.048,0.049,0.105,0.105,0.167,0.168,0.191,0.2,0.193,0.207,0.206
020_AAAF,CRGRO048,9,9,2020-09-05T00:00:00Z,124,285,93,15,58,323,6,87,0,183,0.09,0,0,0,0,0.014,0.045,0.046,0.1,0.1,0.163,0.164,0.188,0.193,0.191,0.207,0.206
020_AAAF,CRGRO048,9,9,2020-09-06T00:00:00Z,125,282,90,15,58,323,6,87,0,183,0.08,0,0,0,0,0.014,0.043,0.044,0.098,0.098,0.161,0.161,0.186,0.191,0.189,0.207,0.206
020_AAAF,CRGRO048,9,9,2020-09-07T00:00:00Z,126,279,87,15,58,323,6,87,0,183,0.07,0,0,0,0,0.014,0.041,0.042,0.095,0.095,0.158,0.158,0.183,0.187,0.186,0.207,0.206
020_AAAF,CRGRO048,9,9,2020-09-08T00:00:00Z,127,275,83,15,58,323,6,87,0,183,0.06,0,0,0,0,0.014,0.038,0.039,0.092,0.093,0.155,0.156,0.181,0.184,0.184,0.207,0.206
020_AAAF,CRGRO048,9,9,2020-09-09T00:00:00Z,128,284,92,15,58,333,6,87,0,183,0.19,0,0,0,0,0.132,0.065,0.051,0.091,0.091,0.153,0.154,0.179,0.182,0.182,0.206,0.206
020_AAAF,CRGRO048,9,9,2020-09-10T00:00:00Z,129,293,101,15,58,344,6,87,0,183,0.18,0,0,0,0,0.156,0.085,0.067,0.122,0.095,0.153,0.153,0.179,0.182,0.182,0.206,0.206
020_AAAF,CRGRO048,9,9,2020-09-11T00:00:00Z,130,292,100,15,58,346,6,87,0,183,0.2,0,0,0,0,0.109,0.076,0.065,0.13,0.117,0.152,0.153,0.179,0.181,0.182,0.206,0.206
020_AAAF,CRGRO048,9,9,2020-09-12T00:00:00Z,131,289,97,15,58,346,6,87,0,183,0.2,0,0,0,0,0.069,0.062,0.059,0.127,0.121,0.162,0.153,0.178,0.181,0.181,0.206,0.206
020_AAAF,CRGRO048,9,9,2020-09-13T00:00:00Z,132,287,95,15,58,347,6,87,0,183,0.2,0,0,0,0,0.057,0.057,0.056,0.122,0.119,0.168,0.153,0.178,0.181,0.181,0.206,0.206
020_AAAF,CRGRO048,9,9,2020-09-14T00:00:00Z,133,285,93,15,58,348,6,87,0,183,0.2,0,0,0,0,0.053,0.054,0.053,0.116,0.115,0.169,0.153,0.178,0.18,0.181,0.206,0.206
020_AAAF,CRGRO048,9,9,2020-09-15T00:00:00Z,134,286,94,15,58,350,6,87,0,183,0.21,0,0,0,0,0.071,0.058,0.054,0.118,0.112,0.168,0.153,0.178,0.18,0.181,0.206,0.206
020_AAAF,CRGRO048,9,9,2020-09-16T00:00:00Z,135,295,104,15,58,360,6,87,0,183,0.21,0,0,0,0,0.15,0.077,0.063,0.126,0.12,0.17,0.153,0.177,0.18,0.181,0.206,0.206
020_AAAF,CRGRO048,9,9,2020-09-17T00:00:00Z,136,299,107,15,58,367,6,87,0,183,0.19,0,0,0,0,0.149,0.083,0.068,0.133,0.125,0.177,0.159,0.177,0.18,0.181,0.206,0.206
020_AAAF,CRGRO048,9,9,2020-09-18T00:00:00Z,137,298,106,15,58,367,6,87,0,183,0.17,0,0,0,0,0.087,0.063,0.057,0.123,0.12,0.174,0.174,0.196,0.182,0.181,0.206,0.206
020_AAAF,CRGRO048,9,9,2020-09-19T00:00:00Z,138,296,104,15,58,367,6,87,0,183,0.15,0,0,0,0,0.06,0.055,0.053,0.117,0.117,0.173,0.173,0.195,0.194,0.183,0.206,0.206
020_AAAF,CRGRO048,9,9,2020-09-20T00:00:00Z,139,294,102,15,58,367,6,87,0,183,0.13,0,0,0,0,0.05,0.054,0.053,0.116,0.114,0.172,0.172,0.194,0.193,0.183,0.206,0.206
020_AAAF,CRGRO048,9,9,2020-09-21T00:00:00Z,140,291,99,15,58,367,6,87,0,183,0.11,0,0,0,0,0.039,0.052,0.051,0.111,0.11,0.17,0.17,0.193,0.192,0.182,0.206,0.206
020_AAAF,CRGRO048,9,9,2020-09-22T00:00:00Z,141,288,96,15,58,367,6,87,0,183,0.1,0,0,0,0,0.029,0.049,0.049,0.106,0.106,0.167,0.167,0.191,0.19,0.182,0.206,0.206
020_AAAF,CRGRO048,9,9,2020-09-23T00:00:00Z,142,285,94,15,58,367,6,87,0,183,0.08,0,0,0,0,0.023,0.048,0.048,0.104,0.104,0.165,0.165,0.19,0.189,0.182,0.205,0.206
020_AAAF,CRGRO048,9,9,2020-09-24T00:00:00Z,143,283,91,15,58,367,6,87,0,183,0.07,0,0,0,0,0.015,0.045,0.046,0.101,0.101,0.163,0.163,0.188,0.187,0.181,0.205,0.206
020_AAAF,CRGRO048,9,9,2020-09-25T00:00:00Z,144,282,91,15,58,370,6,87,0,183,0.22,0,0,0,0,0.061,0.048,0.044,0.098,0.098,0.16,0.161,0.186,0.185,0.18,0.205,0.206
020_AAAF,CRGRO048,9,9,2020-09-26T00:00:00Z,145,279,87,15,58,370,6,87,0,183,0.19,0,0,0,0,0.042,0.048,0.042,0.096,0.096,0.158,0.158,0.184,0.184,0.179,0.205,0.206
020_AAAF,CRGRO048,9,9,2020-09-27T00:00:00Z,146,279,87,15,58,370,6,87,0,183,0.23,0,0,0,0,0.052,0.048,0.041,0.095,0.095,0.157,0.158,0.183,0.183,0.179,0.205,0.206
020_AAAF,CRGRO048,9,9,2020-09-28T00:00:00Z,147,279,88,15,58,373,6,87,0,183,0.21,0,0,0,0,0.07,0.054,0.044,0.093,0.094,0.155,0.156,0.181,0.181,0.178,0.205,0.206
020_AAAF,CRGRO048,9,9,2020-09-29T00:00:00Z,148,299,107,15,58,394,6,87,0,183,0.23,0,0,0,0,0.158,0.114,0.074,0.128,0.106,0.155,0.155,0.181,0.181,0.178,0.205,0.206
020_AAAF,CRGRO048,9,9,2020-09-30T00:00:00Z,149,295,103,15,58,394,6,87,0,183,0.2,0,0,0,0,0.082,0.071,0.055,0.116,0.118,0.174,0.174,0.191,0.18,0.178,0.205,0.206
020_AAAF,CRGRO048,10,10,2020-05-04T00:00:00Z,0,256,64,0,0,0,0,0,0,174,0,0,0,0,0,0.086,0.086,0.086,0.086,0.086,0.118,0.118,0.135,0.129,0.129,0.178,0.258
020_AAAF,CRGRO048,10,10,2020-05-05T00:00:00Z,1,252,61,0,7,0,1,8,0,179,0,0,0,0,0,0.064,0.086,0.079,0.13,0.1,0.118,0.118,0.135,0.129,0.129,0.178,0.228
020_AAAF,CRGRO048,10,10,2020-05-06T00:00:00Z,2,247,55,0,10,0,1,8,0,181,0,0,0,0,0,0.013,0.066,0.063,0.123,0.119,0.146,0.118,0.135,0.129,0.129,0.178,0.214
020_AAAF,CRGRO048,10,10,2020-05-07T00:00:00Z,3,246,54,0,12,0,1,8,0,182,0,0,0,0,0,0.014,0.058,0.057,0.121,0.119,0.162,0.118,0.135,0.129,0.13,0.178,0.209
020_AAAF,CRGRO048,10,10,2020-05-08T00:00:00Z,4,245,53,0,12,0,1,8,0,183,0,0,0,0,0,0.014,0.054,0.055,0.121,0.119,0.167,0.119,0.135,0.129,0.13,0.178,0.206
020_AAAF,CRGRO048,10,10,2020-05-09T00:00:00Z,5,245,53,0,12,0,1,8,0,183,0,0,0,0,0,0.014,0.054,0.055,0.121,0.119,0.167,0.119,0.135,0.129,0.13,0.178,0.206
020_AAAF,CRGRO048,10,10,2020-05-10T00:00:00Z,6,245,53,0,12,0,1,8,0,183,0,0,0,0,0,0.014,0.053,0.055,0.121,0.119,0.166,0.119,0.135,0.129,0.13,0.178,0.206
020_AAAF,CRGRO048,10,10,2020-05-11T00:00:00Z,7,245,53,0,12,0,1,8,0,183,0,0,0,0,0,0.014,0.053,0.055,0.121,0.119,0.166,0.12,0.135,0.129,0.13,0.178,0.206
020_AAAF,CRGRO048,10,10,2020-05-12T00:00:00Z,8,245,53,0,12,0,1,8,0,183,0,0,0,0,0,0.014,0.052,0.055,0.121,0.118,0.166,0.12,0.135,0.129,0.13,0.178,0.206
020_AAAF,CRGRO048,10,10,2020-05-13T00:00:00Z,9,245,53,0,12,0,1,8,0,183,0,0,0,0,0,0.014,0.052,0.055,0.121,0.118,0.166,0.12,0.135,0.129,0.131,0.178,0.206
020_AAAF,CRGRO048,10,10,2020-05-14T00:00:00Z,10,245,53,0,12,0,1,8,0,183,0,0,0,0,0,0.014,0.051,0.055,0.121,0.118,0.165,0.121,0.135,0.129,0.131,0.178,0.206
020_AAAF,CRGRO048,10,10,2020-05-15T00:00:00Z,11,245,53,0,12,0,1,8,0,183,0,0,0,0,0,0.014,0.051,0.055,0.121,0.118,0.165,0.121,0.135,0.129,0.131,0.178,0.205
020_AAAF,CRGRO048,10,10,2020-05-16T00:00:00Z,12,245,53,0,12,0,1,8,0,183,0,0,0,0,0,0.014,0.05,0.055,0.121,0.118,0.165,0.122,0.135,0.129,0.131,0.178,0.205
020_AAAF,CRGRO048,10,10,2020-05-17T00:00:00Z,13,245,53,0,12,0,1,8,0,183,0,0,0,0,0,0.014,0.05,0.055,0.12,0.118,0.164,0.122,0.135,0.129,0.131,0.178,0.205
020_AAAF,CRGRO048,10,10,2020-05-18T00:00:00Z,14,245,53,0,12,0,1,8,0,183,0,0,0,0,0,0.014,0.049,0.055,0.12,0.118,0.164,0.122,0.135,0.129,0.131,0.178,0.205
020_AAAF,CRGRO048,10,10,2020-05-19T00:00:00Z,15,244,53,0,12,0,1,8,0,183,0,0,0,0,0,0.014,0.049,0.054,0.12,0.118,0.164,0.123,0.135,0.129,0.132,0.178,0.205
020_AAAF,CRGRO048,10,10,2020-05-20T00:00:00Z,16,261,70,0,12,17,1,8,0,183,0,0,0,0,0,0.167,0.088,0.068,0.133,0.126,0.173,0.123,0.135,0.129,0.132,0.178,0.205
020_AAAF,CRGRO048,10,10,2020-05-21T00:00:00Z,17,261,69,0,12,21,1,8,0,183,0,0,0,0,0,0.067,0.087,0.072,0.142,0.134,0.182,0.135,0.135,0.129,0.132,0.178,0.205
020_AAAF,CRGRO048,10,10,2020-05-22T00:00:00Z,18,261,69,0,12,23,1,8,0,183,0,0,0,0,0,0.024,0.072,0.068,0.142,0.138,0.187,0.154,0.135,0.129,0.132,0.178,0.205
020_AAAF,CRGRO048,10,10,2020-05-23T00:00:00Z,19,260,68,0,12,23,1,8,0,183,0,0,0,0,0,0.02,0.059,0.062,0.136,0.136,0.188,0.174,0.135,0.129,0.132,0.178,0.205
020_AAAF,CRGRO048,10,10,2020-05-24T00:00:00Z,20,260,68,0,12,23,1,8,0,183,0,0,0,0,0,0.014,0.054,0.056,0.126,0.126,0.18,0.174,0.151,0.129,0.132,0.178,0.204
020_AAAF,CRGRO048,10,10,2020-05-25T00:00:00Z,21,261,69,0,12,25,1,8,0,183,0,0,0,0,0,0.05,0.053,0.055,0.122,0.123,0.179,0.176,0.153,0.129,0.133,0.178,0.204
020_AAAF,CRGRO048,10,10,2020-05-26T00:00:00Z,22,263,71,0,12,28,1,8,0,183,0,0,0,0,0,0.045,0.06,0.057,0.123,0.123,0.178,0.177,0.155,0.129,0.133,0.178,0.204
020_AAAF,CRGRO048,10,10,2020-05-27T00:00:00Z,23,261,69,0,12,28,1,8,0,183,0,0,0,0,0,0.02,0.055,0.055,0.123,0.123,0.178,0.177,0.157,0.129,0.133,0.178,0.204
020_AAAF,CRGRO048,10,10,2020-05-28T00:00:00Z,24,261,69,0,12,28,1,8,0,183,0,0,0,0,0,0.014,0.054,0.055,0.12,0.12,0.175,0.175,0.161,0.129,0.133,0.178,0.204
020_AAAF,CRGRO048,10,10,2020-05-29T00:00:00Z,25,260,69,0,12,28,1,8,0,183,0,0,0,0,0,0.014,0.052,0.054,0.119,0.12,0.175,0.175,0.161,0.13,0.133,0.178,0.204
020_AAAF,CRGRO048,10,10,2020-05-30T00:00:00Z,26,260,68,0,12,28,1,8,0,183,0,0,0,0,0,0.014,0.051,0.053,0.118,0.12,0.175,0.175,0.161,0.13,0.133,0.178,0.204
020_AAAF,CRGRO048,10,10,2020-05-31T00:00:00Z,27,260,68,0,12,28,1,8,0,183,0,0,0,0,0,0.014,0.05,0.053,0.117,0.119,0.175,0.174,0.161,0.13,0.134,0.178,0.204
020_AAAF,CRGRO048,10,10,2020-06-01T00:00:00Z,28,259,67,0,12,28,1,8,0,183,0,0,0,0,0,0.014,0.049,0.052,0.116,0.118,0.175,0.174,0.161,0.13,0.134,0.178,0.204
020_AAAF,CRGRO048,10,10,2020-06-02T00:00:00Z,29,259,67,0,12,28,1,8,0,183,0,0,0,0,0,0.014,0.048,0.051,0.115,0.117,0.175,0.174,0.161,0.13,0.134,0.178,0.203
020_AAAF,CRGRO048,10,10,2020-06-03T00:00:00Z,30,258,66,0,12,28,1,8,0,183,0,0,0,0,0,0.014,0.047,0.051,0.114,0.116,0.175,0.174,0.161,0.13,0.134,0.178,0.203
020_AAAF,CRGRO048,10,10,2020-06-04T00:00:00Z,31,258,66,0,12,28,1,8,0,183,0,0,0,0,0,0.014,0.046,0.05,0.113,0.115,0.175,0.174,0.161,0.13,0.134,0.178,0.203
020_AAAF,CRGRO048,10,10,2020-06-05T00:00:00Z,32,257,66,0,12,28,1,8,0,183,0,0,0,0,0,0.014,0.045,0.049,0.111,0.114,0.175,0.173,0.161,0.13,0.134,0.178,0.203
020_AAAF,CRGRO048,10,10,2020-06-06T00:00:00Z,33,258,66,0,12,29,1,8,0,183,0,0,0,0,0,0.024,0.045,0.049,0.111,0.113,0.174,0.173,0.161,0.13,0.135,0.178,0.203
020_AAAF,CRGRO048,10,10,2020-06-07T00:00:00Z,34,267,75,0,12,39,1,8,0,183,0,0,0,0,0,0.125,0.068,0.057,0.121,0.113,0.174,0.173,0.161,0.131,0.135,0.178,0.203
020_AAAF,CRGRO048,10,10,2020-06-08T00:00:00Z,35,265,74,0,12,42,1,8,0,183,0,0,0,0,0,0.031,0.071,0.062,0.127,0.121,0.175,0.175,0.161,0.131,0.135,0.178,0.203
020_AAAF,CRGRO048,10,10,2020-06-09T00:00:00Z,36,272,80,0,12,50,1,8,0,183,0,0,0,0,0,0.103,0.073,0.065,0.132,0.127,0.179,0.177,0.164,0.131,0.135,0.178,0.203
020_AAAF,CRGRO048,10,10,2020-06-10T00:00:00Z,37,269,77,0,12,51,1,8,0,183,0,0,0,0,0,0.013,0.066,0.062,0.133,0.129,0.182,0.18,0.168,0.131,0.135,0.178,0.203
020_AAAF,CRGRO048,10,10,2020-06-11T00:00:00Z,38,270,78,0,12,53,1,8,0,183,0,0,0,0,0,0.057,0.055,0.057,0.127,0.127,0.182,0.181,0.173,0.131,0.135,0.178,0.203
020_AAAF,CRGRO048,10,10,2020-06-12T00:00:00Z,39,268,76,0,12,53,1,8,0,183,0,0,0,0,0,0.022,0.055,0.055,0.124,0.124,0.18,0.18,0.177,0.131,0.135,0.178,0.202
020_AAAF,CRGRO048,10,10,2020-06-13T00:00:00Z,40,266,74,0,12,53,1,8,0,183,0,0,0,0,0,0.014,0.053,0.054,0.116,0.117,0.175,0.176,0.183,0.131,0.136,0.178,0.202
020_AAAF,CRGRO048,10,10,2020-06-14T00:00:00Z,41,265,73,0,12,53,1,8,0,183,0,0,0,0,0,0.014,0.05,0.052,0.112,0.114,0.174,0.175,0.183,0.132,0.136,0.178,0.202
020_AAAF,CRGRO048,10,10,2020-06-15T00:00:00Z,42,263,72,0,12,53,1,8,0,183,0,0,0,0,0,0.014,0.048,0.05,0.11,0.111,0.173,0.174,0.183,0.132,0.136,0.178,0.202
020_AAAF,CRGRO048,10,10,2020-06-16T00:00:00Z,43,263,71,0,12,53,1,8,0,183,0,0,0,0,0,0.014,0.047,0.049,0.108,0.11,0.172,0.173,0.182,0.132,0.136,0.178,0.202
020_AAAF,CRGRO048,10,10,2020-06-17T00:00:00Z,44,261,70,0,12,53,1,8,0,183,0,0,0,0,0,0.014,0.046,0.048,0.106,0.107,0.17,0.172,0.182,0.132,0.136,0.178,0.202
020_AAAF,CRGRO048,10,10,2020-06-18T00:00:00Z,45,260,68,0,12,53,1,8,0,183,0,0,0,0,0,0.014,0.044,0.047,0.104,0.105,0.169,0.171,0.182,0.133,0.136,0.178,0.202
020_AAAF,CRGRO048,10,10,2020-06-19T00:00:00Z,46,260,68,0,12,54,1,8,0,183,0,0,0,0,0,0.03,0.043,0.045,0.102,0.104,0.167,0.169,0.182,0.133,0.136,0.178,0.202
020_AAAF,CRGRO048,10,10,2020-06-20T00:00:00Z,47,258,66,0,12,55,1,8,0,183,0,0,0,0,0,0.02,0.042,0.044,0.101,0.102,0.165,0.168,0.181,0.133,0.137,0.178,0.202
020_AAAF,CRGRO048,10,10,2020-06-21T00:00:00Z,48,257,65,0,12,55,1,8,0,183,0,0,0,0,0,0.014,0.041,0.043,0.099,0.1,0.164,0.166,0.181,0.133,0.137,0.178,0.202
020_AAAF,CRGRO048,10,10,2020-06-22T00:00:00Z,49,268,76,0,12,55,2,19,0,183,0,0,0,0,0,0.142,0.068,0.054,0.103,0.099,0.162,0.164,0.181,0.133,0.137,0.178,0.201
020_AAAF,CRGRO048,10,10,2020-06-23T00:00:00Z,50,262,71,0,12,55,2,19,0,183,0,0,0,0,0,0.013,0.051,0.053,0.118,0.116,0.162,0.164,0.18,0.134,0.137,0.178,0.201
020_AAAF,CRGRO048,10,10,2020-06-24T00:00:00Z,51,260,68,0,12,55,2,19,0,183,0,0,0,0,0,0.014,0.049,0.051,0.111,0.111,0.161,0.163,0.18,0.134,0.137,0.178,0.201
020_AAAF,CRGRO048,10,10,2020-06-25T00:00:00Z,52,259,67,0,12,55,2,19,0,183,0.01,0,0,0,0,0.014,0.047,0.049,0.107,0.107,0.16,0.162,0.18,0.134,0.137,0.178,0.201
020_AAAF,CRGRO048,10,10,2020-06-26T00:00:00Z,53,257,65,0,12,55,2,19,0,183,0.01,0,0,0,0,0.014,0.045,0.047,0.103,0.103,0.159,0.161,0.179,0.134,0.137,0.178,0.201
020_AAAF,CRGRO048,10,10,2020-06-27T00:00:00Z,54,267,75,0,12,55,3,30,0,183,0.01,0,0,0,0,0.142,0.069,0.055,0.11,0.1,0.158,0.159,0.179,0.135,0.138,0.178,0.201
020_AAAF,CRGRO048,10,10,2020-06-28T00:00:00Z,55,261,70,0,12,55,3,30,0,183,0.01,0,0,0,0,0.02,0.048,0.053,0.116,0.118,0.163,0.159,0.178,0.135,0.138,0.178,0.201
020_AAAF,CRGRO048,10,10,2020-06-29T00:00:00Z,56,258,66,0,12,55,3,30,0,183,0.01,0,0,0,0,0.014,0.046,0.049,0.107,0.107,0.161,0.158,0.178,0.135,0.138,0.178,0.201
020_AAAF,CRGRO048,10,10,2020-06-30T00:00:00Z,57,269,77,0,12,69,3,30,0,183,0.01,0,0,0,0,0.161,0.073,0.057,0.116,0.105,0.159,0.157,0.177,0.135,0.138,0.178,0.201
020_AAAF,CRGRO048,10,10,2020-07-01T00:00:00Z,58,264,72,0,12,69,3,30,0,183,0.01,0,0,0,0,0.039,0.052,0.052,0.114,0.118,0.173,0.166,0.177,0.135,0.138,0.178,0.201
020_AAAF,CRGRO048,10,10,2020-07-02T00:00:00Z,59,259,67,0,12,69,3,30,0,183,0.02,0,0,0,0,0.014,0.048,0.049,0.106,0.107,0.169,0.164,0.176,0.135,0.138,0.178,0.2
020_AAAF,CRGRO048,10,10,2020-07-03T00:00:00Z,60,256,64,0,12,69,3,30,0,183,0.02,0,0,0,0,0.014,0.045,0.046,0.101,0.101,0.164,0.161,0.175,0.136,0.138,0.178,0.2
020_AAAF,CRGRO048,10,10,2020-07-04T00:00:00Z,61,265,73,0,12,69,4,41,0,183,0.02,0,0,0,0,0.136,0.067,0.054,0.105,0.098,0.161,0.159,0.175,0.136,0.139,0.178,0.2
020_AAAF,CRGRO048,10,10,2020-07-05T00:00:00Z,62,266,74,0,12,74,4,41,0,183,0.02,0,0,0,0,0.098,0.068,0.061,0.121,0.102,0.16,0.158,0.174,0.136,0.139,0.178,0.2
020_AAAF,CRGRO048,10,10,2020-07-06T00:00:00Z,63,307,115,11,12,128,4,41,0,183,0.02,0,0,11.16,0,0.144,0.148,0.138,0.194,0.155,0.188,0.175,0.175,0.136,0.139,0.178,0.2
020_AAAF,CRGRO048,10,10,2020-07-07T00:00:00Z,64,313,121,11,12,137,4,41,0,183,0.02,0,0,0,0,0.144,0.118,0.111,0.201,0.177,0.212,0.195,0.191,0.136,0.139,0.178,0.2
020_AAAF,CRGRO048,10,10,2020-07-08T00:00:00Z,65,309,117,11,12,137,4,41,0,183,0.02,0,0,0,0,0.062,0.075,0.073,0.148,0.139,0.188,0.181,0.196,0.245,0.184,0.178,0.2
020_AAAF,CRGRO048,10,10,2020-07-09T00:00:00Z,66,308,116,11,12,139,4,41,0,183,0.03,0,0,0,0,0.051,0.064,0.063,0.139,0.136,0.189,0.185,0.199,0.218,0.204,0.187,0.2
020_AAAF,CRGRO048,10,10,2020-07-10T00:00:00Z,67,301,109,11,14,139,4,41,0,183,0.03,0,0,0,0,0.018,0.053,0.053,0.121,0.12,0.177,0.176,0.197,0.209,0.204,0.205,0.205
020_AAAF,CRGRO048,10,10,2020-07-11T00:00:00Z,68,293,101,11,16,139,4,41,0,183,0.03,0,0,0,0,0.014,0.049,0.05,0.108,0.108,0.17,0.171,0.195,0.199,0.198,0.205,0.205
020_AAAF,CRGRO048,10,10,2020-07-12T00:00:00Z,69,287,96,11,17,139,4,41,0,183,0.03,0,0,0,0,0.014,0.046,0.046,0.102,0.102,0.165,0.166,0.191,0.195,0.195,0.205,0.205
020_AAAF,CRGRO048,10,10,2020-07-13T00:00:00Z,70,283,91,11,17,139,4,41,0,183,0.03,0,0,0,0,0.014,0.042,0.043,0.097,0.097,0.16,0.161,0.187,0.193,0.194,0.205,0.205
020_AAAF,CRGRO048,10,10,2020-07-14T00:00:00Z,71,292,100,11,17,139,5,54,0,183,0.03,0,0,0,0,0.15,0.069,0.054,0.101,0.094,0.157,0.158,0.184,0.191,0.193,0.205,0.205
020_AAAF,CRGRO048,10,10,2020-07-15T00:00:00Z,72,288,96,11,17,139,5,54,0,183,0.03,0,0,0,0,0.065,0.045,0.051,0.117,0.112,0.156,0.157,0.183,0.19,0.192,0.205,0.205
020_AAAF,CRGRO048,10,10,2020-07-16T00:00:00Z,73,282,90,11,17,139,5,54,0,183,0.03,0,0,0,0,0.026,0.047,0.047,0.103,0.104,0.155,0.156,0.182,0.189,0.192,0.205,0.205
020_AAAF,CRGRO048,10,10,2020-07-17T00:00:00Z,74,288,96,11,17,139,6,65,0,183,0.03,0,0,0,0,0.129,0.067,0.054,0.108,0.097,0.153,0.154,0.18,0.187,0.19,0.205,0.205
020_AAAF,CRGRO048,10,10,2020-07-18T00:00:00Z,75,283,91,11,17,139,6,65,0,183,0.03,0,0,0,0,0.054,0.041,0.05,0.114,0.114,0.152,0.153,0.179,0.186,0.189,0.205,0.205
020_AAAF,CRGRO048,10,10,2020-07-19T00:00:00Z,76,278,86,11,17,139,6,65,0,183,0.03,0,0,0,0,0.029,0.04,0.046,0.101,0.101,0.151,0.152,0.178,0.185,0.188,0.205,0.205
020_AAAF,CRGRO048,10,10,2020-07-20T00:00:00Z,77,286,94,11,17,139,7,77,0,183,0.03,0,0,0,0,0.141,0.07,0.054,0.106,0.095,0.15,0.15,0.177,0.183,0.186,0.205,0.205
020_AAAF,CRGRO048,10,10,2020-07-21T00:00:00Z,78,281,89,11,17,139,7,77,0,183,0.03,0,0,0,0,0.059,0.04,0.049,0.114,0.115,0.149,0.15,0.176,0.183,0.186,0.205,0.205
020_AAAF,CRGRO048,10,10,2020-07-22T00:00:00Z,79,279,87,11,17,142,7,77,0,183,0.06,0,0,0,0,0.061,0.054,0.048,0.103,0.103,0.149,0.149,0.175,0.182,0.185,0.205,0.205
020_AAAF,CRGRO048,10,10,2020-07-23T00:00:00Z,80,277,85,11,17,144,7,77,0,183,0.06,0,0,0,0,0.059,0.053,0.051,0.098,0.098,0.148,0.148,0.174,0.181,0.184,0.205,0.205
020_AAAF,CRGRO048,10,10,2020-07-24T00:00:00Z,81,273,81,11,17,145,7,77,0,183,0.06,0,0,0,0,0.036,0.048,0.045,0.095,0.094,0.147,0.147,0.173,0.18,0.183,0.205,0.205
020_AAAF,CRGRO048,10,10,2020-07-25T00:00:00Z,82,283,91,11,17,145,8,90,0,183,0.06,0,0,0,0,0.155,0.072,0.056,0.107,0.091,0.145,0.146,0.172,0.178,0.181,0.205,0.205
020_AAAF,CRGRO048,10,10,2020-07-26T00:00:00Z,83,277,86,11,17,145,8,90,0,183,0.06,0,0,0,0,0.067,0.041,0.05,0.114,0.118,0.145,0.145,0.171,0.178,0.181,0.205,0.205
020_AAAF,CRGRO048,10,10,2020-07-27T00:00:00Z,84,272,80,11,17,145,8,90,0,183,0.06,0,0,0,0,0.031,0.044,0.047,0.103,0.101,0.145,0.145,0.171,0.177,0.18,0.205,0.205
020_AAAF,CRGRO048,10,10,2020-07-28T00:00:00Z,85,281,89,11,17,145,9,103,0,183,0.06,0,0,0,0,0.148,0.071,0.054,0.109,0.094,0.144,0.144,0.17,0.176,0.179,0.205,0.205
020_AAAF,CRGRO048,10,10,2020-07-29T00:00:00Z,86,284,92,11,17,151,9,103,0,183,0.08,0,0,0,0,0.141,0.074,0.063,0.123,0.103,0.144,0.144,0.17,0.175,0.179,0.204,0.205
020_AAAF,CRGRO048,10,10,2020-07-30T00:00:00Z,87,282,90,11,17,152,9,103,0,183,0.08,0,0,0,0,0.089,0.066,0.06,0.124,0.12,0.144,0.144,0.17,0.175,0.179,0.204,0.205
020_AAAF,CRGRO048,10,10,2020-07-31T00:00:00Z,88,278,86,11,17,152,9,103,0,183,0.07,0,0,0,0,0.051,0.05,0.052,0.113,0.111,0.167,0.143,0.169,0.175,0.179,0.204,0.205
020_AAAF,CRGRO048,10,10,2020-08-01T00:00:00Z,89,273,81,11,17,152,9,103,0,183,0.07,0,0,0,0,0.035,0.046,0.047,0.101,0.101,0.162,0.143,0.169,0.174,0.178,0.204,0.205
020_AAAF,CRGRO048,10,10,2020-08-02T00:00:00Z,90,279,87,11,17,152,10,115,0,183,0.07,0,0,0,0,0.134,0.067,0.053,0.106,0.094,0.156,0.142,0.168,0.173,0.177,0.204,0.205
020_AAAF,CRGRO048,10,10,2020-08-03T00:00:00Z,91,274,82,11,17,152,10,115,0,183,0.07,0,0,0,0,0.062,0.039,0.049,0.115,0.111,0.155,0.142,0.168,0.173,0.176,0.204,0.205
020_AAAF,CRGRO048,10,10,2020-08-04T00:00:00Z,92,271,79,11,17,152,10,115,0,183,0.09,0,0,0,0,0.046,0.044,0.046,0.104,0.104,0.154,0.142,0.167,0.172,0.176,0.204,0.205
020_AAAF,CRGRO048,10,10,2020-08-05T00:00:00Z,93,278,86,11,17,152,11,126,0,183,0.09,0,0,0,0,0.139,0.069,0.053,0.106,0.094,0.151,0.141,0.166,0.171,0.175,0.204,0.205
020_AAAF,CRGRO048,10,10,2020-08-06T00:00:00Z,94,277,85,11,17,156,11,126,0,183,0.1,0,0,0,0,0.106,0.06,0.059,0.118,0.098,0.15,0.141,0.166,0.171,0.175,0.204,0.205
020_AAAF,CRGRO048,10,10,2020-08-07T00:00:00Z,95,274,82,11,17,156,11,126,0,183,0.1,0,0,0,0,0.062,0.055,0.053,0.112,0.104,0.15,0.141,0.166,0.171,0.175,0.204,0.205
020_AAAF,CRGRO048,10,10,2020-08-08T00:00:00Z,96,270,78,11,17,156,11,126,0,183,0.09,0,0,0,0,0.042,0.05,0.049,0.106,0.1,0.149,0.141,0.166,0.17,0.174,0.204,0.205
020_AAAF,CRGRO048,10,10,2020-08-09T00:00:00Z,97,283,91,11,17,162,12,137,0,183,0.11,0,0,0,0,0.158,0.088,0.063,0.118,0.107,0.148,0.14,0.165,0.17,0.174,0.203,0.205
020_AAAF,CRGRO048,10,10,2020-08-10T00:00:00Z,98,291,99,11,17,172,12,137,0,183,0.11,0,0,0,0,0.158,0.1,0.074,0.136,0.125,0.158,0.14,0.165,0.17,0.174,0.203,0.205
020_AAAF,CRGRO048,10,10,2020-08-11T00:00:00Z,99,287,95,11,17,172,12,137,0,183,0.1,0,0,0,0,0.08,0.064,0.054,0.118,0.114,0.173,0.174,0.175,0.17,0.174,0.203,0.205
020_AAAF,CRGRO048,10,10,2020-08-12T00:00:00Z,100,293,101,11,17,182,12,137,0,183,0.12,0,0,0,0,0.144,0.076,0.063,0.123,0.119,0.173,0.174,0.175,0.17,0.174,0.203,0.205
020_AAAF,CRGRO048,10,10,2020-08-13T00:00:00Z,101,289,97,11,17,182,12,137,0,183,0.12,0,0,0,0,0.083,0.065,0.06,0.124,0.119,0.175,0.173,0.176,0.169,0.174,0.203,0.205
020_AAAF,CRGRO048,10,10,2020-08-14T00:00:00Z,102,293,101,11,17,190,12,137,0,183,0.12,0,0,0,0,0.124,0.071,0.062,0.125,0.12,0.176,0.174,0.177,0.169,0.174,0.203,0.205
020_AAAF,CRGRO048,10,10,2020-08-15T00:00:00Z,103,288,96,11,17,190,12,137,0,183,0.11,0,0,0,0,0.067,0.053,0.052,0.114,0.113,0.173,0.172,0.193,0.169,0.174,0.203,0.205
020_AAAF,CRGRO048,10,10,2020-08-16T00:00:00Z,104,284,92,11,17,190,12,137,0,183,0.1,0,0,0,0,0.041,0.05,0.05,0.11,0.107,0.169,0.168,0.191,0.169,0.173,0.203,0.205
020_AAAF,CRGRO048,10,10,2020-08-17T00:00:00Z,105,279,87,11,17,190,12,137,0,183,0.1,0,0,0,0,0.03,0.047,0.047,0.102,0.101,0.164,0.164,0.188,0.169,0.173,0.203,0.205
020_AAAF,CRGRO048,10,10,2020-08-18T00:00:00Z,106,312,120,14,17,229,12,137,0,183,0.13,0,0,2.37,0,0.158,0.149,0.1,0.152,0.128,0.173,0.165,0.184,0.169,0.173,0.203,0.205
020_AAAF,CRGRO048,10,10,2020-08-19T00:00:00Z,107,304,112,14,20,229,12,137,0,183,0.12,0,0,0,0,0.081,0.084,0.065,0.126,0.116,0.172,0.173,0.195,0.195,0.194,0.205,0.205
020_AAAF,CRGRO048,10,10,2020-08-20T00:00:00Z,108,302,110,14,20,231,12,137,0,183,0.14,0,0,0,0,0.067,0.066,0.06,0.127,0.121,0.175,0.175,0.194,0.195,0.193,0.205,0.205
020_AAAF,CRGRO048,10,10,2020-08-21T00:00:00Z,109,300,108,14,20,231,12,137,0,183,0.14,0,0,0,0,0.055,0.057,0.057,0.124,0.121,0.176,0.175,0.195,0.194,0.193,0.205,0.205
020_AAAF,CRGRO048,10,10,2020-08-22T00:00:00Z,110,299,107,14,20,232,12,137,0,183,0.15,0,0,0,0,0.058,0.056,0.055,0.121,0.12,0.176,0.175,0.196,0.194,0.193,0.205,0.205
020_AAAF,CRGRO048,10,10,2020-08-23T00:00:00Z,111,298,106,14,20,233,12,137,0,183,0.14,0,0,0,0,0.058,0.055,0.054,0.118,0.118,0.174,0.174,0.196,0.193,0.192,0.205,0.205
020_AAAF,CRGRO048,10,10,2020-08-24T00:00:00Z,112,325,133,14,20,261,12,137,0,183,0.15,0,0,0.32,0,0.163,0.145,0.09,0.15,0.134,0.183,0.179,0.197,0.195,0.194,0.205,0.205
020_AAAF,CRGRO048,10,10,2020-08-25T00:00:00Z,113,340,148,14,20,281,12,137,0,183,0.14,0,0,0.1,0,0.155,0.147,0.111,0.184,0.158,0.199,0.189,0.2,0.2,0.197,0.206,0.207
020_AAAF,CRGRO048,10,10,2020-08-26T00:00:00Z,114,336,144,14,22,281,12,137,0,182,0.15,0,0,0,0,0.091,0.098,0.091,0.179,0.165,0.21,0.199,0.204,0.206,0.202,0.209,0.208
020_AAAF,CRGRO048,10,10,2020-08-27T00:00:00Z,115,324,132,14,29,281,12,137,0,182,0.14,0,0,0,0,0.055,0.065,0.063,0.138,0.132,0.186,0.181,0.198,0.289,0.201,0.209,0.208
020_AAAF,CRGRO048,10,10,2020-08-28T00:00:00Z,116,312,120,14,36,281,12,137,0,182,0.12,0,0,0,0,0.044,0.052,0.053,0.12,0.118,0.176,0.174,0.196,0.274,0.2,0.209,0.208
020_AAAF,CRGRO048,10,10,2020-08-29T00:00:00Z,117,302,110,14,43,281,12,137,0,182,0.11,0,0,0,0,0.037,0.051,0.051,0.114,0.113,0.173,0.172,0.195,0.225,0.2,0.209,0.208
020_AAAF,CRGRO048,10,10,2020-08-30T00:00:00Z,118,334,142,16,45,320,12,137,0,182,0.16,0,0,2.13,0,0.161,0.15,0.104,0.16,0.137,0.183,0.178,0.197,0.205,0.202,0.21,0.209
020_AAAF,CRGRO048,10,10,2020-08-31T00:00:00Z,119,332,140,16,47,323,12,137,0,182,0.16,0,0,0,0,0.12,0.106,0.093,0.171,0.153,0.197,0.187,0.2,0.203,0.202,0.211,0.21
020_AAAF,CRGRO048,10,10,2020-09-01T00:00:00Z,120,321,129,16,54,323,12,137,0,182,0.14,0,0,0,0,0.066,0.069,0.063,0.134,0.127,0.181,0.177,0.196,0.271,0.202,0.211,0.21
020_AAAF,CRGRO048,10,10,2020-09-02T00:00:00Z,121,309,118,16,61,323,12,137,0,182,0.13,0,0,0,0,0.046,0.054,0.053,0.12,0.117,0.174,0.175,0.195,0.251,0.201,0.211,0.21
020_AAAF,CRGRO048,10,10,2020-09-03T00:00:00Z,122,298,106,16,68,323,12,137,0,183,0.11,0,0,0,0,0.035,0.051,0.051,0.11,0.11,0.171,0.171,0.193,0.215,0.196,0.207,0.208
020_AAAF,CRGRO048,10,10,2020-09-04T00:00:00Z,123,291,99,16,70,323,12,137,0,183,0.1,0,0,0,0,0.024,0.048,0.048,0.104,0.104,0.167,0.167,0.19,0.2,0.194,0.207,0.208
020_AAAF,CRGRO048,10,10,2020-09-05T00:00:00Z,124,286,94,16,71,323,12,137,0,183,0.09,0,0,0,0,0.015,0.045,0.045,0.1,0.1,0.163,0.163,0.188,0.194,0.191,0.207,0.208
020_AAAF,CRGRO048,10,10,2020-09-06T00:00:00Z,125,294,102,16,71,323,13,148,0,183,0.08,0,0,0,0,0.138,0.068,0.055,0.106,0.098,0.16,0.161,0.186,0.191,0.189,0.207,0.208
020_AAAF,CRGRO048,10,10,2020-09-07T00:00:00Z,126,290,98,16,71,323,13,148,0,183,0.07,0,0,0,0,0.07,0.047,0.052,0.116,0.116,0.159,0.16,0.185,0.19,0.188,0.207,0.208
020_AAAF,CRGRO048,10,10,2020-09-08T00:00:00Z,127,287,95,16,71,323,13,148,0,183,0.06,0,0,0,0,0.045,0.051,0.05,0.109,0.109,0.158,0.159,0.184,0.188,0.188,0.207,0.208
020_AAAF,CRGRO048,10,10,2020-09-09T00:00:00Z,128,295,103,16,71,333,13,148,0,183,0.18,0,0,0,0,0.142,0.072,0.059,0.118,0.109,0.158,0.158,0.183,0.188,0.187,0.207,0.208
020_AAAF,CRGRO048,10,10,2020-09-10T00:00:00Z,129,304,112,16,71,344,13,148,0,183,0.17,0,0,0,0,0.158,0.093,0.071,0.132,0.123,0.166,0.158,0.183,0.187,0.187,0.207,0.208
020_AAAF,CRGRO048,10,10,2020-09-11T00:00:00Z,130,303,111,16,71,346,13,148,0,183,0.18,0,0,0,0,0.111,0.081,0.069,0.139,0.13,0.178,0.164,0.183,0.187,0.186,0.207,0.208
020_AAAF,CRGRO048,10,10,2020-09-12T00:00:00Z,131,300,108,16,71,346,13,148,0,183,0.18,0,0,0,0,0.071,0.066,0.062,0.134,0.129,0.181,0.175,0.183,0.186,0.186,0.207,0.208
020_AAAF,CRGRO048,10,10,2020-09-13T00:00:00Z,132,298,107,16,71,347,13,148,0,183,0.19,0,0,0,0,0.059,0.058,0.058,0.128,0.126,0.181,0.178,0.187,0.186,0.186,0.207,0.208
020_AAAF,CRGRO048,10,10,2020-09-14T00:00:00Z,133,296,105,16,71,348,13,148,0,183,0.18,0,0,0,0,0.055,0.055,0.055,0.121,0.121,0.178,0.177,0.19,0.186,0.186,0.207,0.208
020_AAAF,CRGRO048,10,10,2020-09-15T00:00:00Z,134,297,106,16,71,350,13,148,0,183,0.2,0,0,0,0,0.073,0.059,0.056,0.12,0.119,0.176,0.176,0.192,0.185,0.186,0.207,0.208
020_AAAF,CRGRO048,10,10,2020-09-16T00:00:00Z,135,307,115,16,71,360,13,148,0,183,0.2,0,0,0,0,0.151,0.078,0.064,0.128,0.124,0.177,0.176,0.193,0.185,0.186,0.207,0.208
020_AAAF,CRGRO048,10,10,2020-09-17T00:00:00Z,136,311,119,16,71,367,13,148,0,183,0.17,0,0,0,0,0.15,0.084,0.069,0.135,0.128,0.181,0.178,0.197,0.185,0.186,0.207,0.208
020_AAAF,CRGRO048,10,10,2020-09-18T00:00:00Z,137,303,112,16,77,367,13,148,0,183,0.16,0,0,0,0,0.088,0.064,0.057,0.124,0.121,0.176,0.175,0.196,0.194,0.194,0.207,0.208
020_AAAF,CRGRO048,10,10,2020-09-19T00:00:00Z,138,299,107,16,79,367,13,148,0,183,0.15,0,0,0,0,0.061,0.055,0.054,0.118,0.118,0.175,0.174,0.196,0.194,0.194,0.207,0.208
020_AAAF,CRGRO048,10,10,2020-09-20T00:00:00Z,139,297,106,16,79,367,13,148,0,183,0.13,0,0,0,0,0.051,0.054,0.053,0.116,0.116,0.173,0.173,0.195,0.193,0.193,0.207,0.208
020_AAAF,CRGRO048,10,10,2020-09-21T00:00:00Z,140,294,102,16,79,367,13,148,0,183,0.12,0,0,0,0,0.042,0.052,0.051,0.111,0.111,0.171,0.171,0.193,0.192,0.192,0.207,0.208
020_AAAF,CRGRO048,10,10,2020-09-22T00:00:00Z,141,291,99,16,79,367,13,148,0,183,0.1,0,0,0,0,0.034,0.05,0.049,0.107,0.107,0.168,0.168,0.192,0.191,0.191,0.207,0.208
020_AAAF,CRGRO048,10,10,2020-09-23T00:00:00Z,142,289,97,16,79,367,13,148,0,183,0.09,0,0,0,0,0.029,0.048,0.048,0.104,0.105,0.166,0.166,0.19,0.19,0.19,0.207,0.208
020_AAAF,CRGRO048,10,10,2020-09-24T00:00:00Z,143,286,94,16,79,367,13,148,0,183,0.08,0,0,0,0,0.023,0.046,0.046,0.102,0.102,0.164,0.164,0.189,0.188,0.189,0.207,0.208
020_AAAF,CRGRO048,10,10,2020-09-25T00:00:00Z,144,285,94,16,79,370,13,148,0,183,0.2,0,0,0,0,0.059,0.051,0.044,0.099,0.099,0.161,0.162,0.186,0.187,0.187,0.207,0.208
020_AAAF,CRGRO048,10,10,2020-09-26T00:00:00Z,145,282,90,16,79,370,13,148,0,183,0.17,0,0,0,0,0.043,0.049,0.043,0.097,0.097,0.159,0.16,0.185,0.185,0.186,0.207,0.208
020_AAAF,CRGRO048,10,10,2020-09-27T00:00:00Z,146,293,101,16,79,370,14,160,0,183,0.21,0,0,0,0,0.155,0.075,0.058,0.108,0.096,0.158,0.159,0.184,0.184,0.185,0.206,0.208
020_AAAF,CRGRO048,10,10,2020-09-28T00:00:00Z,147,294,102,16,79,373,14,160,0,183,0.19,0,0,0,0,0.115,0.071,0.062,0.123,0.105,0.158,0.158,0.183,0.184,0.185,0.206,0.208
020_AAAF,CRGRO048,10,10,2020-09-29T00:00:00Z,148,313,121,16,79,394,14,160,0,183,0.21,0,0,0,0,0.161,0.13,0.087,0.149,0.131,0.175,0.158,0.183,0.184,0.185,0.206,0.208
020_AAAF,CRGRO048,10,10,2020-09-30T00:00:00Z,149,304,113,16,84,394,14,160,0,183,0.18,0,0,0,0,0.085,0.078,0.061,0.126,0.119,0.173,0.174,0.196,0.194,0.194,0.206,0.208
020_AAAF,CRGRO048,11,11,2020-05-11T00:00:00Z,0,256,64,0,0,0,0,0,0,174,0,0,0,0,0,0.086,0.086,0.086,0.086,0.086,0.118,0.118,0.135,0.129,0.129,0.178,0.258
020_AAAF,CRGRO048,11,11,2020-05-12T00:00:00Z,1,252,61,0,7,0,1,8,0,179,0,0,0,0,0,0.064,0.086,0.079,0.13,0.1,0.118,0.118,0.135,0.129,0.129,0.178,0.228
020_AAAF,CRGRO048,11,11,2020-05-13T00:00:00Z,2,247,55,0,10,0,1,8,0,181,0,0,0,0,0,0.013,0.066,0.063,0.123,0.119,0.146,0.118,0.135,0.129,0.129,0.178,0.214
020_AAAF,CRGRO048,11,11,2020-05-14T00:00:00Z,3,246,54,0,12,0,1,8,0,182,0,0,0,0,0,0.014,0.058,0.057,0.121,0.119,0.162,0.118,0.135,0.129,0.13,0.178,0.209
020_AAAF,CRGRO048,11,11,2020-05-15T00:00:00Z,4,245,53,0,12,0,1,8,0,183,0,0,0,0,0,0.014,0.054,0.055,0.121,0.119,0.167,0.119,0.135,0.129,0.13,0.178,0.206
020_AAAF,CRGRO048,11,11,2020-05-16T00:00:00Z,5,245,53,0,12,0,1,8,0,183,0,0,0,0,0,0.014,0.054,0.055,0.121,0.119,0.167,0.119,0.135,0.129,0.13,0.178,0.206
020_AAAF,CRGRO048,11,11,2020-05-17T00:00:00Z,6,245,53,0,12,0,1,8,0,183,0,0,0,0,0,0.014,0.053,0.055,0.121,0.119,0.166,0.119,0.135,0.129,0.13,0.178,0.206
020_AAAF,CRGRO048,11,11,2020-05-18T00:00:00Z,7,245,53,0,12,0,1,8,0,183,0,0,0,0,0,0.014,0.053,0.055,0.121,0.119,0.166,0.12,0.135,0.129,0.13,0.178,0.206
020_AAAF,CRGRO048,11,11,2020-05-19T00:00:00Z,8,245,53,0,12,0,1,8,0,183,0,0,0,0,0,0.014,0.052,0.055,0.121,0.118,0.166,0.12,0.135,0.129,0.13,0.178,0.206
020_AAAF,CRGRO048,11,11,2020-05-20T00:00:00Z,9,262,70,0,12,17,1,8,0,183,0,0,0,0,0,0.167,0.09,0.068,0.134,0.127,0.176,0.12,0.135,0.129,0.131,0.178,0.206
020_AAAF,CRGRO048,11,11,2020-05-21T00:00:00Z,10,262,70,0,12,21,1,8,0,183,0,0,0,0,0,0.066,0.088,0.073,0.143,0.135,0.183,0.134,0.135,0.129,0.131,0.178,0.206
020_AAAF,CRGRO048,11,11,2020-05-22T00:00:00Z,11,261,69,0,12,23,1,8,0,183,0,0,0,0,0,0.025,0.073,0.069,0.143,0.138,0.188,0.155,0.135,0.129,0.131,0.178,0.205
020_AAAF,CRGRO048,11,11,2020-05-23T00:00:00Z,12,261,69,0,12,23,1,8,0,183,0,0,0,0,0,0.02,0.06,0.062,0.137,0.137,0.189,0.176,0.135,0.129,0.131,0.178,0.205
020_AAAF,CRGRO048,11,11,2020-05-24T00:00:00Z,13,260,69,0,12,23,1,8,0,183,0,0,0,0,0,0.014,0.055,0.056,0.126,0.126,0.18,0.176,0.152,0.129,0.131,0.178,0.205
020_AAAF,CRGRO048,11,11,2020-05-25T00:00:00Z,14,262,70,0,12,25,1,8,0,183,0,0,0,0,0,0.05,0.054,0.054,0.123,0.124,0.179,0.177,0.154,0.129,0.131,0.178,0.205
020_AAAF,CRGRO048,11,11,2020-05-26T00:00:00Z,15,263,72,0,12,28,1,8,0,183,0,0,0,0,0,0.045,0.06,0.056,0.124,0.124,0.179,0.178,0.157,0.129,0.132,0.178,0.205
020_AAAF,CRGRO048,11,11,2020-05-27T00:00:00Z,16,262,70,0,12,28,1,8,0,183,0,0,0,0,0,0.02,0.055,0.055,0.123,0.123,0.178,0.177,0.16,0.129,0.132,0.178,0.205
020_AAAF,CRGRO048,11,11,2020-05-28T00:00:00Z,17,262,70,0,12,28,1,8,0,183,0,0,0,0,0,0.014,0.054,0.055,0.121,0.121,0.176,0.175,0.163,0.129,0.132,0.178,0.205
020_AAAF,CRGRO048,11,11,2020-05-29T00:00:00Z,18,261,70,0,12,28,1,8,0,183,0,0,0,0,0,0.014,0.053,0.054,0.12,0.121,0.176,0.175,0.163,0.13,0.132,0.178,0.205
020_AAAF,CRGRO048,11,11,2020-05-30T00:00:00Z,19,261,69,0,12,28,1,8,0,183,0,0,0,0,0,0.014,0.052,0.054,0.12,0.121,0.176,0.175,0.164,0.13,0.132,0.178,0.205
020_AAAF,CRGRO048,11,11,2020-05-31T00:00:00Z,20,261,69,0,12,28,1,8,0,183,0,0,0,0,0,0.014,0.05,0.053,0.119,0.121,0.176,0.175,0.164,0.13,0.132,0.178,0.204
020_AAAF,CRGRO048,11,11,2020-06-01T00:00:00Z,21,261,69,0,12,28,1,8,0,183,0,0,0,0,0,0.014,0.049,0.052,0.118,0.12,0.176,0.174,0.164,0.13,0.133,0.178,0.204
020_AAAF,CRGRO048,11,11,2020-06-02T00:00:00Z,22,260,68,0,12,28,1,8,0,183,0,0,0,0,0,0.014,0.048,0.052,0.117,0.12,0.176,0.174,0.164,0.13,0.133,0.178,0.204
020_AAAF,CRGRO048,11,11,2020-06-03T00:00:00Z,23,260,68,0,12,28,1,8,0,183,0,0,0,0,0,0.014,0.048,0.051,0.116,0.119,0.176,0.174,0.164,0.13,0.133,0.178,0.204
020_AAAF,CRGRO048,11,11,2020-06-04T00:00:00Z,24,260,68,0,12,28,1,8,0,183,0,0,0,0,0,0.014,0.047,0.051,0.115,0.119,0.176,0.174,0.164,0.13,0.133,0.178,0.204
020_AAAF,CRGRO048,11,11,2020-06-05T00:00:00Z,25,259,67,0,12,28,1,8,0,183,0,0,0,0,0,0.014,0.046,0.05,0.114,0.118,0.176,0.174,0.164,0.13,0.133,0.178,0.204
020_AAAF,CRGRO048,11,11,2020-06-06T00:00:00Z,26,260,68,0,12,29,1,8,0,183,0,0,0,0,0,0.024,0.046,0.05,0.114,0.117,0.176,0.173,0.164,0.13,0.133,0.178,0.204
020_AAAF,CRGRO048,11,11,2020-06-07T00:00:00Z,27,269,77,0,12,39,1,8,0,183,0,0,0,0,0,0.125,0.069,0.058,0.121,0.12,0.175,0.173,0.164,0.131,0.134,0.178,0.204
020_AAAF,CRGRO048,11,11,2020-06-08T00:00:00Z,28,267,76,0,12,42,1,8,0,183,0,0,0,0,0,0.027,0.072,0.063,0.128,0.125,0.178,0.176,0.165,0.131,0.134,0.178,0.204
020_AAAF,CRGRO048,11,11,2020-06-09T00:00:00Z,29,275,83,0,12,50,1,8,0,183,0,0,0,0,0,0.105,0.074,0.065,0.134,0.129,0.181,0.179,0.168,0.131,0.134,0.178,0.203
020_AAAF,CRGRO048,11,11,2020-06-10T00:00:00Z,30,271,80,0,12,51,1,8,0,183,0,0,0,0,0,0.013,0.067,0.063,0.134,0.131,0.184,0.181,0.174,0.131,0.134,0.178,0.203
020_AAAF,CRGRO048,11,11,2020-06-11T00:00:00Z,31,273,81,0,12,53,1,8,0,183,0,0,0,0,0,0.057,0.057,0.058,0.129,0.129,0.184,0.182,0.179,0.131,0.134,0.178,0.203
020_AAAF,CRGRO048,11,11,2020-06-12T00:00:00Z,32,271,79,0,12,53,1,8,0,183,0,0,0,0,0,0.019,0.055,0.056,0.125,0.126,0.182,0.182,0.185,0.131,0.134,0.178,0.203
020_AAAF,CRGRO048,11,11,2020-06-13T00:00:00Z,33,270,78,0,12,53,1,8,0,183,0,0,0,0,0,0.014,0.053,0.055,0.118,0.119,0.177,0.177,0.192,0.132,0.135,0.178,0.203
020_AAAF,CRGRO048,11,11,2020-06-14T00:00:00Z,34,269,77,0,12,53,1,8,0,183,0,0,0,0,0,0.014,0.051,0.053,0.115,0.116,0.176,0.176,0.192,0.132,0.135,0.178,0.203
020_AAAF,CRGRO048,11,11,2020-06-15T00:00:00Z,35,267,76,0,12,53,1,8,0,183,0,0,0,0,0,0.014,0.049,0.052,0.112,0.114,0.175,0.176,0.192,0.132,0.135,0.178,0.203
020_AAAF,CRGRO048,11,11,2020-06-16T00:00:00Z,36,267,75,0,12,53,1,8,0,183,0,0,0,0,0,0.014,0.048,0.051,0.111,0.113,0.174,0.175,0.192,0.133,0.135,0.178,0.203
020_AAAF,CRGRO048,11,11,2020-06-17T00:00:00Z,37,266,74,0,12,53,1,8,0,183,0,0,0,0,0,0.014,0.047,0.05,0.109,0.111,0.173,0.175,0.191,0.133,0.135,0.178,0.203
020_AAAF,CRGRO048,11,11,2020-06-18T00:00:00Z,38,265,73,0,12,53,1,8,0,183,0,0,0,0,0,0.014,0.046,0.048,0.107,0.109,0.172,0.173,0.191,0.133,0.135,0.178,0.203
020_AAAF,CRGRO048,11,11,2020-06-19T00:00:00Z,39,264,73,0,12,54,1,8,0,183,0,0,0,0,0,0.03,0.044,0.047,0.105,0.107,0.17,0.172,0.191,0.133,0.136,0.178,0.202
020_AAAF,CRGRO048,11,11,2020-06-20T00:00:00Z,40,263,71,0,12,55,1,8,0,183,0,0,0,0,0,0.02,0.043,0.046,0.103,0.105,0.169,0.171,0.191,0.134,0.136,0.178,0.202
020_AAAF,CRGRO048,11,11,2020-06-21T00:00:00Z,41,261,70,0,12,55,1,8,0,183,0,0,0,0,0,0.014,0.042,0.045,0.102,0.103,0.167,0.169,0.19,0.134,0.136,0.178,0.202
020_AAAF,CRGRO048,11,11,2020-06-22T00:00:00Z,42,260,69,0,12,55,1,8,0,183,0,0,0,0,0,0.014,0.041,0.044,0.1,0.102,0.166,0.168,0.19,0.134,0.136,0.178,0.202
020_AAAF,CRGRO048,11,11,2020-06-23T00:00:00Z,43,259,67,0,12,55,1,8,0,183,0,0,0,0,0,0.014,0.04,0.043,0.099,0.1,0.164,0.166,0.189,0.135,0.136,0.178,0.202
020_AAAF,CRGRO048,11,11,2020-06-24T00:00:00Z,44,258,66,0,12,55,1,8,0,183,0,0,0,0,0,0.014,0.039,0.042,0.097,0.099,0.163,0.165,0.188,0.135,0.136,0.178,0.202
020_AAAF,CRGRO048,11,11,2020-06-25T00:00:00Z,45,265,73,0,12,55,2,15,0,183,0,0,0,0,0,0.104,0.059,0.047,0.096,0.098,0.161,0.163,0.188,0.135,0.136,0.178,0.202
020_AAAF,CRGRO048,11,11,2020-06-26T00:00:00Z,46,260,68,0,12,55,2,15,0,183,0,0,0,0,0,0.013,0.049,0.051,0.105,0.097,0.16,0.162,0.187,0.135,0.137,0.178,0.202
020_AAAF,CRGRO048,11,11,2020-06-27T00:00:00Z,47,259,67,0,12,55,2,15,0,183,0.01,0,0,0,0,0.024,0.046,0.048,0.102,0.096,0.159,0.161,0.186,0.136,0.137,0.178,0.202
020_AAAF,CRGRO048,11,11,2020-06-28T00:00:00Z,48,257,65,0,12,55,2,15,0,183,0.01,0,0,0,0,0.014,0.044,0.046,0.099,0.095,0.158,0.159,0.185,0.136,0.137,0.178,0.202
020_AAAF,CRGRO048,11,11,2020-06-29T00:00:00Z,49,256,64,0,12,55,2,15,0,183,0.01,0,0,0,0,0.014,0.042,0.044,0.097,0.094,0.156,0.158,0.184,0.136,0.137,0.178,0.201
020_AAAF,CRGRO048,11,11,2020-06-30T00:00:00Z,50,268,76,0,12,69,2,15,0,183,0.01,0,0,0,0,0.161,0.072,0.056,0.106,0.093,0.155,0.157,0.183,0.136,0.137,0.178,0.201
020_AAAF,CRGRO048,11,11,2020-07-01T00:00:00Z,51,263,71,0,12,69,2,15,0,183,0.01,0,0,0,0,0.02,0.053,0.052,0.117,0.119,0.159,0.157,0.183,0.136,0.137,0.178,0.201
020_AAAF,CRGRO048,11,11,2020-07-02T00:00:00Z,52,260,68,0,12,69,2,15,0,183,0.01,0,0,0,0,0.014,0.05,0.05,0.11,0.11,0.158,0.156,0.182,0.137,0.138,0.178,0.201
020_AAAF,CRGRO048,11,11,2020-07-03T00:00:00Z,53,257,65,0,12,69,2,15,0,183,0.01,0,0,0,0,0.014,0.046,0.047,0.103,0.103,0.157,0.155,0.181,0.137,0.138,0.178,0.201
020_AAAF,CRGRO048,11,11,2020-07-04T00:00:00Z,54,255,63,0,12,69,2,15,0,183,0.01,0,0,0,0,0.014,0.043,0.044,0.099,0.099,0.155,0.154,0.18,0.137,0.138,0.178,0.201
020_AAAF,CRGRO048,11,11,2020-07-05T00:00:00Z,55,258,66,0,12,74,2,15,0,183,0.02,0,0,0,0,0.079,0.053,0.044,0.096,0.097,0.154,0.153,0.179,0.137,0.138,0.178,0.201
020_AAAF,CRGRO048,11,11,2020-07-06T00:00:00Z,56,300,108,10,12,128,2,15,0,183,0.02,0,0,10.49,0,0.133,0.149,0.128,0.177,0.141,0.178,0.159,0.178,0.137,0.138,0.178,0.201
020_AAAF,CRGRO048,11,11,2020-07-07T00:00:00Z,57,305,113,10,12,137,2,15,0,183,0.02,0,0,0,0,0.136,0.116,0.107,0.191,0.166,0.202,0.184,0.185,0.138,0.138,0.178,0.201
020_AAAF,CRGRO048,11,11,2020-07-08T00:00:00Z,58,302,110,10,12,137,2,15,0,183,0.02,0,0,0,0,0.049,0.075,0.071,0.145,0.135,0.184,0.177,0.196,0.211,0.183,0.178,0.201
020_AAAF,CRGRO048,11,11,2020-07-09T00:00:00Z,59,300,108,10,12,139,2,15,0,183,0.02,0,0,0,0,0.037,0.063,0.062,0.138,0.134,0.186,0.182,0.198,0.203,0.197,0.178,0.2
020_AAAF,CRGRO048,11,11,2020-07-10T00:00:00Z,60,295,103,10,12,139,2,15,0,183,0.02,0,0,0,0,0.014,0.052,0.052,0.12,0.119,0.176,0.174,0.197,0.197,0.197,0.203,0.2
020_AAAF,CRGRO048,11,11,2020-07-11T00:00:00Z,61,291,99,10,12,139,2,15,0,183,0.02,0,0,0,0,0.014,0.049,0.05,0.108,0.109,0.171,0.17,0.194,0.195,0.197,0.204,0.2
020_AAAF,CRGRO048,11,11,2020-07-12T00:00:00Z,62,286,94,10,12,139,2,15,0,183,0.02,0,0,0,0,0.014,0.046,0.047,0.102,0.103,0.166,0.166,0.191,0.194,0.196,0.204,0.2
020_AAAF,CRGRO048,11,11,2020-07-13T00:00:00Z,63,282,90,10,12,139,2,15,0,183,0.02,0,0,0,0,0.014,0.042,0.043,0.097,0.098,0.162,0.162,0.188,0.192,0.196,0.204,0.2
020_AAAF,CRGRO048,11,11,2020-07-14T00:00:00Z,64,279,87,10,12,139,2,15,0,183,0.02,0,0,0,0,0.014,0.04,0.041,0.094,0.095,0.158,0.159,0.185,0.19,0.194,0.204,0.2
020_AAAF,CRGRO048,11,11,2020-07-15T00:00:00Z,65,283,91,10,12,139,3,23,0,183,0.02,0,0,0,0,0.104,0.058,0.046,0.092,0.092,0.155,0.156,0.183,0.188,0.193,0.204,0.2
020_AAAF,CRGRO048,11,11,2020-07-16T00:00:00Z,66,278,86,10,12,139,3,23,0,183,0.02,0,0,0,0,0.028,0.044,0.05,0.098,0.091,0.154,0.154,0.181,0.187,0.191,0.204,0.2
020_AAAF,CRGRO048,11,11,2020-07-17T00:00:00Z,67,274,82,10,12,139,3,23,0,183,0.02,0,0,0,0,0.014,0.04,0.044,0.094,0.089,0.152,0.152,0.179,0.185,0.189,0.204,0.2
020_AAAF,CRGRO048,11,11,2020-07-18T00:00:00Z,68,271,79,10,12,139,3,23,0,183,0.02,0,0,0,0,0.014,0.038,0.041,0.091,0.088,0.15,0.151,0.177,0.183,0.187,0.204,0.201
020_AAAF,CRGRO048,11,11,2020-07-19T00:00:00Z,69,276,84,10,12,139,4,30,0,183,0.02,0,0,0,0,0.106,0.058,0.045,0.089,0.086,0.148,0.149,0.176,0.181,0.185,0.204,0.201
020_AAAF,CRGRO048,11,11,2020-07-20T00:00:00Z,70,271,79,10,12,139,4,30,0,183,0.03,0,0,0,0,0.03,0.042,0.05,0.094,0.085,0.147,0.148,0.175,0.18,0.184,0.204,0.201
020_AAAF,CRGRO048,11,11,2020-07-21T00:00:00Z,71,267,75,10,12,139,4,30,0,183,0.03,0,0,0,0,0.014,0.039,0.043,0.091,0.084,0.146,0.147,0.173,0.178,0.182,0.204,0.201
020_AAAF,CRGRO048,11,11,2020-07-22T00:00:00Z,72,268,76,10,12,142,4,30,0,183,0.04,0,0,0,0,0.061,0.041,0.039,0.089,0.083,0.144,0.145,0.172,0.177,0.181,0.203,0.201
020_AAAF,CRGRO048,11,11,2020-07-23T00:00:00Z,73,267,75,10,12,144,4,30,0,183,0.05,0,0,0,0,0.047,0.052,0.038,0.087,0.082,0.143,0.144,0.171,0.176,0.179,0.203,0.201
020_AAAF,CRGRO048,11,11,2020-07-24T00:00:00Z,74,263,71,10,12,145,4,30,0,183,0.05,0,0,0,0,0.022,0.042,0.036,0.085,0.081,0.142,0.143,0.17,0.174,0.178,0.203,0.201
020_AAAF,CRGRO048,11,11,2020-07-25T00:00:00Z,75,268,76,10,12,145,5,38,0,183,0.06,0,0,0,0,0.1,0.058,0.043,0.084,0.081,0.141,0.142,0.168,0.173,0.176,0.203,0.201
020_AAAF,CRGRO048,11,11,2020-07-26T00:00:00Z,76,263,71,10,12,145,5,38,0,183,0.05,0,0,0,0,0.024,0.038,0.05,0.085,0.08,0.14,0.141,0.168,0.172,0.176,0.203,0.201
020_AAAF,CRGRO048,11,11,2020-07-27T00:00:00Z,77,260,68,10,12,145,5,38,0,183,0.05,0,0,0,0,0.014,0.036,0.041,0.084,0.079,0.139,0.141,0.167,0.171,0.174,0.203,0.201
020_AAAF,CRGRO048,11,11,2020-07-28T00:00:00Z,78,266,74,10,12,145,6,46,0,183,0.06,0,0,0,0,0.107,0.057,0.044,0.083,0.079,0.139,0.14,0.166,0.17,0.173,0.203,0.201
020_AAAF,CRGRO048,11,11,2020-07-29T00:00:00Z,79,269,78,10,12,151,6,46,0,183,0.08,0,0,0,0,0.112,0.066,0.056,0.093,0.078,0.138,0.139,0.166,0.17,0.173,0.203,0.201
020_AAAF,CRGRO048,11,11,2020-07-30T00:00:00Z,80,267,75,10,12,152,6,46,0,183,0.08,0,0,0,0,0.066,0.054,0.056,0.107,0.078,0.138,0.139,0.165,0.169,0.173,0.203,0.201
020_AAAF,CRGRO048,11,11,2020-07-31T00:00:00Z,81,263,71,10,12,152,6,46,0,183,0.08,0,0,0,0,0.028,0.048,0.048,0.104,0.079,0.138,0.139,0.165,0.169,0.173,0.203,0.201
020_AAAF,CRGRO048,11,11,2020-08-01T00:00:00Z,82,259,67,10,12,152,6,46,0,183,0.08,0,0,0,0,0.014,0.041,0.041,0.093,0.078,0.137,0.138,0.164,0.168,0.172,0.202,0.201
020_AAAF,CRGRO048,11,11,2020-08-02T00:00:00Z,83,264,72,10,12,152,7,53,0,183,0.08,0,0,0,0,0.104,0.057,0.045,0.089,0.078,0.136,0.138,0.163,0.167,0.171,0.202,0.201
020_AAAF,CRGRO048,11,11,2020-08-03T00:00:00Z,84,259,67,10,12,152,7,53,0,183,0.07,0,0,0,0,0.032,0.04,0.049,0.092,0.077,0.136,0.137,0.163,0.167,0.17,0.202,0.201
020_AAAF,CRGRO048,11,11,2020-08-04T00:00:00Z,85,256,64,10,12,152,7,53,0,183,0.11,0,0,0,0,0.023,0.037,0.041,0.089,0.077,0.135,0.136,0.162,0.166,0.169,0.202,0.201
020_AAAF,CRGRO048,11,11,2020-08-05T00:00:00Z,86,262,70,10,12,152,8,61,0,183,0.1,0,0,0,0,0.099,0.057,0.044,0.086,0.076,0.134,0.136,0.162,0.165,0.169,0.202,0.201
020_AAAF,CRGRO048,11,11,2020-08-06T00:00:00Z,87,261,69,10,12,156,8,61,0,183,0.12,0,0,0,0,0.072,0.054,0.052,0.09,0.076,0.134,0.135,0.161,0.165,0.168,0.202,0.201
020_AAAF,CRGRO048,11,11,2020-08-07T00:00:00Z,88,257,65,10,12,156,8,61,0,183,0.12,0,0,0,0,0.031,0.048,0.048,0.088,0.076,0.134,0.135,0.161,0.164,0.168,0.202,0.201
020_AAAF,CRGRO048,11,11,2020-08-08T00:00:00Z,89,254,62,10,12,156,8,61,0,183,0.11,0,0,0,0,0.014,0.04,0.041,0.086,0.076,0.133,0.135,0.16,0.163,0.167,0.202,0.201
020_AAAF,CRGRO048,11,11,2020-08-09T00:00:00Z,90,265,73,10,12,162,9,68,0,183,0.13,0,0,0,0,0.153,0.068,0.052,0.09,0.075,0.133,0.134,0.16,0.163,0.167,0.201,0.201
020_AAAF,CRGRO048,11,11,2020-08-10T00:00:00Z,91,273,81,10,12,172,9,68,0,183,0.13,0,0,0,0,0.151,0.085,0.068,0.122,0.08,0.132,0.134,0.16,0.163,0.167,0.201,0.201
020_AAAF,CRGRO048,11,11,2020-08-11T00:00:00Z,92,268,76,10,12,172,9,68,0,183,0.12,0,0,0,0,0.067,0.057,0.05,0.111,0.119,0.15,0.134,0.159,0.163,0.167,0.201,0.201
020_AAAF,CRGRO048,11,11,2020-08-12T00:00:00Z,93,275,83,10,12,182,9,68,0,183,0.15,0,0,0,0,0.13,0.073,0.06,0.119,0.111,0.154,0.134,0.159,0.163,0.167,0.201,0.201
020_AAAF,CRGRO048,11,11,2020-08-13T00:00:00Z,94,271,79,10,12,182,9,68,0,183,0.14,0,0,0,0,0.067,0.06,0.058,0.118,0.117,0.155,0.134,0.159,0.162,0.167,0.201,0.201
020_AAAF,CRGRO048,11,11,2020-08-14T00:00:00Z,95,274,83,10,12,190,9,68,0,183,0.15,0,0,0,0,0.108,0.069,0.059,0.119,0.116,0.16,0.134,0.159,0.162,0.167,0.201,0.201
020_AAAF,CRGRO048,11,11,2020-08-15T00:00:00Z,96,270,78,10,12,190,9,68,0,183,0.14,0,0,0,0,0.051,0.05,0.051,0.11,0.113,0.173,0.143,0.159,0.162,0.167,0.201,0.201
020_AAAF,CRGRO048,11,11,2020-08-16T00:00:00Z,97,266,74,10,12,190,9,68,0,183,0.12,0,0,0,0,0.03,0.047,0.048,0.103,0.104,0.167,0.143,0.159,0.162,0.167,0.201,0.201
020_AAAF,CRGRO048,11,11,2020-08-17T00:00:00Z,98,261,69,10,12,190,9,68,0,183,0.11,0,0,0,0,0.014,0.042,0.043,0.096,0.097,0.159,0.143,0.159,0.162,0.166,0.2,0.201
020_AAAF,CRGRO048,11,11,2020-08-18T00:00:00Z,99,295,103,12,12,229,9,68,0,183,0.16,0,0,2,0,0.167,0.148,0.095,0.146,0.123,0.166,0.142,0.158,0.161,0.166,0.2,0.201
020_AAAF,CRGRO048,11,11,2020-08-19T00:00:00Z,100,291,99,12,12,229,9,68,0,183,0.15,0,0,0,0,0.077,0.084,0.063,0.123,0.114,0.173,0.174,0.193,0.161,0.166,0.2,0.201
020_AAAF,CRGRO048,11,11,2020-08-20T00:00:00Z,101,288,96,12,12,231,9,68,0,183,0.17,0,0,0,0,0.059,0.065,0.06,0.125,0.12,0.174,0.175,0.192,0.161,0.166,0.2,0.201
020_AAAF,CRGRO048,11,11,2020-08-21T00:00:00Z,102,286,94,12,12,231,9,68,0,183,0.16,0,0,0,0,0.048,0.056,0.056,0.122,0.12,0.175,0.174,0.192,0.161,0.166,0.2,0.201
020_AAAF,CRGRO048,11,11,2020-08-22T00:00:00Z,103,286,94,12,12,232,9,68,0,183,0.17,0,0,0,0,0.053,0.054,0.054,0.12,0.119,0.175,0.176,0.192,0.162,0.166,0.2,0.201
020_AAAF,CRGRO048,11,11,2020-08-23T00:00:00Z,104,285,93,12,12,233,9,68,0,183,0.17,0,0,0,0,0.052,0.054,0.053,0.117,0.118,0.173,0.174,0.191,0.162,0.166,0.2,0.201
020_AAAF,CRGRO048,11,11,2020-08-24T00:00:00Z,105,312,120,13,12,261,9,68,0,183,0.18,0,0,0.23,0,0.161,0.143,0.089,0.149,0.134,0.182,0.178,0.194,0.162,0.166,0.2,0.201
020_AAAF,CRGRO048,11,11,2020-08-25T00:00:00Z,106,327,135,13,12,281,9,68,0,183,0.18,0,0,0.05,0,0.148,0.147,0.111,0.182,0.158,0.199,0.188,0.199,0.173,0.166,0.2,0.201
020_AAAF,CRGRO048,11,11,2020-08-26T00:00:00Z,107,323,131,13,12,281,9,68,0,183,0.18,0,0,0,0,0.082,0.097,0.091,0.178,0.165,0.209,0.198,0.203,0.196,0.166,0.199,0.201
020_AAAF,CRGRO048,11,11,2020-08-27T00:00:00Z,108,318,126,13,13,281,9,68,0,183,0.16,0,0,0,0,0.044,0.065,0.063,0.137,0.133,0.186,0.181,0.197,0.275,0.194,0.205,0.205
020_AAAF,CRGRO048,11,11,2020-08-28T00:00:00Z,109,307,115,13,20,281,9,68,0,183,0.14,0,0,0,0,0.027,0.053,0.053,0.121,0.12,0.176,0.174,0.196,0.26,0.194,0.205,0.205
020_AAAF,CRGRO048,11,11,2020-08-29T00:00:00Z,110,298,106,13,26,281,9,68,0,183,0.12,0,0,0,0,0.015,0.051,0.052,0.115,0.114,0.174,0.172,0.195,0.22,0.193,0.205,0.205
020_AAAF,CRGRO048,11,11,2020-08-30T00:00:00Z,111,331,140,15,26,320,9,68,0,183,0.19,0,0,1.79,0,0.167,0.15,0.102,0.158,0.137,0.183,0.178,0.196,0.204,0.199,0.207,0.206
020_AAAF,CRGRO048,11,11,2020-08-31T00:00:00Z,112,330,139,15,27,323,9,68,0,183,0.18,0,0,0,0,0.119,0.107,0.092,0.17,0.153,0.196,0.187,0.199,0.202,0.201,0.209,0.208
020_AAAF,CRGRO048,11,11,2020-09-01T00:00:00Z,113,319,127,15,35,323,9,68,0,183,0.16,0,0,0,0,0.06,0.069,0.064,0.134,0.128,0.181,0.177,0.196,0.269,0.2,0.209,0.208
020_AAAF,CRGRO048,11,11,2020-09-02T00:00:00Z,114,308,116,15,42,323,9,68,0,183,0.14,0,0,0,0,0.039,0.054,0.053,0.12,0.118,0.174,0.175,0.195,0.248,0.199,0.209,0.208
020_AAAF,CRGRO048,11,11,2020-09-03T00:00:00Z,115,297,105,15,48,323,9,68,0,183,0.12,0,0,0,0,0.021,0.052,0.051,0.111,0.111,0.171,0.172,0.193,0.214,0.195,0.207,0.208
020_AAAF,CRGRO048,11,11,2020-09-04T00:00:00Z,116,290,99,15,49,323,9,68,0,183,0.11,0,0,0,0,0.014,0.048,0.049,0.105,0.106,0.167,0.167,0.191,0.2,0.193,0.207,0.208
020_AAAF,CRGRO048,11,11,2020-09-05T00:00:00Z,117,286,94,15,50,323,9,68,0,183,0.09,0,0,0,0,0.014,0.045,0.046,0.1,0.101,0.163,0.164,0.188,0.193,0.191,0.207,0.208
020_AAAF,CRGRO048,11,11,2020-09-06T00:00:00Z,118,283,91,15,50,323,9,68,0,183,0.08,0,0,0,0,0.014,0.043,0.044,0.098,0.099,0.161,0.161,0.186,0.191,0.189,0.206,0.208
020_AAAF,CRGRO048,11,11,2020-09-07T00:00:00Z,119,279,87,15,50,323,9,68,0,183,0.07,0,0,0,0,0.014,0.041,0.042,0.095,0.096,0.158,0.158,0.183,0.187,0.186,0.206,0.208
020_AAAF,CRGRO048,11,11,2020-09-08T00:00:00Z,120,276,84,15,50,323,9,68,0,183,0.06,0,0,0,0,0.014,0.039,0.04,0.093,0.094,0.155,0.156,0.181,0.184,0.184,0.206,0.208
020_AAAF,CRGRO048,11,11,2020-09-09T00:00:00Z,121,293,101,15,50,333,10,76,0,183,0.2,0,0,0,0,0.167,0.089,0.061,0.113,0.092,0.154,0.154,0.18,0.182,0.183,0.206,0.208
020_AAAF,CRGRO048,11,11,2020-09-10T00:00:00Z,122,301,109,15,50,344,10,76,0,183,0.18,0,0,0,0,0.156,0.104,0.076,0.137,0.121,0.153,0.154,0.179,0.182,0.182,0.206,0.208
020_AAAF,CRGRO048,11,11,2020-09-11T00:00:00Z,123,301,109,15,50,346,10,76,0,183,0.2,0,0,0,0,0.107,0.085,0.072,0.143,0.131,0.176,0.154,0.179,0.182,0.182,0.206,0.208
020_AAAF,CRGRO048,11,11,2020-09-12T00:00:00Z,124,297,106,15,50,346,10,76,0,183,0.2,0,0,0,0,0.066,0.067,0.063,0.138,0.132,0.182,0.168,0.179,0.181,0.182,0.206,0.208
020_AAAF,CRGRO048,11,11,2020-09-13T00:00:00Z,125,296,104,15,50,347,10,76,0,183,0.21,0,0,0,0,0.054,0.058,0.058,0.13,0.129,0.183,0.177,0.181,0.181,0.182,0.206,0.208
020_AAAF,CRGRO048,11,11,2020-09-14T00:00:00Z,126,294,102,15,50,348,10,76,0,183,0.21,0,0,0,0,0.05,0.055,0.054,0.121,0.122,0.18,0.177,0.185,0.181,0.182,0.206,0.208
020_AAAF,CRGRO048,11,11,2020-09-15T00:00:00Z,127,295,103,15,50,350,10,76,0,183,0.22,0,0,0,0,0.069,0.058,0.055,0.12,0.12,0.177,0.176,0.187,0.181,0.182,0.206,0.208
020_AAAF,CRGRO048,11,11,2020-09-16T00:00:00Z,128,304,112,15,50,360,10,76,0,183,0.22,0,0,0,0,0.148,0.078,0.064,0.128,0.124,0.178,0.177,0.189,0.181,0.182,0.206,0.208
020_AAAF,CRGRO048,11,11,2020-09-17T00:00:00Z,129,308,116,15,50,367,10,76,0,183,0.19,0,0,0,0,0.146,0.084,0.068,0.135,0.128,0.181,0.178,0.193,0.181,0.182,0.206,0.208
020_AAAF,CRGRO048,11,11,2020-09-18T00:00:00Z,130,303,111,15,53,367,10,76,0,183,0.17,0,0,0,0,0.085,0.064,0.057,0.124,0.121,0.176,0.175,0.196,0.194,0.194,0.206,0.208
020_AAAF,CRGRO048,11,11,2020-09-19T00:00:00Z,131,299,107,15,55,367,10,76,0,183,0.15,0,0,0,0,0.058,0.055,0.054,0.118,0.119,0.175,0.174,0.195,0.194,0.194,0.206,0.208
020_AAAF,CRGRO048,11,11,2020-09-20T00:00:00Z,132,297,105,15,55,367,10,76,0,183,0.13,0,0,0,0,0.048,0.054,0.053,0.116,0.116,0.174,0.173,0.195,0.193,0.193,0.206,0.208
020_AAAF,CRGRO048,11,11,2020-09-21T00:00:00Z,133,294,102,15,55,367,10,76,0,183,0.11,0,0,0,0,0.035,0.052,0.051,0.111,0.112,0.171,0.171,0.193,0.192,0.192,0.206,0.208
020_AAAF,CRGRO048,11,11,2020-09-22T00:00:00Z,134,290,99,15,55,367,10,76,0,183,0.1,0,0,0,0,0.022,0.05,0.05,0.107,0.108,0.169,0.168,0.192,0.191,0.191,0.206,0.208
020_AAAF,CRGRO048,11,11,2020-09-23T00:00:00Z,135,288,96,15,55,367,10,76,0,183,0.08,0,0,0,0,0.015,0.048,0.048,0.105,0.106,0.167,0.167,0.191,0.19,0.19,0.206,0.208
020_AAAF,CRGRO048,11,11,2020-09-24T00:00:00Z,136,286,94,15,55,367,10,76,0,183,0.07,0,0,0,0,0.014,0.046,0.047,0.102,0.103,0.164,0.165,0.189,0.188,0.189,0.206,0.208
020_AAAF,CRGRO048,11,11,2020-09-25T00:00:00Z,137,285,94,15,55,370,10,76,0,183,0.22,0,0,0,0,0.061,0.049,0.045,0.099,0.1,0.162,0.162,0.187,0.186,0.187,0.206,0.208
020_AAAF,CRGRO048,11,11,2020-09-26T00:00:00Z,138,282,90,15,55,370,10,76,0,183,0.19,0,0,0,0,0.04,0.049,0.043,0.097,0.098,0.16,0.16,0.185,0.185,0.185,0.206,0.208
020_AAAF,CRGRO048,11,11,2020-09-27T00:00:00Z,139,282,90,15,55,370,10,76,0,183,0.24,0,0,0,0,0.051,0.048,0.043,0.097,0.098,0.159,0.159,0.184,0.184,0.185,0.206,0.208
020_AAAF,CRGRO048,11,11,2020-09-28T00:00:00Z,140,282,90,15,55,373,10,76,0,183,0.21,0,0,0,0,0.068,0.055,0.045,0.095,0.096,0.157,0.158,0.183,0.183,0.184,0.205,0.208
020_AAAF,CRGRO048,11,11,2020-09-29T00:00:00Z,141,301,110,15,55,394,10,76,0,183,0.23,0,0,0,0,0.157,0.114,0.075,0.129,0.11,0.156,0.157,0.182,0.182,0.183,0.205,0.208
020_AAAF,CRGRO048,11,11,2020-09-30T00:00:00Z,142,298,106,15,55,394,10,76,0,183,0.2,0,0,0,0,0.079,0.071,0.056,0.117,0.117,0.174,0.174,0.196,0.183,0.183,0.205,0.208
020_AAAF,CRGRO048,11,11,2020-10-01T00:00:00Z,143,294,103,15,55,394,10,76,0,183,0.17,0,0,0,0,0.047,0.054,0.054,0.115,0.115,0.172,0.172,0.195,0.191,0.183,0.205,0.208
020_AAAF,CRGRO048,11,11,2020-10-02T00:00:00Z,144,292,100,15,55,394,10,76,0,183,0.15,0,0,0,0,0.036,0.052,0.052,0.111,0.111,0.17,0.17,0.193,0.19,0.182,0.205,0.208
020_AAAF,CRGRO048,12,12,2020-05-11T00:00:00Z,0,256,64,0,0,0,0,0,0,174,0,0,0,0,0,0.086,0.086,0.086,0.086,0.086,0.118,0.118,0.135,0.129,0.129,0.178,0.258
020_AAAF,CRGRO048,12,12,2020-05-12T00:00:00Z,1,252,61,0,7,0,1,8,0,179,0,0,0,0,0,0.064,0.086,0.079,0.13,0.1,0.118,0.118,0.135,0.129,0.129,0.178,0.228
020_AAAF,CRGRO048,12,12,2020-05-13T00:00:00Z,2,247,55,0,10,0,1,8,0,181,0,0,0,0,0,0.013,0.066,0.063,0.123,0.119,0.146,0.118,0.135,0.129,0.129,0.178,0.214
020_AAAF,CRGRO048,12,12,2020-05-14T00:00:00Z,3,246,54,0,12,0,1,8,0,182,0,0,0,0,0,0.014,0.058,0.057,0.121,0.119,0.162,0.118,0.135,0.129,0.13,0.178,0.209
020_AAAF,CRGRO048,12,12,2020-05-15T00:00:00Z,4,245,53,0,12,0,1,8,0,183,0,0,0,0,0,0.014,0.054,0.055,0.121,0.119,0.167,0.119,0.135,0.129,0.13,0.178,0.206
020_AAAF,CRGRO048,12,12,2020-05-16T00:00:00Z,5,245,53,0,12,0,1,8,0,183,0,0,0,0,0,0.014,0.054,0.055,0.121,0.119,0.167,0.119,0.135,0.129,0.13,0.178,0.206
020_AAAF,CRGRO048,12,12,2020-05-17T00:00:00Z,6,245,53,0,12,0,1,8,0,183,0,0,0,0,0,0.014,0.053,0.055,0.121,0.119,0.166,0.119,0.135,0.129,0.13,0.178,0.206
020_AAAF,CRGRO048,12,12,2020-05-18T00:00:00Z,7,245,53,0,12,0,1,8,0,183,0,0,0,0,0,0.014,0.053,0.055,0.121,0.119,0.166,0.12,0.135,0.129,0.13,0.178,0.206
020_AAAF,CRGRO048,12,12,2020-05-19T00:00:00Z,8,245,53,0,12,0,1,8,0,183,0,0,0,0,0,0.014,0.052,0.055,0.121,0.118,0.166,0.12,0.135,0.129,0.13,0.178,0.206
020_AAAF,CRGRO048,12,12,2020-05-20T00:00:00Z,9,262,70,0,12,17,1,8,0,183,0,0,0,0,0,0.167,0.09,0.068,0.134,0.127,0.176,0.12,0.135,0.129,0.131,0.178,0.206
020_AAAF,CRGRO048,12,12,2020-05-21T00:00:00Z,10,262,70,0,12,21,1,8,0,183,0,0,0,0,0,0.066,0.088,0.073,0.143,0.135,0.183,0.134,0.135,0.129,0.131,0.178,0.206
020_AAAF,CRGRO048,12,12,2020-05-22T00:00:00Z,11,261,69,0,12,23,1,8,0,183,0,0,0,0,0,0.025,0.073,0.069,0.143,0.138,0.188,0.155,0.135,0.129,0.131,0.178,0.205
020_AAAF,CRGRO048,12,12,2020-05-23T00:00:00Z,12,261,69,0,12,23,1,8,0,183,0,0,0,0,0,0.02,0.06,0.062,0.137,0.137,0.189,0.176,0.135,0.129,0.131,0.178,0.205
020_AAAF,CRGRO048,12,12,2020-05-24T00:00:00Z,13,260,69,0,12,23,1,8,0,183,0,0,0,0,0,0.014,0.055,0.056,0.126,0.126,0.18,0.176,0.152,0.129,0.131,0.178,0.205
020_AAAF,CRGRO048,12,12,2020-05-25T00:00:00Z,14,262,70,0,12,25,1,8,0,183,0,0,0,0,0,0.05,0.054,0.054,0.123,0.124,0.179,0.177,0.154,0.129,0.131,0.178,0.205
020_AAAF,CRGRO048,12,12,2020-05-26T00:00:00Z,15,263,72,0,12,28,1,8,0,183,0,0,0,0,0,0.045,0.06,0.056,0.124,0.124,0.179,0.178,0.157,0.129,0.132,0.178,0.205
020_AAAF,CRGRO048,12,12,2020-05-27T00:00:00Z,16,262,70,0,12,28,1,8,0,183,0,0,0,0,0,0.02,0.055,0.055,0.123,0.123,0.178,0.177,0.16,0.129,0.132,0.178,0.205
020_AAAF,CRGRO048,12,12,2020-05-28T00:00:00Z,17,262,70,0,12,28,1,8,0,183,0,0,0,0,0,0.014,0.054,0.055,0.121,0.121,0.176,0.175,0.163,0.129,0.132,0.178,0.205
020_AAAF,CRGRO048,12,12,2020-05-29T00:00:00Z,18,261,70,0,12,28,1,8,0,183,0,0,0,0,0,0.014,0.053,0.054,0.12,0.121,0.176,0.175,0.163,0.13,0.132,0.178,0.205
020_AAAF,CRGRO048,12,12,2020-05-30T00:00:00Z,19,261,69,0,12,28,1,8,0,183,0,0,0,0,0,0.014,0.052,0.054,0.12,0.121,0.176,0.175,0.164,0.13,0.132,0.178,0.205
020_AAAF,CRGRO048,12,12,2020-05-31T00:00:00Z,20,261,69,0,12,28,1,8,0,183,0,0,0,0,0,0.014,0.05,0.053,0.119,0.121,0.176,0.175,0.164,0.13,0.132,0.178,0.204
020_AAAF,CRGRO048,12,12,2020-06-01T00:00:00Z,21,261,69,0,12,28,1,8,0,183,0,0,0,0,0,0.014,0.049,0.052,0.118,0.12,0.176,0.174,0.164,0.13,0.133,0.178,0.204
020_AAAF,CRGRO048,12,12,2020-06-02T00:00:00Z,22,260,68,0,12,28,1,8,0,183,0,0,0,0,0,0.014,0.048,0.052,0.117,0.12,0.176,0.174,0.164,0.13,0.133,0.178,0.204
020_AAAF,CRGRO048,12,12,2020-06-03T00:00:00Z,23,260,68,0,12,28,1,8,0,183,0,0,0,0,0,0.014,0.048,0.051,0.116,0.119,0.176,0.174,0.164,0.13,0.133,0.178,0.204
020_AAAF,CRGRO048,12,12,2020-06-04T00:00:00Z,24,260,68,0,12,28,1,8,0,183,0,0,0,0,0,0.014,0.047,0.051,0.115,0.119,0.176,0.174,0.164,0.13,0.133,0.178,0.204
020_AAAF,CRGRO048,12,12,2020-06-05T00:00:00Z,25,259,67,0,12,28,1,8,0,183,0,0,0,0,0,0.014,0.046,0.05,0.114,0.118,0.176,0.174,0.164,0.13,0.133,0.178,0.204
020_AAAF,CRGRO048,12,12,2020-06-06T00:00:00Z,26,260,68,0,12,29,1,8,0,183,0,0,0,0,0,0.024,0.046,0.05,0.114,0.117,0.176,0.173,0.164,0.13,0.133,0.178,0.204
020_AAAF,CRGRO048,12,12,2020-06-07T00:00:00Z,27,269,77,0,12,39,1,8,0,183,0,0,0,0,0,0.125,0.069,0.058,0.121,0.12,0.175,0.173,0.164,0.131,0.134,0.178,0.204
020_AAAF,CRGRO048,12,12,2020-06-08T00:00:00Z,28,267,76,0,12,42,1,8,0,183,0,0,0,0,0,0.027,0.072,0.063,0.128,0.125,0.178,0.176,0.165,0.131,0.134,0.178,0.204
020_AAAF,CRGRO048,12,12,2020-06-09T00:00:00Z,29,275,83,0,12,50,1,8,0,183,0,0,0,0,0,0.105,0.074,0.065,0.134,0.129,0.181,0.179,0.168,0.131,0.134,0.178,0.203
020_AAAF,CRGRO048,12,12,2020-06-10T00:00:00Z,30,271,80,0,12,51,1,8,0,183,0,0,0,0,0,0.013,0.067,0.063,0.134,0.131,0.184,0.181,0.174,0.131,0.134,0.178,0.203
020_AAAF,CRGRO048,12,12,2020-06-11T00:00:00Z,31,273,81,0,12,53,1,8,0,183,0,0,0,0,0,0.057,0.057,0.058,0.129,0.129,0.184,0.182,0.179,0.131,0.134,0.178,0.203
020_AAAF,CRGRO048,12,12,2020-06-12T00:00:00Z,32,271,79,0,12,53,1,8,0,183,0,0,0,0,0,0.019,0.055,0.056,0.125,0.126,0.182,0.182,0.185,0.131,0.134,0.178,0.203
020_AAAF,CRGRO048,12,12,2020-06-13T00:00:00Z,33,270,78,0,12,53,1,8,0,183,0,0,0,0,0,0.014,0.053,0.055,0.118,0.119,0.177,0.177,0.192,0.132,0.135,0.178,0.203
020_AAAF,CRGRO048,12,12,2020-06-14T00:00:00Z,34,269,77,0,12,53,1,8,0,183,0,0,0,0,0,0.014,0.051,0.053,0.115,0.116,0.176,0.176,0.192,0.132,0.135,0.178,0.203
020_AAAF,CRGRO048,12,12,2020-06-15T00:00:00Z,35,267,76,0,12,53,1,8,0,183,0,0,0,0,0,0.014,0.049,0.052,0.112,0.114,0.175,0.176,0.192,0.132,0.135,0.178,0.203
020_AAAF,CRGRO048,12,12,2020-06-16T00:00:00Z,36,267,75,0,12,53,1,8,0,183,0,0,0,0,0,0.014,0.048,0.051,0.111,0.113,0.174,0.175,0.192,0.133,0.135,0.178,0.203
020_AAAF,CRGRO048,12,12,2020-06-17T00:00:00Z,37,266,74,0,12,53,1,8,0,183,0,0,0,0,0,0.014,0.047,0.05,0.109,0.111,0.173,0.175,0.191,0.133,0.135,0.178,0.203
020_AAAF,CRGRO048,12,12,2020-06-18T00:00:00Z,38,265,73,0,12,53,1,8,0,183,0,0,0,0,0,0.014,0.046,0.048,0.107,0.109,0.172,0.173,0.191,0.133,0.135,0.178,0.203
020_AAAF,CRGRO048,12,12,2020-06-19T00:00:00Z,39,264,73,0,12,54,1,8,0,183,0,0,0,0,0,0.03,0.044,0.047,0.105,0.107,0.17,0.172,0.191,0.133,0.136,0.178,0.202
020_AAAF,CRGRO048,12,12,2020-06-20T00:00:00Z,40,263,71,0,12,55,1,8,0,183,0,0,0,0,0,0.02,0.043,0.046,0.103,0.105,0.169,0.171,0.191,0.134,0.136,0.178,0.202
020_AAAF,CRGRO048,12,12,2020-06-21T00:00:00Z,41,261,70,0,12,55,1,8,0,183,0,0,0,0,0,0.014,0.042,0.045,0.102,0.103,0.167,0.169,0.19,0.134,0.136,0.178,0.202
020_AAAF,CRGRO048,12,12,2020-06-22T00:00:00Z,42,260,69,0,12,55,1,8,0,183,0,0,0,0,0,0.014,0.041,0.044,0.1,0.102,0.166,0.168,0.19,0.134,0.136,0.178,0.202
020_AAAF,CRGRO048,12,12,2020-06-23T00:00:00Z,43,259,67,0,12,55,1,8,0,183,0,0,0,0,0,0.014,0.04,0.043,0.099,0.1,0.164,0.166,0.189,0.135,0.136,0.178,0.202
020_AAAF,CRGRO048,12,12,2020-06-24T00:00:00Z,44,258,66,0,12,55,1,8,0,183,0,0,0,0,0,0.014,0.039,0.042,0.097,0.099,0.163,0.165,0.188,0.135,0.136,0.178,0.202
020_AAAF,CRGRO048,12,12,2020-06-25T00:00:00Z,45,257,65,0,12,55,1,8,0,183,0,0,0,0,0,0.014,0.038,0.041,0.096,0.098,0.161,0.163,0.188,0.135,0.136,0.178,0.202
020_AAAF,CRGRO048,12,12,2020-06-26T00:00:00Z,46,256,64,0,12,55,1,8,0,183,0,0,0,0,0,0.014,0.037,0.04,0.095,0.096,0.16,0.162,0.187,0.135,0.137,0.178,0.202
020_AAAF,CRGRO048,12,12,2020-06-27T00:00:00Z,47,256,64,0,12,55,1,8,0,183,0.01,0,0,0,0,0.024,0.036,0.039,0.094,0.095,0.159,0.161,0.186,0.136,0.137,0.178,0.202
020_AAAF,CRGRO048,12,12,2020-06-28T00:00:00Z,48,254,62,0,12,55,1,8,0,183,0.01,0,0,0,0,0.014,0.036,0.038,0.093,0.094,0.157,0.159,0.185,0.136,0.137,0.178,0.202
020_AAAF,CRGRO048,12,12,2020-06-29T00:00:00Z,49,253,61,0,12,55,1,8,0,183,0.01,0,0,0,0,0.014,0.035,0.037,0.092,0.093,0.156,0.158,0.184,0.136,0.137,0.178,0.201
020_AAAF,CRGRO048,12,12,2020-06-30T00:00:00Z,50,266,74,0,12,69,1,8,0,183,0.01,0,0,0,0,0.161,0.07,0.055,0.091,0.092,0.155,0.157,0.183,0.136,0.137,0.178,0.201
020_AAAF,CRGRO048,12,12,2020-07-01T00:00:00Z,51,261,69,0,12,69,1,8,0,183,0.01,0,0,0,0,0.014,0.052,0.053,0.119,0.105,0.155,0.157,0.183,0.136,0.137,0.178,0.201
020_AAAF,CRGRO048,12,12,2020-07-02T00:00:00Z,52,258,67,0,12,69,1,8,0,183,0.01,0,0,0,0,0.014,0.049,0.05,0.108,0.103,0.154,0.156,0.182,0.137,0.138,0.178,0.201
020_AAAF,CRGRO048,12,12,2020-07-03T00:00:00Z,53,256,64,0,12,69,1,8,0,183,0.01,0,0,0,0,0.014,0.046,0.047,0.102,0.1,0.153,0.155,0.181,0.137,0.138,0.178,0.201
020_AAAF,CRGRO048,12,12,2020-07-04T00:00:00Z,54,254,63,0,12,69,1,8,0,183,0.01,0,0,0,0,0.014,0.043,0.044,0.099,0.097,0.152,0.154,0.18,0.137,0.138,0.178,0.201
020_AAAF,CRGRO048,12,12,2020-07-05T00:00:00Z,55,258,66,0,12,74,1,8,0,183,0.02,0,0,0,0,0.079,0.053,0.045,0.096,0.095,0.151,0.153,0.179,0.137,0.138,0.178,0.201
020_AAAF,CRGRO048,12,12,2020-07-06T00:00:00Z,56,299,107,10,12,128,1,8,0,183,0.02,0,0,10.46,0,0.13,0.149,0.128,0.178,0.141,0.177,0.157,0.178,0.137,0.138,0.178,0.201
020_AAAF,CRGRO048,12,12,2020-07-07T00:00:00Z,57,305,113,10,12,137,1,8,0,183,0.02,0,0,0,0,0.132,0.116,0.107,0.191,0.166,0.201,0.183,0.185,0.138,0.138,0.178,0.201
020_AAAF,CRGRO048,12,12,2020-07-08T00:00:00Z,58,301,109,10,12,137,1,8,0,183,0.02,0,0,0,0,0.043,0.075,0.072,0.145,0.135,0.184,0.176,0.196,0.209,0.183,0.178,0.201
020_AAAF,CRGRO048,12,12,2020-07-09T00:00:00Z,59,300,108,10,12,139,1,8,0,183,0.02,0,0,0,0,0.04,0.062,0.062,0.137,0.134,0.186,0.181,0.198,0.202,0.196,0.178,0.2
020_AAAF,CRGRO048,12,12,2020-07-10T00:00:00Z,60,295,103,10,12,139,1,8,0,183,0.02,0,0,0,0,0.014,0.052,0.053,0.12,0.119,0.176,0.174,0.197,0.197,0.195,0.201,0.2
020_AAAF,CRGRO048,12,12,2020-07-11T00:00:00Z,61,291,99,10,12,139,1,8,0,183,0.02,0,0,0,0,0.014,0.05,0.05,0.109,0.11,0.172,0.171,0.195,0.195,0.195,0.203,0.2
020_AAAF,CRGRO048,12,12,2020-07-12T00:00:00Z,62,287,95,10,12,139,1,8,0,183,0.02,0,0,0,0,0.014,0.046,0.047,0.103,0.104,0.167,0.167,0.192,0.194,0.195,0.203,0.2
020_AAAF,CRGRO048,12,12,2020-07-13T00:00:00Z,63,283,91,10,12,139,1,8,0,183,0.02,0,0,0,0,0.014,0.043,0.044,0.099,0.099,0.163,0.163,0.189,0.192,0.194,0.203,0.2
020_AAAF,CRGRO048,12,12,2020-07-14T00:00:00Z,64,279,87,10,12,139,1,8,0,183,0.02,0,0,0,0,0.014,0.04,0.042,0.095,0.096,0.159,0.159,0.186,0.191,0.193,0.203,0.2
020_AAAF,CRGRO048,12,12,2020-07-15T00:00:00Z,65,276,84,10,12,139,1,8,0,183,0.02,0,0,0,0,0.014,0.038,0.04,0.093,0.093,0.156,0.157,0.184,0.189,0.192,0.203,0.2
020_AAAF,CRGRO048,12,12,2020-07-16T00:00:00Z,66,274,82,10,12,139,1,8,0,183,0.02,0,0,0,0,0.014,0.037,0.038,0.091,0.091,0.154,0.155,0.181,0.187,0.19,0.203,0.2
020_AAAF,CRGRO048,12,12,2020-07-17T00:00:00Z,67,271,80,10,12,139,1,8,0,183,0.02,0,0,0,0,0.014,0.035,0.036,0.089,0.09,0.152,0.153,0.18,0.185,0.188,0.203,0.2
020_AAAF,CRGRO048,12,12,2020-07-18T00:00:00Z,68,269,77,10,12,139,1,8,0,183,0.02,0,0,0,0,0.014,0.034,0.035,0.087,0.088,0.15,0.151,0.178,0.183,0.186,0.202,0.2
020_AAAF,CRGRO048,12,12,2020-07-19T00:00:00Z,69,267,75,10,12,139,1,8,0,183,0.02,0,0,0,0,0.014,0.033,0.034,0.086,0.087,0.149,0.15,0.176,0.182,0.185,0.202,0.2
020_AAAF,CRGRO048,12,12,2020-07-20T00:00:00Z,70,266,74,10,12,139,1,8,0,183,0.02,0,0,0,0,0.014,0.032,0.033,0.085,0.085,0.147,0.148,0.175,0.18,0.183,0.202,0.2
020_AAAF,CRGRO048,12,12,2020-07-21T00:00:00Z,71,273,81,10,12,139,2,17,0,183,0.03,0,0,0,0,0.118,0.059,0.039,0.084,0.084,0.146,0.147,0.174,0.178,0.182,0.202,0.2
020_AAAF,CRGRO048,12,12,2020-07-22T00:00:00Z,72,271,79,10,12,142,2,17,0,183,0.05,0,0,0,0,0.066,0.054,0.053,0.083,0.084,0.145,0.146,0.173,0.177,0.181,0.202,0.2
020_AAAF,CRGRO048,12,12,2020-07-23T00:00:00Z,73,269,78,10,12,144,2,17,0,183,0.05,0,0,0,0,0.046,0.053,0.05,0.089,0.083,0.144,0.145,0.172,0.177,0.18,0.202,0.201
020_AAAF,CRGRO048,12,12,2020-07-24T00:00:00Z,74,265,73,10,12,145,2,17,0,183,0.06,0,0,0,0,0.019,0.043,0.043,0.087,0.082,0.143,0.144,0.171,0.176,0.179,0.202,0.201
020_AAAF,CRGRO048,12,12,2020-07-25T00:00:00Z,75,263,71,10,12,145,2,17,0,183,0.06,0,0,0,0,0.014,0.04,0.04,0.086,0.082,0.142,0.143,0.17,0.174,0.178,0.202,0.201
020_AAAF,CRGRO048,12,12,2020-07-26T00:00:00Z,76,261,69,10,12,145,2,17,0,183,0.06,0,0,0,0,0.014,0.037,0.037,0.085,0.081,0.141,0.143,0.169,0.173,0.176,0.202,0.201
020_AAAF,CRGRO048,12,12,2020-07-27T00:00:00Z,77,259,68,10,12,145,2,17,0,183,0.06,0,0,0,0,0.014,0.035,0.036,0.083,0.08,0.14,0.142,0.168,0.172,0.175,0.202,0.201
020_AAAF,CRGRO048,12,12,2020-07-28T00:00:00Z,78,258,66,10,12,145,2,17,0,183,0.06,0,0,0,0,0.014,0.033,0.034,0.082,0.079,0.14,0.141,0.167,0.171,0.174,0.202,0.201
020_AAAF,CRGRO048,12,12,2020-07-29T00:00:00Z,79,263,71,10,12,151,2,17,0,183,0.08,0,0,0,0,0.091,0.054,0.033,0.081,0.079,0.139,0.14,0.166,0.17,0.173,0.202,0.201
020_AAAF,CRGRO048,12,12,2020-07-30T00:00:00Z,80,261,69,10,12,152,2,17,0,183,0.08,0,0,0,0,0.048,0.049,0.039,0.081,0.078,0.138,0.14,0.166,0.17,0.173,0.202,0.201
020_AAAF,CRGRO048,12,12,2020-07-31T00:00:00Z,81,257,65,10,12,152,2,17,0,183,0.08,0,0,0,0,0.018,0.042,0.037,0.08,0.078,0.138,0.139,0.165,0.169,0.172,0.201,0.201
020_AAAF,CRGRO048,12,12,2020-08-01T00:00:00Z,82,256,64,10,12,152,2,17,0,183,0.08,0,0,0,0,0.014,0.039,0.035,0.079,0.077,0.137,0.138,0.164,0.168,0.171,0.201,0.201
020_AAAF,CRGRO048,12,12,2020-08-02T00:00:00Z,83,255,63,10,12,152,2,17,0,183,0.08,0,0,0,0,0.014,0.036,0.034,0.078,0.077,0.136,0.138,0.164,0.167,0.171,0.201,0.201
020_AAAF,CRGRO048,12,12,2020-08-03T00:00:00Z,84,254,62,10,12,152,2,17,0,183,0.07,0,0,0,0,0.014,0.034,0.032,0.078,0.076,0.136,0.137,0.163,0.167,0.17,0.201,0.201
020_AAAF,CRGRO048,12,12,2020-08-04T00:00:00Z,85,253,61,10,12,152,2,17,0,183,0.12,0,0,0,0,0.023,0.033,0.031,0.077,0.076,0.135,0.137,0.162,0.166,0.169,0.201,0.201
020_AAAF,CRGRO048,12,12,2020-08-05T00:00:00Z,86,252,60,10,12,152,2,17,0,183,0.11,0,0,0,0,0.014,0.032,0.03,0.077,0.075,0.135,0.136,0.162,0.165,0.169,0.201,0.201
020_AAAF,CRGRO048,12,12,2020-08-06T00:00:00Z,87,264,72,10,12,156,3,26,0,183,0.12,0,0,0,0,0.154,0.067,0.045,0.076,0.075,0.134,0.136,0.161,0.165,0.168,0.201,0.201
020_AAAF,CRGRO048,12,12,2020-08-07T00:00:00Z,88,260,68,10,12,156,3,26,0,183,0.13,0,0,0,0,0.067,0.051,0.055,0.084,0.075,0.134,0.135,0.161,0.165,0.168,0.201,0.201
020_AAAF,CRGRO048,12,12,2020-08-08T00:00:00Z,89,256,65,10,12,156,3,26,0,183,0.12,0,0,0,0,0.027,0.048,0.047,0.085,0.075,0.134,0.135,0.161,0.164,0.168,0.201,0.201
020_AAAF,CRGRO048,12,12,2020-08-09T00:00:00Z,90,259,67,10,12,162,3,26,0,183,0.14,0,0,0,0,0.076,0.053,0.048,0.084,0.075,0.133,0.135,0.16,0.164,0.168,0.2,0.201
020_AAAF,CRGRO048,12,12,2020-08-10T00:00:00Z,91,267,75,10,12,172,3,26,0,183,0.15,0,0,0,0,0.133,0.072,0.058,0.102,0.075,0.133,0.135,0.16,0.164,0.167,0.2,0.201
020_AAAF,CRGRO048,12,12,2020-08-11T00:00:00Z,92,262,70,10,12,172,3,26,0,183,0.14,0,0,0,0,0.048,0.046,0.049,0.117,0.095,0.133,0.134,0.16,0.163,0.167,0.2,0.201
020_AAAF,CRGRO048,12,12,2020-08-12T00:00:00Z,93,269,77,10,12,182,3,26,0,183,0.17,0,0,0,0,0.116,0.069,0.056,0.11,0.099,0.133,0.134,0.16,0.163,0.167,0.2,0.201
020_AAAF,CRGRO048,12,12,2020-08-13T00:00:00Z,94,264,73,10,12,182,3,26,0,183,0.17,0,0,0,0,0.049,0.053,0.056,0.117,0.101,0.133,0.134,0.16,0.163,0.167,0.2,0.201
020_AAAF,CRGRO048,12,12,2020-08-14T00:00:00Z,95,268,76,10,12,190,3,26,0,183,0.17,0,0,0,0,0.094,0.065,0.056,0.113,0.107,0.133,0.134,0.16,0.163,0.167,0.2,0.201
020_AAAF,CRGRO048,12,12,2020-08-15T00:00:00Z,96,264,72,10,12,190,3,26,0,183,0.15,0,0,0,0,0.035,0.046,0.052,0.112,0.116,0.134,0.134,0.16,0.163,0.167,0.2,0.201
020_AAAF,CRGRO048,12,12,2020-08-16T00:00:00Z,97,259,67,10,12,190,3,26,0,183,0.14,0,0,0,0,0.014,0.044,0.048,0.103,0.103,0.134,0.134,0.159,0.163,0.167,0.2,0.201
020_AAAF,CRGRO048,12,12,2020-08-17T00:00:00Z,98,256,64,10,12,190,3,26,0,183,0.12,0,0,0,0,0.014,0.04,0.042,0.095,0.095,0.134,0.133,0.159,0.162,0.167,0.2,0.201
020_AAAF,CRGRO048,12,12,2020-08-18T00:00:00Z,99,292,100,12,12,229,3,26,0,183,0.18,0,0,1.9,0,0.167,0.15,0.096,0.147,0.123,0.144,0.133,0.159,0.162,0.166,0.199,0.201
020_AAAF,CRGRO048,12,12,2020-08-19T00:00:00Z,100,287,95,12,12,229,3,26,0,183,0.16,0,0,0,0,0.068,0.085,0.063,0.124,0.114,0.174,0.174,0.18,0.162,0.166,0.199,0.201
020_AAAF,CRGRO048,12,12,2020-08-20T00:00:00Z,101,285,93,12,12,231,3,26,0,183,0.18,0,0,0,0,0.047,0.065,0.06,0.125,0.121,0.175,0.174,0.181,0.162,0.166,0.199,0.201
020_AAAF,CRGRO048,12,12,2020-08-21T00:00:00Z,102,283,91,12,12,231,3,26,0,183,0.18,0,0,0,0,0.039,0.054,0.056,0.122,0.12,0.175,0.174,0.182,0.162,0.166,0.199,0.201
020_AAAF,CRGRO048,12,12,2020-08-22T00:00:00Z,103,282,90,12,12,232,3,26,0,183,0.18,0,0,0,0,0.046,0.054,0.055,0.118,0.12,0.174,0.173,0.181,0.162,0.166,0.199,0.201
020_AAAF,CRGRO048,12,12,2020-08-23T00:00:00Z,104,281,89,12,12,233,3,26,0,183,0.18,0,0,0,0,0.046,0.055,0.054,0.115,0.116,0.173,0.172,0.181,0.162,0.167,0.199,0.201
020_AAAF,CRGRO048,12,12,2020-08-24T00:00:00Z,105,308,116,13,12,261,3,26,0,183,0.19,0,0,0.18,0,0.159,0.143,0.089,0.148,0.133,0.181,0.177,0.184,0.162,0.167,0.199,0.201
020_AAAF,CRGRO048,12,12,2020-08-25T00:00:00Z,106,323,131,13,12,281,3,26,0,183,0.19,0,0,0.03,0,0.141,0.147,0.11,0.182,0.157,0.198,0.188,0.194,0.162,0.167,0.199,0.2
020_AAAF,CRGRO048,12,12,2020-08-26T00:00:00Z,107,320,128,13,12,281,3,26,0,183,0.19,0,0,0,0,0.072,0.097,0.091,0.178,0.165,0.209,0.198,0.202,0.181,0.167,0.199,0.2
020_AAAF,CRGRO048,12,12,2020-08-27T00:00:00Z,108,315,123,13,13,281,3,26,0,183,0.17,0,0,0,0,0.032,0.065,0.063,0.138,0.133,0.186,0.181,0.197,0.256,0.194,0.205,0.205
020_AAAF,CRGRO048,12,12,2020-08-28T00:00:00Z,109,303,111,13,20,281,3,26,0,183,0.15,0,0,0,0,0.014,0.053,0.053,0.121,0.12,0.176,0.174,0.196,0.241,0.194,0.205,0.205
020_AAAF,CRGRO048,12,12,2020-08-29T00:00:00Z,110,296,105,13,24,281,3,26,0,183,0.13,0,0,0,0,0.014,0.051,0.052,0.115,0.114,0.174,0.172,0.194,0.212,0.193,0.205,0.205
020_AAAF,CRGRO048,12,12,2020-08-30T00:00:00Z,111,331,139,14,24,320,3,26,0,183,0.2,0,0,1.72,0,0.167,0.15,0.102,0.159,0.137,0.183,0.178,0.197,0.2,0.197,0.206,0.207
020_AAAF,CRGRO048,12,12,2020-08-31T00:00:00Z,112,330,138,14,25,323,3,26,0,183,0.19,0,0,0,0,0.115,0.107,0.093,0.17,0.153,0.197,0.188,0.2,0.201,0.199,0.208,0.208
020_AAAF,CRGRO048,12,12,2020-09-01T00:00:00Z,113,318,126,14,32,323,3,26,0,183,0.17,0,0,0,0,0.052,0.07,0.064,0.135,0.129,0.181,0.177,0.196,0.269,0.198,0.208,0.208
020_AAAF,CRGRO048,12,12,2020-09-02T00:00:00Z,114,307,115,14,39,323,3,26,0,183,0.14,0,0,0,0,0.029,0.055,0.054,0.121,0.119,0.175,0.173,0.195,0.249,0.198,0.208,0.208
020_AAAF,CRGRO048,12,12,2020-09-03T00:00:00Z,115,297,105,14,45,323,3,26,0,183,0.13,0,0,0,0,0.014,0.052,0.052,0.112,0.111,0.171,0.171,0.194,0.215,0.194,0.208,0.208
020_AAAF,CRGRO048,12,12,2020-09-04T00:00:00Z,116,291,99,14,46,323,3,26,0,183,0.11,0,0,0,0,0.014,0.049,0.049,0.106,0.106,0.167,0.167,0.191,0.2,0.192,0.208,0.208
020_AAAF,CRGRO048,12,12,2020-09-05T00:00:00Z,117,286,95,14,47,323,3,26,0,183,0.09,0,0,0,0,0.014,0.045,0.046,0.101,0.102,0.164,0.164,0.188,0.194,0.191,0.208,0.208
020_AAAF,CRGRO048,12,12,2020-09-06T00:00:00Z,118,284,92,14,47,323,3,26,0,183,0.08,0,0,0,0,0.014,0.044,0.044,0.099,0.1,0.161,0.162,0.187,0.191,0.19,0.208,0.208
020_AAAF,CRGRO048,12,12,2020-09-07T00:00:00Z,119,280,89,14,47,323,3,26,0,183,0.07,0,0,0,0,0.014,0.041,0.042,0.096,0.097,0.159,0.159,0.184,0.188,0.187,0.208,0.208
020_AAAF,CRGRO048,12,12,2020-09-08T00:00:00Z,120,277,85,14,47,323,3,26,0,183,0.06,0,0,0,0,0.014,0.039,0.04,0.094,0.094,0.156,0.156,0.182,0.185,0.185,0.208,0.208
020_AAAF,CRGRO048,12,12,2020-09-09T00:00:00Z,121,286,94,14,47,333,3,26,0,183,0.21,0,0,0,0,0.132,0.065,0.052,0.092,0.093,0.155,0.155,0.181,0.183,0.184,0.208,0.208
020_AAAF,CRGRO048,12,12,2020-09-10T00:00:00Z,122,295,103,14,47,344,3,26,0,183,0.19,0,0,0,0,0.153,0.086,0.067,0.123,0.098,0.154,0.154,0.18,0.183,0.183,0.208,0.208
020_AAAF,CRGRO048,12,12,2020-09-11T00:00:00Z,123,294,102,14,47,346,3,26,0,183,0.22,0,0,0,0,0.103,0.077,0.065,0.131,0.121,0.154,0.154,0.18,0.182,0.183,0.207,0.208
020_AAAF,CRGRO048,12,12,2020-09-12T00:00:00Z,124,291,99,14,47,346,3,26,0,183,0.21,0,0,0,0,0.06,0.063,0.059,0.129,0.123,0.166,0.154,0.18,0.182,0.183,0.207,0.208
020_AAAF,CRGRO048,12,12,2020-09-13T00:00:00Z,125,289,97,14,47,347,3,26,0,183,0.22,0,0,0,0,0.05,0.056,0.056,0.123,0.121,0.173,0.154,0.179,0.182,0.183,0.207,0.208
020_AAAF,CRGRO048,12,12,2020-09-14T00:00:00Z,126,287,95,14,47,348,3,26,0,183,0.22,0,0,0,0,0.045,0.054,0.053,0.117,0.116,0.175,0.154,0.179,0.182,0.182,0.207,0.208
020_AAAF,CRGRO048,12,12,2020-09-15T00:00:00Z,127,288,96,14,47,350,3,26,0,183,0.22,0,0,0,0,0.066,0.057,0.054,0.119,0.114,0.173,0.154,0.179,0.181,0.182,0.207,0.208
020_AAAF,CRGRO048,12,12,2020-09-16T00:00:00Z,128,297,106,14,47,360,3,26,0,183,0.24,0,0,0,0,0.146,0.077,0.063,0.126,0.121,0.176,0.154,0.179,0.181,0.182,0.207,0.208
020_AAAF,CRGRO048,12,12,2020-09-17T00:00:00Z,129,301,109,14,47,367,3,26,0,183,0.2,0,0,0,0,0.142,0.083,0.068,0.134,0.126,0.179,0.164,0.179,0.181,0.182,0.207,0.208
020_AAAF,CRGRO048,12,12,2020-09-18T00:00:00Z,130,300,108,14,47,367,3,26,0,183,0.18,0,0,0,0,0.082,0.063,0.057,0.123,0.12,0.175,0.174,0.196,0.189,0.182,0.207,0.208
020_AAAF,CRGRO048,12,12,2020-09-19T00:00:00Z,131,298,106,14,47,367,3,26,0,183,0.15,0,0,0,0,0.055,0.055,0.054,0.118,0.118,0.174,0.173,0.195,0.194,0.191,0.207,0.208
020_AAAF,CRGRO048,12,12,2020-09-20T00:00:00Z,132,296,104,14,47,367,3,26,0,183,0.13,0,0,0,0,0.046,0.054,0.053,0.115,0.115,0.173,0.172,0.195,0.193,0.19,0.207,0.208
020_AAAF,CRGRO048,12,12,2020-09-21T00:00:00Z,133,293,101,14,47,367,3,26,0,183,0.11,0,0,0,0,0.03,0.052,0.051,0.111,0.111,0.171,0.17,0.193,0.192,0.19,0.207,0.208
020_AAAF,CRGRO048,12,12,2020-09-22T00:00:00Z,134,290,98,14,47,367,3,26,0,183,0.1,0,0,0,0,0.014,0.05,0.05,0.107,0.108,0.168,0.168,0.192,0.191,0.189,0.207,0.208
020_AAAF,CRGRO048,12,12,2020-09-23T00:00:00Z,135,288,96,14,47,367,3,26,0,183,0.08,0,0,0,0,0.014,0.048,0.048,0.105,0.105,0.166,0.166,0.19,0.19,0.188,0.207,0.208
020_AAAF,CRGRO048,12,12,2020-09-24T00:00:00Z,136,285,93,14,47,367,3,26,0,183,0.07,0,0,0,0,0.014,0.046,0.046,0.102,0.103,0.164,0.164,0.189,0.188,0.187,0.207,0.208
020_AAAF,CRGRO048,12,12,2020-09-25T00:00:00Z,137,285,93,14,47,370,3,26,0,183,0.24,0,0,0,0,0.061,0.048,0.044,0.099,0.1,0.161,0.162,0.187,0.186,0.185,0.207,0.208
020_AAAF,CRGRO048,12,12,2020-09-26T00:00:00Z,138,282,90,14,47,370,3,26,0,183,0.2,0,0,0,0,0.038,0.048,0.043,0.097,0.098,0.159,0.16,0.185,0.185,0.184,0.207,0.208
020_AAAF,CRGRO048,12,12,2020-09-27T00:00:00Z,139,282,90,14,47,370,3,26,0,183,0.25,0,0,0,0,0.048,0.047,0.042,0.097,0.097,0.159,0.159,0.184,0.184,0.184,0.207,0.208
020_AAAF,CRGRO048,12,12,2020-09-28T00:00:00Z,140,282,90,14,47,373,3,26,0,183,0.22,0,0,0,0,0.065,0.054,0.045,0.095,0.096,0.157,0.158,0.183,0.183,0.183,0.207,0.208
020_AAAF,CRGRO048,12,12,2020-09-29T00:00:00Z,141,301,109,14,47,394,3,26,0,183,0.25,0,0,0,0,0.157,0.113,0.074,0.128,0.109,0.156,0.157,0.182,0.182,0.182,0.206,0.208
020_AAAF,CRGRO048,12,12,2020-09-30T00:00:00Z,142,298,106,14,47,394,3,26,0,183,0.21,0,0,0,0,0.076,0.071,0.055,0.117,0.117,0.174,0.174,0.195,0.182,0.182,0.206,0.208
020_AAAF,CRGRO048,12,12,2020-10-01T00:00:00Z,143,294,102,14,47,394,3,26,0,183,0.18,0,0,0,0,0.043,0.054,0.054,0.115,0.115,0.172,0.172,0.195,0.189,0.182,0.206,0.208
020_AAAF,CRGRO048,12,12,2020-10-02T00:00:00Z,144,291,99,14,47,394,3,26,0,183,0.15,0,0,0,0,0.029,0.052,0.052,0.111,0.111,0.17,0.17,0.194,0.188,0.182,0.206,0.208
020_AAAF,CRGRO048,13,13,2020-05-11T00:00:00Z,0,256,64,0,0,0,0,0,0,174,0,0,0,0,0,0.086,0.086,0.086,0.086,0.086,0.118,0.118,0.135,0.129,0.129,0.178,0.258
020_AAAF,CRGRO048,13,13,2020-05-12T00:00:00Z,1,252,61,0,7,0,1,8,0,179,0,0,0,0,0,0.064,0.086,0.079,0.13,0.1,0.118,0.118,0.135,0.129,0.129,0.178,0.228
020_AAAF,CRGRO048,13,13,2020-05-13T00:00:00Z,2,247,55,0,10,0,1,8,0,181,0,0,0,0,0,0.013,0.066,0.063,0.123,0.119,0.146,0.118,0.135,0.129,0.129,0.178,0.214
020_AAAF,CRGRO048,13,13,2020-05-14T00:00:00Z,3,246,54,0,12,0,1,8,0,182,0,0,0,0,0,0.014,0.058,0.057,0.121,0.119,0.162,0.118,0.135,0.129,0.13,0.178,0.209
020_AAAF,CRGRO048,13,13,2020-05-15T00:00:00Z,4,245,53,0,12,0,1,8,0,183,0,0,0,0,0,0.014,0.054,0.055,0.121,0.119,0.167,0.119,0.135,0.129,0.13,0.178,0.206
020_AAAF,CRGRO048,13,13,2020-05-16T00:00:00Z,5,245,53,0,12,0,1,8,0,183,0,0,0,0,0,0.014,0.054,0.055,0.121,0.119,0.167,0.119,0.135,0.129,0.13,0.178,0.206
020_AAAF,CRGRO048,13,13,2020-05-17T00:00:00Z,6,245,53,0,12,0,1,8,0,183,0,0,0,0,0,0.014,0.053,0.055,0.121,0.119,0.166,0.119,0.135,0.129,0.13,0.178,0.206
020_AAAF,CRGRO048,13,13,2020-05-18T00:00:00Z,7,245,53,0,12,0,1,8,0,183,0,0,0,0,0,0.014,0.053,0.055,0.121,0.119,0.166,0.12,0.135,0.129,0.13,0.178,0.206
020_AAAF,CRGRO048,13,13,2020-05-19T00:00:00Z,8,245,53,0,12,0,1,8,0,183,0,0,0,0,0,0.014,0.052,0.055,0.121,0.118,0.166,0.12,0.135,0.129,0.13,0.178,0.206
020_AAAF,CRGRO048,13,13,2020-05-20T00:00:00Z,9,262,70,0,12,17,1,8,0,183,0,0,0,0,0,0.167,0.09,0.068,0.134,0.127,0.176,0.12,0.135,0.129,0.131,0.178,0.206
020_AAAF,CRGRO048,13,13,2020-05-21T00:00:00Z,10,262,70,0,12,21,1,8,0,183,0,0,0,0,0,0.066,0.088,0.073,0.143,0.135,0.183,0.134,0.135,0.129,0.131,0.178,0.206
020_AAAF,CRGRO048,13,13,2020-05-22T00:00:00Z,11,261,69,0,12,23,1,8,0,183,0,0,0,0,0,0.025,0.073,0.069,0.143,0.138,0.188,0.155,0.135,0.129,0.131,0.178,0.205
020_AAAF,CRGRO048,13,13,2020-05-23T00:00:00Z,12,261,69,0,12,23,1,8,0,183,0,0,0,0,0,0.02,0.06,0.062,0.137,0.137,0.189,0.176,0.135,0.129,0.131,0.178,0.205
020_AAAF,CRGRO048,13,13,2020-05-24T00:00:00Z,13,260,69,0,12,23,1,8,0,183,0,0,0,0,0,0.014,0.055,0.056,0.126,0.126,0.18,0.176,0.152,0.129,0.131,0.178,0.205
020_AAAF,CRGRO048,13,13,2020-05-25T00:00:00Z,14,262,70,0,12,25,1,8,0,183,0,0,0,0,0,0.05,0.054,0.054,0.123,0.124,0.179,0.177,0.154,0.129,0.131,0.178,0.205
020_AAAF,CRGRO048,13,13,2020-05-26T00:00:00Z,15,263,72,0,12,28,1,8,0,183,0,0,0,0,0,0.045,0.06,0.056,0.124,0.124,0.179,0.178,0.157,0.129,0.132,0.178,0.205
020_AAAF,CRGRO048,13,13,2020-05-27T00:00:00Z,16,262,70,0,12,28,1,8,0,183,0,0,0,0,0,0.02,0.055,0.055,0.123,0.123,0.178,0.177,0.16,0.129,0.132,0.178,0.205
020_AAAF,CRGRO048,13,13,2020-05-28T00:00:00Z,17,262,70,0,12,28,1,8,0,183,0,0,0,0,0,0.014,0.054,0.055,0.121,0.121,0.176,0.175,0.163,0.129,0.132,0.178,0.205
020_AAAF,CRGRO048,13,13,2020-05-29T00:00:00Z,18,261,70,0,12,28,1,8,0,183,0,0,0,0,0,0.014,0.053,0.054,0.12,0.121,0.176,0.175,0.163,0.13,0.132,0.178,0.205
020_AAAF,CRGRO048,13,13,2020-05-30T00:00:00Z,19,261,69,0,12,28,1,8,0,183,0,0,0,0,0,0.014,0.052,0.054,0.12,0.121,0.176,0.175,0.164,0.13,0.132,0.178,0.205
020_AAAF,CRGRO048,13,13,2020-05-31T00:00:00Z,20,261,69,0,12,28,1,8,0,183,0,0,0,0,0,0.014,0.05,0.053,0.119,0.121,0.176,0.175,0.164,0.13,0.132,0.178,0.204
020_AAAF,CRGRO048,13,13,2020-06-01T00:00:00Z,21,261,69,0,12,28,1,8,0,183,0,0,0,0,0,0.014,0.049,0.052,0.118,0.12,0.176,0.174,0.164,0.13,0.133,0.178,0.204
020_AAAF,CRGRO048,13,13,2020-06-02T00:00:00Z,22,260,68,0,12,28,1,8,0,183,0,0,0,0,0,0.014,0.048,0.052,0.117,0.12,0.176,0.174,0.164,0.13,0.133,0.178,0.204
020_AAAF,CRGRO048,13,13,2020-06-03T00:00:00Z,23,260,68,0,12,28,1,8,0,183,0,0,0,0,0,0.014,0.048,0.051,0.116,0.119,0.176,0.174,0.164,0.13,0.133,0.178,0.204
020_AAAF,CRGRO048,13,13,2020-06-04T00:00:00Z,24,260,68,0,12,28,1,8,0,183,0,0,0,0,0,0.014,0.047,0.051,0.115,0.119,0.176,0.174,0.164,0.13,0.133,0.178,0.204
020_AAAF,CRGRO048,13,13,2020-06-05T00:00:00Z,25,259,67,0,12,28,1,8,0,183,0,0,0,0,0,0.014,0.046,0.05,0.114,0.118,0.176,0.174,0.164,0.13,0.133,0.178,0.204
020_AAAF,CRGRO048,13,13,2020-06-06T00:00:00Z,26,260,68,0,12,29,1,8,0,183,0,0,0,0,0,0.024,0.046,0.05,0.114,0.117,0.176,0.173,0.164,0.13,0.133,0.178,0.204
020_AAAF,CRGRO048,13,13,2020-06-07T00:00:00Z,27,269,77,0,12,39,1,8,0,183,0,0,0,0,0,0.125,0.069,0.058,0.121,0.12,0.175,0.173,0.164,0.131,0.134,0.178,0.204
020_AAAF,CRGRO048,13,13,2020-06-08T00:00:00Z,28,267,76,0,12,42,1,8,0,183,0,0,0,0,0,0.027,0.072,0.063,0.128,0.125,0.178,0.176,0.165,0.131,0.134,0.178,0.204
020_AAAF,CRGRO048,13,13,2020-06-09T00:00:00Z,29,275,83,0,12,50,1,8,0,183,0,0,0,0,0,0.105,0.074,0.065,0.134,0.129,0.181,0.179,0.168,0.131,0.134,0.178,0.203
020_AAAF,CRGRO048,13,13,2020-06-10T00:00:00Z,30,271,80,0,12,51,1,8,0,183,0,0,0,0,0,0.013,0.067,0.063,0.134,0.131,0.184,0.181,0.174,0.131,0.134,0.178,0.203
020_AAAF,CRGRO048,13,13,2020-06-11T00:00:00Z,31,273,81,0,12,53,1,8,0,183,0,0,0,0,0,0.057,0.057,0.058,0.129,0.129,0.184,0.182,0.179,0.131,0.134,0.178,0.203
020_AAAF,CRGRO048,13,13,2020-06-12T00:00:00Z,32,271,79,0,12,53,1,8,0,183,0,0,0,0,0,0.019,0.055,0.056,0.125,0.126,0.182,0.182,0.185,0.131,0.134,0.178,0.203
020_AAAF,CRGRO048,13,13,2020-06-13T00:00:00Z,33,270,78,0,12,53,1,8,0,183,0,0,0,0,0,0.014,0.053,0.055,0.118,0.119,0.177,0.177,0.192,0.132,0.135,0.178,0.203
020_AAAF,CRGRO048,13,13,2020-06-14T00:00:00Z,34,269,77,0,12,53,1,8,0,183,0,0,0,0,0,0.014,0.051,0.053,0.115,0.116,0.176,0.176,0.192,0.132,0.135,0.178,0.203
020_AAAF,CRGRO048,13,13,2020-06-15T00:00:00Z,35,267,76,0,12,53,1,8,0,183,0,0,0,0,0,0.014,0.049,0.052,0.112,0.114,0.175,0.176,0.192,0.132,0.135,0.178,0.203
020_AAAF,CRGRO048,13,13,2020-06-16T00:00:00Z,36,267,75,0,12,53,1,8,0,183,0,0,0,0,0,0.014,0.048,0.051,0.111,0.113,0.174,0.175,0.192,0.133,0.135,0.178,0.203
020_AAAF,CRGRO048,13,13,2020-06-17T00:00:00Z,37,266,74,0,12,53,1,8,0,183,0,0,0,0,0,0.014,0.047,0.05,0.109,0.111,0.173,0.175,0.191,0.133,0.135,0.178,0.203
020_AAAF,CRGRO048,13,13,2020-06-18T00:00:00Z,38,265,73,0,12,53,1,8,0,183,0,0,0,0,0,0.014,0.046,0.048,0.107,0.109,0.172,0.173,0.191,0.133,0.135,0.178,0.203
020_AAAF,CRGRO048,13,13,2020-06-19T00:00:00Z,39,264,73,0,12,54,1,8,0,183,0,0,0,0,0,0.03,0.044,0.047,0.105,0.107,0.17,0.172,0.191,0.133,0.136,0.178,0.202
020_AAAF,CRGRO048,13,13,2020-06-20T00:00:00Z,40,263,71,0,12,55,1,8,0,183,0,0,0,0,0,0.02,0.043,0.046,0.103,0.105,0.169,0.171,0.191,0.134,0.136,0.178,0.202
020_AAAF,CRGRO048,13,13,2020-06-21T00:00:00Z,41,261,70,0,12,55,1,8,0,183,0,0,0,0,0,0.014,0.042,0.045,0.102,0.103,0.167,0.169,0.19,0.134,0.136,0.178,0.202
020_AAAF,CRGRO048,13,13,2020-06-22T00:00:00Z,42,260,69,0,12,55,1,8,0,183,0,0,0,0,0,0.014,0.041,0.044,0.1,0.102,0.166,0.168,0.19,0.134,0.136,0.178,0.202
020_AAAF,CRGRO048,13,13,2020-06-23T00:00:00Z,43,259,67,0,12,55,1,8,0,183,0,0,0,0,0,0.014,0.04,0.043,0.099,0.1,0.164,0.166,0.189,0.135,0.136,0.178,0.202
020_AAAF,CRGRO048,13,13,2020-06-24T00:00:00Z,44,258,66,0,12,55,1,8,0,183,0,0,0,0,0,0.014,0.039,0.042,0.097,0.099,0.163,0.165,0.188,0.135,0.136,0.178,0.202
020_AAAF,CRGRO048,13,13,2020-06-25T00:00:00Z,45,265,73,0,12,55,2,15,0,183,0,0,0,0,0,0.104,0.059,0.047,0.096,0.098,0.161,0.163,0.188,0.135,0.136,0.178,0.202
020_AAAF,CRGRO048,13,13,2020-06-26T00:00:00Z,46,260,68,0,12,55,2,15,0,183,0,0,0,0,0,0.013,0.049,0.051,0.105,0.097,0.16,0.162,0.187,0.135,0.137,0.178,0.202
020_AAAF,CRGRO048,13,13,2020-06-27T00:00:00Z,47,259,67,0,12,55,2,15,0,183,0.01,0,0,0,0,0.024,0.046,0.048,0.102,0.096,0.159,0.161,0.186,0.136,0.137,0.178,0.202
020_AAAF,CRGRO048,13,13,2020-06-28T00:00:00Z,48,257,65,0,12,55,2,15,0,183,0.01,0,0,0,0,0.014,0.044,0.046,0.099,0.095,0.158,0.159,0.185,0.136,0.137,0.178,0.202
020_AAAF,CRGRO048,13,13,2020-06-29T00:00:00Z,49,256,64,0,12,55,2,15,0,183,0.01,0,0,0,0,0.014,0.042,0.044,0.097,0.094,0.156,0.158,0.184,0.136,0.137,0.178,0.201
020_AAAF,CRGRO048,13,13,2020-06-30T00:00:00Z,50,268,76,0,12,69,2,15,0,183,0.01,0,0,0,0,0.161,0.072,0.056,0.106,0.093,0.155,0.157,0.183,0.136,0.137,0.178,0.201
020_AAAF,CRGRO048,13,13,2020-07-01T00:00:00Z,51,263,71,0,12,69,2,15,0,183,0.01,0,0,0,0,0.02,0.053,0.052,0.117,0.119,0.159,0.157,0.183,0.136,0.137,0.178,0.201
020_AAAF,CRGRO048,13,13,2020-07-02T00:00:00Z,52,260,68,0,12,69,2,15,0,183,0.01,0,0,0,0,0.014,0.05,0.05,0.11,0.11,0.158,0.156,0.182,0.137,0.138,0.178,0.201
020_AAAF,CRGRO048,13,13,2020-07-03T00:00:00Z,53,257,65,0,12,69,2,15,0,183,0.01,0,0,0,0,0.014,0.046,0.047,0.103,0.103,0.157,0.155,0.181,0.137,0.138,0.178,0.201
020_AAAF,CRGRO048,13,13,2020-07-04T00:00:00Z,54,255,63,0,12,69,2,15,0,183,0.01,0,0,0,0,0.014,0.043,0.044,0.099,0.099,0.155,0.154,0.18,0.137,0.138,0.178,0.201
020_AAAF,CRGRO048,13,13,2020-07-05T00:00:00Z,55,258,66,0,12,74,2,15,0,183,0.02,0,0,0,0,0.079,0.053,0.044,0.096,0.097,0.154,0.153,0.179,0.137,0.138,0.178,0.201
020_AAAF,CRGRO048,13,13,2020-07-06T00:00:00Z,56,300,108,10,12,128,2,15,0,183,0.02,0,0,10.49,0,0.133,0.149,0.128,0.177,0.141,0.178,0.159,0.178,0.137,0.138,0.178,0.201
020_AAAF,CRGRO048,13,13,2020-07-07T00:00:00Z,57,305,113,10,12,137,2,15,0,183,0.02,0,0,0,0,0.136,0.116,0.107,0.191,0.166,0.202,0.184,0.185,0.138,0.138,0.178,0.201
020_AAAF,CRGRO048,13,13,2020-07-08T00:00:00Z,58,302,110,10,12,137,2,15,0,183,0.02,0,0,0,0,0.049,0.075,0.071,0.145,0.135,0.184,0.177,0.196,0.211,0.183,0.178,0.201
020_AAAF,CRGRO048,13,13,2020-07-09T00:00:00Z,59,300,108,10,12,139,2,15,0,183,0.02,0,0,0,0,0.037,0.063,0.062,0.138,0.134,0.186,0.182,0.198,0.203,0.197,0.178,0.2
020_AAAF,CRGRO048,13,13,2020-07-10T00:00:00Z,60,295,103,10,12,139,2,15,0,183,0.02,0,0,0,0,0.014,0.052,0.052,0.12,0.119,0.176,0.174,0.197,0.197,0.197,0.203,0.2
020_AAAF,CRGRO048,13,13,2020-07-11T00:00:00Z,61,291,99,10,12,139,2,15,0,183,0.02,0,0,0,0,0.014,0.049,0.05,0.108,0.109,0.171,0.17,0.194,0.195,0.197,0.204,0.2
020_AAAF,CRGRO048,13,13,2020-07-12T00:00:00Z,62,286,94,10,12,139,2,15,0,183,0.02,0,0,0,0,0.014,0.046,0.047,0.102,0.103,0.166,0.166,0.191,0.194,0.196,0.204,0.2
020_AAAF,CRGRO048,13,13,2020-07-13T00:00:00Z,63,282,90,10,12,139,2,15,0,183,0.02,0,0,0,0,0.014,0.042,0.043,0.097,0.098,0.162,0.162,0.188,0.192,0.196,0.204,0.2
020_AAAF,CRGRO048,13,13,2020-07-14T00:00:00Z,64,279,87,10,12,139,2,15,0,183,0.02,0,0,0,0,0.014,0.04,0.041,0.094,0.095,0.158,0.159,0.185,0.19,0.194,0.204,0.2
020_AAAF,CRGRO048,13,13,2020-07-15T00:00:00Z,65,283,91,10,12,139,3,23,0,183,0.02,0,0,0,0,0.104,0.058,0.046,0.092,0.092,0.155,0.156,0.183,0.188,0.193,0.204,0.2
020_AAAF,CRGRO048,13,13,2020-07-16T00:00:00Z,66,278,86,10,12,139,3,23,0,183,0.02,0,0,0,0,0.028,0.044,0.05,0.098,0.091,0.154,0.154,0.181,0.187,0.191,0.204,0.2
020_AAAF,CRGRO048,13,13,2020-07-17T00:00:00Z,67,274,82,10,12,139,3,23,0,183,0.02,0,0,0,0,0.014,0.04,0.044,0.094,0.089,0.152,0.152,0.179,0.185,0.189,0.204,0.2
020_AAAF,CRGRO048,13,13,2020-07-18T00:00:00Z,68,271,79,10,12,139,3,23,0,183,0.02,0,0,0,0,0.014,0.038,0.041,0.091,0.088,0.15,0.151,0.177,0.183,0.187,0.204,0.201
020_AAAF,CRGRO048,13,13,2020-07-19T00:00:00Z,69,276,84,10,12,139,4,30,0,183,0.02,0,0,0,0,0.106,0.058,0.045,0.089,0.086,0.148,0.149,0.176,0.181,0.185,0.204,0.201
020_AAAF,CRGRO048,13,13,2020-07-20T00:00:00Z,70,271,79,10,12,139,4,30,0,183,0.03,0,0,0,0,0.03,0.042,0.05,0.094,0.085,0.147,0.148,0.175,0.18,0.184,0.204,0.201
020_AAAF,CRGRO048,13,13,2020-07-21T00:00:00Z,71,267,75,10,12,139,4,30,0,183,0.03,0,0,0,0,0.014,0.039,0.043,0.091,0.084,0.146,0.147,0.173,0.178,0.182,0.204,0.201
020_AAAF,CRGRO048,13,13,2020-07-22T00:00:00Z,72,268,76,10,12,142,4,30,0,183,0.04,0,0,0,0,0.061,0.041,0.039,0.089,0.083,0.144,0.145,0.172,0.177,0.181,0.203,0.201
020_AAAF,CRGRO048,13,13,2020-07-23T00:00:00Z,73,267,75,10,12,144,4,30,0,183,0.05,0,0,0,0,0.047,0.052,0.038,0.087,0.082,0.143,0.144,0.171,0.176,0.179,0.203,0.201
020_AAAF,CRGRO048,13,13,2020-07-24T00:00:00Z,74,263,71,10,12,145,4,30,0,183,0.05,0,0,0,0,0.022,0.042,0.036,0.085,0.081,0.142,0.143,0.17,0.174,0.178,0.203,0.201
020_AAAF,CRGRO048,13,13,2020-07-25T00:00:00Z,75,268,76,10,12,145,5,38,0,183,0.06,0,0,0,0,0.1,0.058,0.043,0.084,0.081,0.141,0.142,0.168,0.173,0.176,0.203,0.201
020_AAAF,CRGRO048,13,13,2020-07-26T00:00:00Z,76,263,71,10,12,145,5,38,0,183,0.05,0,0,0,0,0.024,0.038,0.05,0.085,0.08,0.14,0.141,0.168,0.172,0.176,0.203,0.201
020_AAAF,CRGRO048,13,13,2020-07-27T00:00:00Z,77,260,68,10,12,145,5,38,0,183,0.05,0,0,0,0,0.014,0.036,0.041,0.084,0.079,0.139,0.141,0.167,0.171,0.174,0.203,0.201
020_AAAF,CRGRO048,13,13,2020-07-28T00:00:00Z,78,266,74,10,12,145,6,46,0,183,0.06,0,0,0,0,0.107,0.057,0.044,0.083,0.079,0.139,0.14,0.166,0.17,0.173,0.203,0.201
020_AAAF,CRGRO048,13,13,2020-07-29T00:00:00Z,79,269,78,10,12,151,6,46,0,183,0.08,0,0,0,0,0.112,0.066,0.056,0.093,0.078,0.138,0.139,0.166,0.17,0.173,0.203,0.201
020_AAAF,CRGRO048,13,13,2020-07-30T00:00:00Z,80,267,75,10,12,152,6,46,0,183,0.08,0,0,0,0,0.066,0.054,0.056,0.107,0.078,0.138,0.139,0.165,0.169,0.173,0.203,0.201
020_AAAF,CRGRO048,13,13,2020-07-31T00:00:00Z,81,263,71,10,12,152,6,46,0,183,0.08,0,0,0,0,0.028,0.048,0.048,0.104,0.079,0.138,0.139,0.165,0.169,0.173,0.203,0.201
020_AAAF,CRGRO048,13,13,2020-08-01T00:00:00Z,82,259,67,10,12,152,6,46,0,183,0.08,0,0,0,0,0.014,0.041,0.041,0.093,0.078,0.137,0.138,0.164,0.168,0.172,0.202,0.201
020_AAAF,CRGRO048,13,13,2020-08-02T00:00:00Z,83,264,72,10,12,152,7,53,0,183,0.08,0,0,0,0,0.104,0.057,0.045,0.089,0.078,0.136,0.138,0.163,0.167,0.171,0.202,0.201
020_AAAF,CRGRO048,13,13,2020-08-03T00:00:00Z,84,259,67,10,12,152,7,53,0,183,0.07,0,0,0,0,0.032,0.04,0.049,0.092,0.077,0.136,0.137,0.163,0.167,0.17,0.202,0.201
020_AAAF,CRGRO048,13,13,2020-08-04T00:00:00Z,85,256,64,10,12,152,7,53,0,183,0.11,0,0,0,0,0.023,0.037,0.041,0.089,0.077,0.135,0.136,0.162,0.166,0.169,0.202,0.201
020_AAAF,CRGRO048,13,13,2020-08-05T00:00:00Z,86,262,70,10,12,152,8,61,0,183,0.1,0,0,0,0,0.099,0.057,0.044,0.086,0.076,0.134,0.136,0.162,0.165,0.169,0.202,0.201
020_AAAF,CRGRO048,13,13,2020-08-06T00:00:00Z,87,261,69,10,12,156,8,61,0,183,0.12,0,0,0,0,0.072,0.054,0.052,0.09,0.076,0.134,0.135,0.161,0.165,0.168,0.202,0.201
020_AAAF,CRGRO048,13,13,2020-08-07T00:00:00Z,88,257,65,10,12,156,8,61,0,183,0.12,0,0,0,0,0.031,0.048,0.048,0.088,0.076,0.134,0.135,0.161,0.164,0.168,0.202,0.201
020_AAAF,CRGRO048,13,13,2020-08-08T00:00:00Z,89,254,62,10,12,156,8,61,0,183,0.11,0,0,0,0,0.014,0.04,0.041,0.086,0.076,0.133,0.135,0.16,0.163,0.167,0.202,0.201
020_AAAF,CRGRO048,13,13,2020-08-09T00:00:00Z,90,265,73,10,12,162,9,68,0,183,0.13,0,0,0,0,0.153,0.068,0.052,0.09,0.075,0.133,0.134,0.16,0.163,0.167,0.201,0.201
020_AAAF,CRGRO048,13,13,2020-08-10T00:00:00Z,91,273,81,10,12,172,9,68,0,183,0.13,0,0,0,0,0.151,0.085,0.068,0.122,0.08,0.132,0.134,0.16,0.163,0.167,0.201,0.201
020_AAAF,CRGRO048,13,13,2020-08-11T00:00:00Z,92,268,76,10,12,172,9,68,0,183,0.12,0,0,0,0,0.067,0.057,0.05,0.111,0.119,0.15,0.134,0.159,0.163,0.167,0.201,0.201
020_AAAF,CRGRO048,13,13,2020-08-12T00:00:00Z,93,275,83,10,12,182,9,68,0,183,0.15,0,0,0,0,0.13,0.073,0.06,0.119,0.111,0.154,0.134,0.159,0.163,0.167,0.201,0.201
020_AAAF,CRGRO048,13,13,2020-08-13T00:00:00Z,94,271,79,10,12,182,9,68,0,183,0.14,0,0,0,0,0.067,0.06,0.058,0.118,0.117,0.155,0.134,0.159,0.162,0.167,0.201,0.201
020_AAAF,CRGRO048,13,13,2020-08-14T00:00:00Z,95,274,83,10,12,190,9,68,0,183,0.15,0,0,0,0,0.108,0.069,0.059,0.119,0.116,0.16,0.134,0.159,0.162,0.167,0.201,0.201
020_AAAF,CRGRO048,13,13,2020-08-15T00:00:00Z,96,270,78,10,12,190,9,68,0,183,0.14,0,0,0,0,0.051,0.05,0.051,0.11,0.113,0.173,0.143,0.159,0.162,0.167,0.201,0.201
020_AAAF,CRGRO048,13,13,2020-08-16T00:00:00Z,97,266,74,10,12,190,9,68,0,183,0.12,0,0,0,0,0.03,0.047,0.048,0.103,0.104,0.167,0.143,0.159,0.162,0.167,0.201,0.201
020_AAAF,CRGRO048,13,13,2020-08-17T00:00:00Z,98,261,69,10,12,190,9,68,0,183,0.11,0,0,0,0,0.014,0.042,0.043,0.096,0.097,0.159,0.143,0.159,0.162,0.166,0.2,0.201
020_AAAF,CRGRO048,13,13,2020-08-18T00:00:00Z,99,295,103,12,12,229,9,68,0,183,0.16,0,0,2,0,0.167,0.148,0.095,0.146,0.123,0.166,0.142,0.158,0.161,0.166,0.2,0.201
020_AAAF,CRGRO048,13,13,2020-08-19T00:00:00Z,100,291,99,12,12,229,9,68,0,183,0.15,0,0,0,0,0.077,0.084,0.063,0.123,0.114,0.173,0.174,0.193,0.161,0.166,0.2,0.201
020_AAAF,CRGRO048,13,13,2020-08-20T00:00:00Z,101,288,96,12,12,231,9,68,0,183,0.17,0,0,0,0,0.059,0.065,0.06,0.125,0.12,0.174,0.175,0.192,0.161,0.166,0.2,0.201
020_AAAF,CRGRO048,13,13,2020-08-21T00:00:00Z,102,286,94,12,12,231,9,68,0,183,0.16,0,0,0,0,0.048,0.056,0.056,0.122,0.12,0.175,0.174,0.192,0.161,0.166,0.2,0.201
020_AAAF,CRGRO048,13,13,2020-08-22T00:00:00Z,103,286,94,12,12,232,9,68,0,183,0.17,0,0,0,0,0.053,0.054,0.054,0.12,0.119,0.175,0.176,0.192,0.162,0.166,0.2,0.201
020_AAAF,CRGRO048,13,13,2020-08-23T00:00:00Z,104,285,93,12,12,233,9,68,0,183,0.17,0,0,0,0,0.052,0.054,0.053,0.117,0.118,0.173,0.174,0.191,0.162,0.166,0.2,0.201
020_AAAF,CRGRO048,13,13,2020-08-24T00:00:00Z,105,312,120,13,12,261,9,68,0,183,0.18,0,0,0.23,0,0.161,0.143,0.089,0.149,0.134,0.182,0.178,0.194,0.162,0.166,0.2,0.201
020_AAAF,CRGRO048,13,13,2020-08-25T00:00:00Z,106,327,135,13,12,281,9,68,0,183,0.18,0,0,0.05,0,0.148,0.147,0.111,0.182,0.158,0.199,0.188,0.199,0.173,0.166,0.2,0.201
020_AAAF,CRGRO048,13,13,2020-08-26T00:00:00Z,107,323,131,13,12,281,9,68,0,183,0.18,0,0,0,0,0.082,0.097,0.091,0.178,0.165,0.209,0.198,0.203,0.196,0.166,0.199,0.201
020_AAAF,CRGRO048,13,13,2020-08-27T00:00:00Z,108,318,126,13,13,281,9,68,0,183,0.16,0,0,0,0,0.044,0.065,0.063,0.137,0.133,0.186,0.181,0.197,0.275,0.194,0.205,0.205
020_AAAF,CRGRO048,13,13,2020-08-28T00:00:00Z,109,307,115,13,20,281,9,68,0,183,0.14,0,0,0,0,0.027,0.053,0.053,0.121,0.12,0.176,0.174,0.196,0.26,0.194,0.205,0.205
020_AAAF,CRGRO048,13,13,2020-08-29T00:00:00Z,110,298,106,13,26,281,9,68,0,183,0.12,0,0,0,0,0.015,0.051,0.052,0.115,0.114,0.174,0.172,0.195,0.22,0.193,0.205,0.205
020_AAAF,CRGRO048,13,13,2020-08-30T00:00:00Z,111,331,140,15,26,320,9,68,0,183,0.19,0,0,1.79,0,0.167,0.15,0.102,0.158,0.137,0.183,0.178,0.196,0.204,0.199,0.207,0.206
020_AAAF,CRGRO048,13,13,2020-08-31T00:00:00Z,112,330,139,15,27,323,9,68,0,183,0.18,0,0,0,0,0.119,0.107,0.092,0.17,0.153,0.196,0.187,0.199,0.202,0.201,0.209,0.208
020_AAAF,CRGRO048,13,13,2020-09-01T00:00:00Z,113,319,127,15,35,323,9,68,0,183,0.16,0,0,0,0,0.06,0.069,0.064,0.134,0.128,0.181,0.177,0.196,0.269,0.2,0.209,0.208
020_AAAF,CRGRO048,13,13,2020-09-02T00:00:00Z,114,308,116,15,42,323,9,68,0,183,0.14,0,0,0,0,0.039,0.054,0.053,0.12,0.118,0.174,0.175,0.195,0.248,0.199,0.209,0.208
020_AAAF,CRGRO048,13,13,2020-09-03T00:00:00Z,115,297,105,15,48,323,9,68,0,183,0.12,0,0,0,0,0.021,0.052,0.051,0.111,0.111,0.171,0.172,0.193,0.214,0.195,0.207,0.208
020_AAAF,CRGRO048,13,13,2020-09-04T00:00:00Z,116,290,99,15,49,323,9,68,0,183,0.11,0,0,0,0,0.014,0.048,0.049,0.105,0.106,0.167,0.167,0.191,0.2,0.193,0.207,0.208
020_AAAF,CRGRO048,13,13,2020-09-05T00:00:00Z,117,286,94,15,50,323,9,68,0,183,0.09,0,0,0,0,0.014,0.045,0.046,0.1,0.101,0.163,0.164,0.188,0.193,0.191,0.207,0.208
020_AAAF,CRGRO048,13,13,2020-09-06T00:00:00Z,118,283,91,15,50,323,9,68,0,183,0.08,0,0,0,0,0.014,0.043,0.044,0.098,0.099,0.161,0.161,0.186,0.191,0.189,0.206,0.208
020_AAAF,CRGRO048,13,13,2020-09-07T00:00:00Z,119,279,87,15,50,323,9,68,0,183,0.07,0,0,0,0,0.014,0.041,0.042,0.095,0.096,0.158,0.158,0.183,0.187,0.186,0.206,0.208
020_AAAF,CRGRO048,13,13,2020-09-08T00:00:00Z,120,276,84,15,50,323,9,68,0,183,0.06,0,0,0,0,0.014,0.039,0.04,0.093,0.094,0.155,0.156,0.181,0.184,0.184,0.206,0.208
020_AAAF,CRGRO048,13,13,2020-09-09T00:00:00Z,121,293,101,15,50,333,10,76,0,183,0.2,0,0,0,0,0.167,0.089,0.061,0.113,0.092,0.154,0.154,0.18,0.182,0.183,0.206,0.208
020_AAAF,CRGRO048,13,13,2020-09-10T00:00:00Z,122,301,109,15,50,344,10,76,0,183,0.18,0,0,0,0,0.156,0.104,0.076,0.137,0.121,0.153,0.154,0.179,0.182,0.182,0.206,0.208
020_AAAF,CRGRO048,13,13,2020-09-11T00:00:00Z,123,301,109,15,50,346,10,76,0,183,0.2,0,0,0,0,0.107,0.085,0.072,0.143,0.131,0.176,0.154,0.179,0.182,0.182,0.206,0.208
020_AAAF,CRGRO048,13,13,2020-09-12T00:00:00Z,124,297,106,15,50,346,10,76,0,183,0.2,0,0,0,0,0.066,0.067,0.063,0.138,0.132,0.182,0.168,0.179,0.181,0.182,0.206,0.208
020_AAAF,CRGRO048,13,13,2020-09-13T00:00:00Z,125,296,104,15,50,347,10,76,0,183,0.21,0,0,0,0,0.054,0.058,0.058,0.13,0.129,0.183,0.177,0.181,0.181,0.182,0.206,0.208
020_AAAF,CRGRO048,13,13,2020-09-14T00:00:00Z,126,294,102,15,50,348,10,76,0,183,0.21,0,0,0,0,0.05,0.055,0.054,0.121,0.122,0.18,0.177,0.185,0.181,0.182,0.206,0.208
020_AAAF,CRGRO048,13,13,2020-09-15T00:00:00Z,127,295,103,15,50,350,10,76,0,183,0.22,0,0,0,0,0.069,0.058,0.055,0.12,0.12,0.177,0.176,0.187,0.181,0.182,0.206,0.208
020_AAAF,CRGRO048,13,13,2020-09-16T00:00:00Z,128,304,112,15,50,360,10,76,0,183,0.22,0,0,0,0,0.148,0.078,0.064,0.128,0.124,0.178,0.177,0.189,0.181,0.182,0.206,0.208
020_AAAF,CRGRO048,13,13,2020-09-17T00:00:00Z,129,308,116,15,50,367,10,76,0,183,0.19,0,0,0,0,0.146,0.084,0.068,0.135,0.128,0.181,0.178,0.193,0.181,0.182,0.206,0.208
020_AAAF,CRGRO048,13,13,2020-09-18T00:00:00Z,130,303,111,15,53,367,10,76,0,183,0.17,0,0,0,0,0.085,0.064,0.057,0.124,0.121,0.176,0.175,0.196,0.194,0.194,0.206,0.208
020_AAAF,CRGRO048,13,13,2020-09-19T00:00:00Z,131,299,107,15,55,367,10,76,0,183,0.15,0,0,0,0,0.058,0.055,0.054,0.118,0.119,0.175,0.174,0.195,0.194,0.194,0.206,0.208
020_AAAF,CRGRO048,13,13,2020-09-20T00:00:00Z,132,297,105,15,55,367,10,76,0,183,0.13,0,0,0,0,0.048,0.054,0.053,0.116,0.116,0.174,0.173,0.195,0.193,0.193,0.206,0.208
020_AAAF,CRGRO048,13,13,2020-09-21T00:00:00Z,133,294,102,15,55,367,10,76,0,183,0.11,0,0,0,0,0.035,0.052,0.051,0.111,0.112,0.171,0.171,0.193,0.192,0.192,0.206,0.208
020_AAAF,CRGRO048,13,13,2020-09-22T00:00:00Z,134,290,99,15,55,367,10,76,0,183,0.1,0,0,0,0,0.022,0.05,0.05,0.107,0.108,0.169,0.168,0.192,0.191,0.191,0.206,0.208
020_AAAF,CRGRO048,13,13,2020-09-23T00:00:00Z,135,288,96,15,55,367,10,76,0,183,0.08,0,0,0,0,0.015,0.048,0.048,0.105,0.106,0.167,0.167,0.191,0.19,0.19,0.206,0.208
020_AAAF,CRGRO048,13,13,2020-09-24T00:00:00Z,136,286,94,15,55,367,10,76,0,183,0.07,0,0,0,0,0.014,0.046,0.047,0.102,0.103,0.164,0.165,0.189,0.188,0.189,0.206,0.208
020_AAAF,CRGRO048,13,13,2020-09-25T00:00:00Z,137,285,94,15,55,370,10,76,0,183,0.22,0,0,0,0,0.061,0.049,0.045,0.099,0.1,0.162,0.162,0.187,0.186,0.187,0.206,0.208
020_AAAF,CRGRO048,13,13,2020-09-26T00:00:00Z,138,282,90,15,55,370,10,76,0,183,0.19,0,0,0,0,0.04,0.049,0.043,0.097,0.098,0.16,0.16,0.185,0.185,0.185,0.206,0.208
020_AAAF,CRGRO048,13,13,2020-09-27T00:00:00Z,139,282,90,15,55,370,10,76,0,183,0.24,0,0,0,0,0.051,0.048,0.043,0.097,0.098,0.159,0.159,0.184,0.184,0.185,0.206,0.208
020_AAAF,CRGRO048,13,13,2020-09-28T00:00:00Z,140,282,90,15,55,373,10,76,0,183,0.21,0,0,0,0,0.068,0.055,0.045,0.095,0.096,0.157,0.158,0.183,0.183,0.184,0.205,0.208
020_AAAF,CRGRO048,13,13,2020-09-29T00:00:00Z,141,301,110,15,55,394,10,76,0,183,0.23,0,0,0,0,0.157,0.114,0.075,0.129,0.11,0.156,0.157,0.182,0.182,0.183,0.205,0.208
020_AAAF,CRGRO048,13,13,2020-09-30T00:00:00Z,142,298,106,15,55,394,10,76,0,183,0.2,0,0,0,0,0.079,0.071,0.056,0.117,0.117,0.174,0.174,0.196,0.183,0.183,0.205,0.208
020_AAAF,CRGRO048,13,13,2020-10-01T00:00:00Z,143,294,103,15,55,394,10,76,0,183,0.17,0,0,0,0,0.047,0.054,0.054,0.115,0.115,0.172,0.172,0.195,0.191,0.183,0.205,0.208
020_AAAF,CRGRO048,13,13,2020-10-02T00:00:00Z,144,292,100,15,55,394,10,76,0,183,0.15,0,0,0,0,0.036,0.052,0.052,0.111,0.111,0.17,0.17,0.193,0.19,0.182,0.205,0.208
020_AAAF,CRGRO048,14,14,2020-05-11T00:00:00Z,0,256,64,0,0,0,0,0,0,174,0,0,0,0,0,0.086,0.086,0.086,0.086,0.086,0.118,0.118,0.135,0.129,0.129,0.178,0.258
020_AAAF,CRGRO048,14,14,2020-05-12T00:00:00Z,1,252,61,0,7,0,1,8,0,179,0,0,0,0,0,0.064,0.086,0.079,0.13,0.1,0.118,0.118,0.135,0.129,0.129,0.178,0.228
020_AAAF,CRGRO048,14,14,2020-05-13T00:00:00Z,2,247,55,0,10,0,1,8,0,181,0,0,0,0,0,0.013,0.066,0.063,0.123,0.119,0.146,0.118,0.135,0.129,0.129,0.178,0.214
020_AAAF,CRGRO048,14,14,2020-05-14T00:00:00Z,3,246,54,0,12,0,1,8,0,182,0,0,0,0,0,0.014,0.058,0.057,0.121,0.119,0.162,0.118,0.135,0.129,0.13,0.178,0.209
020_AAAF,CRGRO048,14,14,2020-05-15T00:00:00Z,4,245,53,0,12,0,1,8,0,183,0,0,0,0,0,0.014,0.054,0.055,0.121,0.119,0.167,0.119,0.135,0.129,0.13,0.178,0.206
020_AAAF,CRGRO048,14,14,2020-05-16T00:00:00Z,5,245,53,0,12,0,1,8,0,183,0,0,0,0,0,0.014,0.054,0.055,0.121,0.119,0.167,0.119,0.135,0.129,0.13,0.178,0.206
020_AAAF,CRGRO048,14,14,2020-05-17T00:00:00Z,6,245,53,0,12,0,1,8,0,183,0,0,0,0,0,0.014,0.053,0.055,0.121,0.119,0.166,0.119,0.135,0.129,0.13,0.178,0.206
020_AAAF,CRGRO048,14,14,2020-05-18T00:00:00Z,7,245,53,0,12,0,1,8,0,183,0,0,0,0,0,0.014,0.053,0.055,0.121,0.119,0.166,0.12,0.135,0.129,0.13,0.178,0.206
020_AAAF,CRGRO048,14,14,2020-05-19T00:00:00Z,8,245,53,0,12,0,1,8,0,183,0,0,0,0,0,0.014,0.052,0.055,0.121,0.118,0.166,0.12,0.135,0.129,0.13,0.178,0.206
020_AAAF,CRGRO048,14,14,2020-05-20T00:00:00Z,9,262,70,0,12,17,1,8,0,183,0,0,0,0,0,0.167,0.09,0.068,0.134,0.127,0.176,0.12,0.135,0.129,0.131,0.178,0.206
020_AAAF,CRGRO048,14,14,2020-05-21T00:00:00Z,10,262,70,0,12,21,1,8,0,183,0,0,0,0,0,0.066,0.088,0.073,0.143,0.135,0.183,0.134,0.135,0.129,0.131,0.178,0.206
020_AAAF,CRGRO048,14,14,2020-05-22T00:00:00Z,11,261,69,0,12,23,1,8,0,183,0,0,0,0,0,0.025,0.073,0.069,0.143,0.138,0.188,0.155,0.135,0.129,0.131,0.178,0.205
020_AAAF,CRGRO048,14,14,2020-05-23T00:00:00Z,12,261,69,0,12,23,1,8,0,183,0,0,0,0,0,0.02,0.06,0.062,0.137,0.137,0.189,0.176,0.135,0.129,0.131,0.178,0.205
020_AAAF,CRGRO048,14,14,2020-05-24T00:00:00Z,13,260,69,0,12,23,1,8,0,183,0,0,0,0,0,0.014,0.055,0.056,0.126,0.126,0.18,0.176,0.152,0.129,0.131,0.178,0.205
020_AAAF,CRGRO048,14,14,2020-05-25T00:00:00Z,14,262,70,0,12,25,1,8,0,183,0,0,0,0,0,0.05,0.054,0.054,0.123,0.124,0.179,0.177,0.154,0.129,0.131,0.178,0.205
020_AAAF,CRGRO048,14,14,2020-05-26T00:00:00Z,15,263,72,0,12,28,1,8,0,183,0,0,0,0,0,0.045,0.06,0.056,0.124,0.124,0.179,0.178,0.157,0.129,0.132,0.178,0.205
020_AAAF,CRGRO048,14,14,2020-05-27T00:00:00Z,16,262,70,0,12,28,1,8,0,183,0,0,0,0,0,0.02,0.055,0.055,0.123,0.123,0.178,0.177,0.16,0.129,0.132,0.178,0.205
020_AAAF,CRGRO048,14,14,2020-05-28T00:00:00Z,17,262,70,0,12,28,1,8,0,183,0,0,0,0,0,0.014,0.054,0.055,0.121,0.121,0.176,0.175,0.163,0.129,0.132,0.178,0.205
020_AAAF,CRGRO048,14,14,2020-05-29T00:00:00Z,18,261,70,0,12,28,1,8,0,183,0,0,0,0,0,0.014,0.053,0.054,0.12,0.121,0.176,0.175,0.163,0.13,0.132,0.178,0.205
020_AAAF,CRGRO048,14,14,2020-05-30T00:00:00Z,19,261,69,0,12,28,1,8,0,183,0,0,0,0,0,0.014,0.052,0.054,0.12,0.121,0.176,0.175,0.164,0.13,0.132,0.178,0.205
020_AAAF,CRGRO048,14,14,2020-05-31T00:00:00Z,20,261,69,0,12,28,1,8,0,183,0,0,0,0,0,0.014,0.05,0.053,0.119,0.121,0.176,0.175,0.164,0.13,0.132,0.178,0.204
020_AAAF,CRGRO048,14,14,2020-06-01T00:00:00Z,21,261,69,0,12,28,1,8,0,183,0,0,0,0,0,0.014,0.049,0.052,0.118,0.12,0.176,0.174,0.164,0.13,0.133,0.178,0.204
020_AAAF,CRGRO048,14,14,2020-06-02T00:00:00Z,22,260,68,0,12,28,1,8,0,183,0,0,0,0,0,0.014,0.048,0.052,0.117,0.12,0.176,0.174,0.164,0.13,0.133,0.178,0.204
020_AAAF,CRGRO048,14,14,2020-06-03T00:00:00Z,23,260,68,0,12,28,1,8,0,183,0,0,0,0,0,0.014,0.048,0.051,0.116,0.119,0.176,0.174,0.164,0.13,0.133,0.178,0.204
020_AAAF,CRGRO048,14,14,2020-06-04T00:00:00Z,24,260,68,0,12,28,1,8,0,183,0,0,0,0,0,0.014,0.047,0.051,0.115,0.119,0.176,0.174,0.164,0.13,0.133,0.178,0.204
020_AAAF,CRGRO048,14,14,2020-06-05T00:00:00Z,25,259,67,0,12,28,1,8,0,183,0,0,0,0,0,0.014,0.046,0.05,0.114,0.118,0.176,0.174,0.164,0.13,0.133,0.178,0.204
020_AAAF,CRGRO048,14,14,2020-06-06T00:00:00Z,26,266,74,0,12,29,2,14,0,183,0,0,0,0,0,0.095,0.06,0.054,0.118,0.117,0.176,0.173,0.164,0.13,0.133,0.178,0.204
020_AAAF,CRGRO048,14,14,2020-06-07T00:00:00Z,27,274,82,0,12,39,2,14,0,183,0,0,0,0,0,0.121,0.083,0.065,0.13,0.124,0.177,0.175,0.165,0.131,0.134,0.178,0.204
020_AAAF,CRGRO048,14,14,2020-06-08T00:00:00Z,28,272,80,0,12,42,2,14,0,183,0,0,0,0,0,0.026,0.077,0.067,0.136,0.13,0.182,0.179,0.168,0.131,0.134,0.178,0.204
020_AAAF,CRGRO048,14,14,2020-06-09T00:00:00Z,29,279,87,0,12,50,2,14,0,183,0,0,0,0,0,0.106,0.076,0.068,0.139,0.134,0.186,0.182,0.174,0.131,0.134,0.178,0.203
020_AAAF,CRGRO048,14,14,2020-06-10T00:00:00Z,30,276,84,0,12,51,2,14,0,183,0,0,0,0,0,0.013,0.068,0.064,0.137,0.135,0.188,0.185,0.182,0.131,0.134,0.178,0.203
020_AAAF,CRGRO048,14,14,2020-06-11T00:00:00Z,31,277,86,0,12,53,2,14,0,183,0,0,0,0,0,0.057,0.057,0.059,0.131,0.132,0.187,0.186,0.19,0.131,0.134,0.178,0.203
020_AAAF,CRGRO048,14,14,2020-06-12T00:00:00Z,32,276,84,0,12,53,2,14,0,183,0,0,0,0,0,0.019,0.055,0.056,0.126,0.128,0.184,0.184,0.197,0.132,0.134,0.178,0.203
020_AAAF,CRGRO048,14,14,2020-06-13T00:00:00Z,33,274,82,0,12,53,2,14,0,183,0,0,0,0,0,0.014,0.053,0.053,0.118,0.12,0.178,0.178,0.197,0.151,0.135,0.178,0.203
020_AAAF,CRGRO048,14,14,2020-06-14T00:00:00Z,34,273,81,0,12,53,2,14,0,183,0,0,0,0,0,0.014,0.051,0.052,0.115,0.117,0.175,0.175,0.197,0.155,0.135,0.178,0.203
020_AAAF,CRGRO048,14,14,2020-06-15T00:00:00Z,35,272,80,0,12,53,2,14,0,183,0,0,0,0,0,0.014,0.049,0.05,0.112,0.114,0.174,0.175,0.197,0.155,0.135,0.178,0.203
020_AAAF,CRGRO048,14,14,2020-06-16T00:00:00Z,36,271,79,0,12,53,2,14,0,183,0,0,0,0,0,0.014,0.048,0.05,0.111,0.113,0.173,0.174,0.196,0.155,0.135,0.178,0.203
020_AAAF,CRGRO048,14,14,2020-06-17T00:00:00Z,37,270,78,0,12,53,2,14,0,183,0,0,0,0,0,0.014,0.047,0.049,0.109,0.111,0.172,0.174,0.196,0.155,0.136,0.178,0.203
020_AAAF,CRGRO048,14,14,2020-06-18T00:00:00Z,38,275,83,0,12,53,3,20,0,183,0,0,0,0,0,0.092,0.058,0.054,0.107,0.109,0.171,0.173,0.196,0.156,0.136,0.178,0.203
020_AAAF,CRGRO048,14,14,2020-06-19T00:00:00Z,39,272,80,0,12,54,3,20,0,183,0,0,0,0,0,0.013,0.057,0.054,0.113,0.107,0.17,0.172,0.196,0.156,0.136,0.178,0.202
020_AAAF,CRGRO048,14,14,2020-06-20T00:00:00Z,40,270,78,0,12,55,3,20,0,183,0,0,0,0,0,0.02,0.051,0.052,0.113,0.106,0.169,0.17,0.195,0.156,0.136,0.178,0.202
020_AAAF,CRGRO048,14,14,2020-06-21T00:00:00Z,41,268,76,0,12,55,3,20,0,183,0,0,0,0,0,0.014,0.048,0.05,0.108,0.104,0.167,0.169,0.195,0.156,0.137,0.178,0.202
020_AAAF,CRGRO048,14,14,2020-06-22T00:00:00Z,42,267,75,0,12,55,3,20,0,183,0,0,0,0,0,0.014,0.046,0.048,0.105,0.103,0.166,0.168,0.194,0.156,0.137,0.178,0.202
020_AAAF,CRGRO048,14,14,2020-06-23T00:00:00Z,43,272,80,0,12,55,4,26,0,183,0,0,0,0,0,0.093,0.058,0.053,0.103,0.101,0.164,0.166,0.193,0.156,0.137,0.178,0.202
020_AAAF,CRGRO048,14,14,2020-06-24T00:00:00Z,44,267,75,0,12,55,4,26,0,183,0,0,0,0,0,0.013,0.05,0.05,0.116,0.1,0.163,0.165,0.192,0.156,0.137,0.178,0.202
020_AAAF,CRGRO048,14,14,2020-06-25T00:00:00Z,45,266,74,0,12,55,4,26,0,183,0,0,0,0,0,0.014,0.048,0.049,0.11,0.099,0.162,0.164,0.192,0.156,0.138,0.178,0.202
020_AAAF,CRGRO048,14,14,2020-06-26T00:00:00Z,46,270,78,0,12,55,5,32,0,183,0,0,0,0,0,0.091,0.057,0.054,0.105,0.098,0.161,0.163,0.191,0.156,0.138,0.178,0.202
020_AAAF,CRGRO048,14,14,2020-06-27T00:00:00Z,47,265,74,0,12,55,5,32,0,183,0,0,0,0,0,0.013,0.054,0.053,0.109,0.097,0.159,0.162,0.19,0.157,0.138,0.178,0.202
020_AAAF,CRGRO048,14,14,2020-06-28T00:00:00Z,48,263,71,0,12,55,5,32,0,183,0.01,0,0,0,0,0.014,0.049,0.049,0.104,0.096,0.158,0.16,0.188,0.157,0.138,0.178,0.202
020_AAAF,CRGRO048,14,14,2020-06-29T00:00:00Z,49,261,69,0,12,55,5,32,0,183,0.01,0,0,0,0,0.014,0.046,0.046,0.1,0.095,0.157,0.159,0.187,0.157,0.139,0.178,0.201
020_AAAF,CRGRO048,14,14,2020-06-30T00:00:00Z,50,280,88,0,12,69,6,39,0,183,0.01,0,0,0,0,0.167,0.098,0.067,0.123,0.103,0.155,0.157,0.186,0.157,0.139,0.178,0.201
020_AAAF,CRGRO048,14,14,2020-07-01T00:00:00Z,51,274,83,0,12,69,6,39,0,183,0.01,0,0,0,0,0.035,0.065,0.053,0.116,0.118,0.174,0.174,0.191,0.157,0.139,0.178,0.201
020_AAAF,CRGRO048,14,14,2020-07-02T00:00:00Z,52,270,78,0,12,69,6,39,0,183,0.01,0,0,0,0,0.014,0.049,0.051,0.114,0.112,0.172,0.172,0.191,0.157,0.139,0.178,0.201
020_AAAF,CRGRO048,14,14,2020-07-03T00:00:00Z,53,267,75,0,12,69,6,39,0,183,0.01,0,0,0,0,0.014,0.047,0.048,0.106,0.106,0.168,0.168,0.189,0.157,0.14,0.178,0.201
020_AAAF,CRGRO048,14,14,2020-07-04T00:00:00Z,54,269,78,0,12,69,7,45,0,183,0.01,0,0,0,0,0.092,0.057,0.052,0.101,0.101,0.164,0.164,0.187,0.157,0.14,0.178,0.201
020_AAAF,CRGRO048,14,14,2020-07-05T00:00:00Z,55,270,79,0,12,74,7,45,0,183,0.01,0,0,0,0,0.076,0.065,0.056,0.112,0.099,0.162,0.163,0.186,0.157,0.14,0.178,0.201
020_AAAF,CRGRO048,14,14,2020-07-06T00:00:00Z,56,312,120,11,12,128,7,45,0,183,0.02,0,0,10.68,0,0.143,0.147,0.134,0.188,0.15,0.186,0.176,0.187,0.157,0.14,0.178,0.201
020_AAAF,CRGRO048,14,14,2020-07-07T00:00:00Z,57,318,126,11,12,137,7,45,0,183,0.02,0,0,0,0,0.144,0.117,0.109,0.197,0.173,0.209,0.194,0.198,0.164,0.14,0.178,0.201
020_AAAF,CRGRO048,14,14,2020-07-08T00:00:00Z,58,314,122,11,12,137,7,45,0,183,0.02,0,0,0,0,0.062,0.075,0.072,0.147,0.137,0.186,0.18,0.197,0.275,0.186,0.178,0.201
020_AAAF,CRGRO048,14,14,2020-07-09T00:00:00Z,59,313,121,11,12,139,7,45,0,183,0.02,0,0,0,0,0.051,0.064,0.063,0.139,0.136,0.188,0.184,0.199,0.237,0.209,0.193,0.2
020_AAAF,CRGRO048,14,14,2020-07-10T00:00:00Z,60,304,113,11,15,139,7,45,0,183,0.02,0,0,0,0,0.018,0.053,0.053,0.121,0.12,0.177,0.175,0.196,0.229,0.208,0.205,0.205
020_AAAF,CRGRO048,14,14,2020-07-11T00:00:00Z,61,294,103,11,20,139,7,45,0,183,0.02,0,0,0,0,0.014,0.049,0.05,0.108,0.108,0.172,0.171,0.194,0.207,0.199,0.205,0.205
020_AAAF,CRGRO048,14,14,2020-07-12T00:00:00Z,62,288,96,11,22,139,7,45,0,183,0.02,0,0,0,0,0.014,0.046,0.047,0.102,0.102,0.166,0.166,0.191,0.197,0.195,0.205,0.205
020_AAAF,CRGRO048,14,14,2020-07-13T00:00:00Z,63,290,98,11,22,139,8,51,0,183,0.02,0,0,0,0,0.095,0.056,0.05,0.097,0.098,0.161,0.162,0.187,0.194,0.194,0.205,0.205
020_AAAF,CRGRO048,14,14,2020-07-14T00:00:00Z,64,283,92,11,22,139,8,51,0,183,0.02,0,0,0,0,0.026,0.045,0.049,0.105,0.095,0.159,0.159,0.185,0.19,0.192,0.205,0.205
020_AAAF,CRGRO048,14,14,2020-07-15T00:00:00Z,65,279,87,11,22,139,8,51,0,183,0.02,0,0,0,0,0.014,0.042,0.045,0.099,0.093,0.156,0.157,0.183,0.188,0.191,0.205,0.205
020_AAAF,CRGRO048,14,14,2020-07-16T00:00:00Z,66,283,91,11,22,139,9,58,0,183,0.02,0,0,0,0,0.099,0.057,0.048,0.095,0.091,0.154,0.155,0.181,0.185,0.189,0.205,0.205
020_AAAF,CRGRO048,14,14,2020-07-17T00:00:00Z,67,278,86,11,22,139,9,58,0,183,0.02,0,0,0,0,0.033,0.044,0.049,0.101,0.09,0.152,0.153,0.179,0.183,0.187,0.205,0.205
020_AAAF,CRGRO048,14,14,2020-07-18T00:00:00Z,68,273,81,11,22,139,9,58,0,183,0.02,0,0,0,0,0.014,0.041,0.043,0.095,0.088,0.15,0.151,0.178,0.181,0.185,0.205,0.205
020_AAAF,CRGRO048,14,14,2020-07-19T00:00:00Z,69,278,86,11,22,139,10,65,0,183,0.02,0,0,0,0,0.102,0.057,0.047,0.092,0.087,0.149,0.149,0.176,0.179,0.183,0.205,0.205
020_AAAF,CRGRO048,14,14,2020-07-20T00:00:00Z,70,272,81,11,22,139,10,65,0,183,0.02,0,0,0,0,0.034,0.042,0.049,0.097,0.086,0.147,0.148,0.175,0.177,0.182,0.205,0.205
020_AAAF,CRGRO048,14,14,2020-07-21T00:00:00Z,71,268,76,11,22,139,10,65,0,183,0.02,0,0,0,0,0.014,0.039,0.043,0.093,0.085,0.146,0.147,0.173,0.176,0.18,0.205,0.205
020_AAAF,CRGRO048,14,14,2020-07-22T00:00:00Z,72,276,84,11,22,142,11,73,0,183,0.05,0,0,0,0,0.129,0.063,0.052,0.09,0.084,0.145,0.146,0.172,0.174,0.179,0.205,0.205
020_AAAF,CRGRO048,14,14,2020-07-23T00:00:00Z,73,275,83,11,22,144,11,73,0,183,0.05,0,0,0,0,0.084,0.056,0.055,0.104,0.083,0.144,0.145,0.171,0.174,0.178,0.205,0.205
020_AAAF,CRGRO048,14,14,2020-07-24T00:00:00Z,74,270,78,11,22,145,11,73,0,183,0.05,0,0,0,0,0.038,0.05,0.048,0.105,0.083,0.143,0.145,0.171,0.173,0.177,0.205,0.205
020_AAAF,CRGRO048,14,14,2020-07-25T00:00:00Z,75,267,75,11,22,145,11,73,0,183,0.06,0,0,0,0,0.025,0.044,0.043,0.097,0.083,0.143,0.144,0.17,0.172,0.177,0.204,0.205
020_AAAF,CRGRO048,14,14,2020-07-26T00:00:00Z,76,270,78,11,22,145,12,79,0,183,0.05,0,0,0,0,0.09,0.056,0.047,0.092,0.082,0.142,0.143,0.169,0.171,0.175,0.204,0.205
020_AAAF,CRGRO048,14,14,2020-07-27T00:00:00Z,77,265,73,11,22,145,12,79,0,183,0.05,0,0,0,0,0.025,0.04,0.048,0.094,0.081,0.141,0.142,0.168,0.17,0.174,0.204,0.205
020_AAAF,CRGRO048,14,14,2020-07-28T00:00:00Z,78,268,76,11,22,145,13,86,0,183,0.06,0,0,0,0,0.087,0.056,0.047,0.09,0.08,0.14,0.141,0.167,0.169,0.173,0.204,0.205
020_AAAF,CRGRO048,14,14,2020-07-29T00:00:00Z,79,272,80,11,22,151,13,86,0,183,0.08,0,0,0,0,0.105,0.064,0.055,0.1,0.08,0.139,0.141,0.167,0.168,0.173,0.204,0.205
020_AAAF,CRGRO048,14,14,2020-07-30T00:00:00Z,80,269,77,11,22,152,13,86,0,183,0.09,0,0,0,0,0.067,0.053,0.054,0.111,0.08,0.139,0.14,0.166,0.168,0.173,0.204,0.205
020_AAAF,CRGRO048,14,14,2020-07-31T00:00:00Z,81,265,73,11,22,152,13,86,0,183,0.08,0,0,0,0,0.032,0.048,0.048,0.105,0.08,0.139,0.14,0.166,0.168,0.172,0.204,0.205
020_AAAF,CRGRO048,14,14,2020-08-01T00:00:00Z,82,261,69,11,22,152,13,86,0,183,0.08,0,0,0,0,0.015,0.041,0.041,0.093,0.08,0.138,0.139,0.165,0.167,0.171,0.204,0.205
020_AAAF,CRGRO048,14,14,2020-08-02T00:00:00Z,83,266,74,11,22,152,14,93,0,183,0.08,0,0,0,0,0.102,0.057,0.045,0.089,0.079,0.137,0.139,0.164,0.166,0.171,0.204,0.205
020_AAAF,CRGRO048,14,14,2020-08-03T00:00:00Z,84,261,69,11,22,152,14,93,0,183,0.07,0,0,0,0,0.035,0.04,0.049,0.093,0.079,0.137,0.138,0.164,0.165,0.17,0.204,0.205
020_AAAF,CRGRO048,14,14,2020-08-04T00:00:00Z,85,259,67,11,22,152,14,93,0,183,0.11,0,0,0,0,0.032,0.037,0.041,0.089,0.078,0.136,0.137,0.163,0.165,0.169,0.203,0.205
020_AAAF,CRGRO048,14,14,2020-08-05T00:00:00Z,86,263,71,11,22,152,15,100,0,183,0.1,0,0,0,0,0.091,0.058,0.044,0.087,0.077,0.135,0.137,0.162,0.164,0.168,0.203,0.205
020_AAAF,CRGRO048,14,14,2020-08-06T00:00:00Z,87,263,71,11,22,156,15,100,0,183,0.12,0,0,0,0,0.071,0.053,0.052,0.09,0.077,0.135,0.136,0.162,0.163,0.168,0.203,0.205
020_AAAF,CRGRO048,14,14,2020-08-07T00:00:00Z,88,259,67,11,22,156,15,100,0,183,0.12,0,0,0,0,0.032,0.048,0.047,0.089,0.077,0.135,0.136,0.162,0.163,0.168,0.203,0.205
020_AAAF,CRGRO048,14,14,2020-08-08T00:00:00Z,89,256,64,11,22,156,15,100,0,183,0.12,0,0,0,0,0.021,0.041,0.041,0.086,0.076,0.134,0.135,0.161,0.162,0.167,0.203,0.205
020_AAAF,CRGRO048,14,14,2020-08-09T00:00:00Z,90,267,75,11,22,162,16,108,0,183,0.14,0,0,0,0,0.147,0.068,0.052,0.09,0.076,0.133,0.135,0.16,0.162,0.166,0.203,0.205
020_AAAF,CRGRO048,14,14,2020-08-10T00:00:00Z,91,274,82,11,22,172,16,108,0,183,0.14,0,0,0,0,0.153,0.084,0.067,0.122,0.081,0.133,0.135,0.16,0.162,0.166,0.203,0.205
020_AAAF,CRGRO048,14,14,2020-08-11T00:00:00Z,92,270,78,11,22,172,16,108,0,183,0.13,0,0,0,0,0.074,0.056,0.049,0.11,0.119,0.151,0.135,0.16,0.161,0.166,0.203,0.205
020_AAAF,CRGRO048,14,14,2020-08-12T00:00:00Z,93,276,85,11,22,182,16,108,0,183,0.16,0,0,0,0,0.136,0.074,0.06,0.119,0.11,0.154,0.135,0.16,0.161,0.166,0.202,0.205
020_AAAF,CRGRO048,14,14,2020-08-13T00:00:00Z,94,272,80,11,22,182,16,108,0,183,0.16,0,0,0,0,0.074,0.06,0.058,0.118,0.118,0.153,0.135,0.16,0.161,0.166,0.202,0.205
020_AAAF,CRGRO048,14,14,2020-08-14T00:00:00Z,95,276,84,11,22,190,16,108,0,183,0.16,0,0,0,0,0.115,0.069,0.06,0.119,0.115,0.159,0.135,0.16,0.161,0.166,0.202,0.205
020_AAAF,CRGRO048,14,14,2020-08-15T00:00:00Z,96,272,80,11,22,190,16,108,0,183,0.15,0,0,0,0,0.059,0.049,0.051,0.11,0.113,0.173,0.144,0.16,0.161,0.166,0.202,0.205
020_AAAF,CRGRO048,14,14,2020-08-16T00:00:00Z,97,267,75,11,22,190,16,108,0,183,0.13,0,0,0,0,0.037,0.048,0.047,0.103,0.104,0.166,0.144,0.16,0.161,0.166,0.202,0.205
020_AAAF,CRGRO048,14,14,2020-08-17T00:00:00Z,98,262,70,11,22,190,16,108,0,183,0.12,0,0,0,0,0.022,0.043,0.042,0.095,0.096,0.159,0.143,0.159,0.16,0.166,0.202,0.205
020_AAAF,CRGRO048,14,14,2020-08-18T00:00:00Z,99,303,112,13,22,229,17,114,0,183,0.18,0,0,1.98,0,0.159,0.148,0.115,0.164,0.133,0.173,0.148,0.159,0.16,0.165,0.202,0.205
020_AAAF,CRGRO048,14,14,2020-08-19T00:00:00Z,100,299,107,13,22,229,17,114,0,183,0.16,0,0,0,0,0.078,0.084,0.071,0.13,0.118,0.172,0.174,0.196,0.187,0.166,0.202,0.205
020_AAAF,CRGRO048,14,14,2020-08-20T00:00:00Z,101,297,105,13,22,231,17,114,0,183,0.19,0,0,0,0,0.064,0.066,0.062,0.131,0.124,0.177,0.174,0.196,0.187,0.166,0.202,0.205
020_AAAF,CRGRO048,14,14,2020-08-21T00:00:00Z,102,295,103,13,22,231,17,114,0,183,0.18,0,0,0,0,0.052,0.056,0.057,0.126,0.123,0.178,0.176,0.198,0.186,0.166,0.201,0.205
020_AAAF,CRGRO048,14,14,2020-08-22T00:00:00Z,103,294,102,13,22,232,17,114,0,183,0.2,0,0,0,0,0.056,0.055,0.055,0.122,0.121,0.177,0.176,0.197,0.19,0.166,0.201,0.205
020_AAAF,CRGRO048,14,14,2020-08-23T00:00:00Z,104,293,101,13,22,233,17,114,0,183,0.19,0,0,0,0,0.056,0.055,0.054,0.119,0.119,0.175,0.175,0.198,0.189,0.167,0.201,0.205
020_AAAF,CRGRO048,14,14,2020-08-24T00:00:00Z,105,320,128,13,22,261,17,114,0,183,0.2,0,0,0.2,0,0.162,0.145,0.09,0.15,0.135,0.183,0.179,0.198,0.196,0.167,0.201,0.205
020_AAAF,CRGRO048,14,14,2020-08-25T00:00:00Z,106,335,143,13,22,281,17,114,0,183,0.19,0,0,0.03,0,0.152,0.147,0.112,0.184,0.159,0.2,0.189,0.2,0.2,0.177,0.201,0.205
020_AAAF,CRGRO048,14,14,2020-08-26T00:00:00Z,107,332,140,13,22,281,17,114,0,183,0.2,0,0,0,0,0.087,0.097,0.091,0.179,0.166,0.21,0.199,0.204,0.206,0.195,0.201,0.205
020_AAAF,CRGRO048,14,14,2020-08-27T00:00:00Z,108,321,129,13,28,281,17,114,0,183,0.18,0,0,0,0,0.05,0.065,0.063,0.138,0.133,0.186,0.182,0.198,0.289,0.195,0.205,0.205
020_AAAF,CRGRO048,14,14,2020-08-28T00:00:00Z,109,310,118,13,35,281,17,114,0,183,0.15,0,0,0,0,0.037,0.053,0.053,0.121,0.119,0.176,0.174,0.196,0.275,0.194,0.205,0.205
020_AAAF,CRGRO048,14,14,2020-08-29T00:00:00Z,110,299,107,13,42,281,17,114,0,183,0.13,0,0,0,0,0.028,0.051,0.052,0.115,0.114,0.174,0.172,0.195,0.226,0.193,0.205,0.205
020_AAAF,CRGRO048,14,14,2020-08-30T00:00:00Z,111,333,141,15,43,320,17,114,0,183,0.21,0,0,1.79,0,0.159,0.15,0.104,0.16,0.138,0.184,0.178,0.196,0.207,0.201,0.208,0.207
020_AAAF,CRGRO048,14,14,2020-08-31T00:00:00Z,112,331,140,15,44,323,17,114,0,182,0.2,0,0,0,0,0.117,0.106,0.093,0.171,0.154,0.197,0.188,0.2,0.203,0.202,0.21,0.208
020_AAAF,CRGRO048,14,14,2020-09-01T00:00:00Z,113,320,128,15,51,323,17,114,0,182,0.17,0,0,0,0,0.063,0.069,0.064,0.135,0.128,0.181,0.177,0.196,0.271,0.201,0.21,0.208
020_AAAF,CRGRO048,14,14,2020-09-02T00:00:00Z,114,309,117,15,58,323,17,114,0,182,0.15,0,0,0,0,0.043,0.054,0.053,0.12,0.118,0.174,0.173,0.195,0.252,0.2,0.21,0.208
020_AAAF,CRGRO048,14,14,2020-09-03T00:00:00Z,115,297,105,15,65,323,17,114,0,183,0.13,0,0,0,0,0.029,0.051,0.051,0.111,0.111,0.171,0.17,0.193,0.216,0.195,0.207,0.206
020_AAAF,CRGRO048,14,14,2020-09-04T00:00:00Z,116,290,98,15,67,323,17,114,0,183,0.11,0,0,0,0,0.015,0.048,0.049,0.105,0.105,0.167,0.167,0.191,0.2,0.193,0.207,0.206
020_AAAF,CRGRO048,14,14,2020-09-05T00:00:00Z,117,292,100,15,67,323,18,120,0,183,0.1,0,0,0,0,0.09,0.057,0.053,0.1,0.101,0.163,0.163,0.188,0.193,0.194,0.207,0.206
020_AAAF,CRGRO048,14,14,2020-09-06T00:00:00Z,118,289,97,15,67,323,18,120,0,183,0.08,0,0,0,0,0.053,0.051,0.051,0.112,0.1,0.162,0.162,0.187,0.191,0.192,0.207,0.206
020_AAAF,CRGRO048,14,14,2020-09-07T00:00:00Z,119,285,93,15,67,323,18,120,0,183,0.07,0,0,0,0,0.04,0.048,0.048,0.105,0.098,0.16,0.16,0.185,0.189,0.19,0.207,0.206
020_AAAF,CRGRO048,14,14,2020-09-08T00:00:00Z,120,281,90,15,67,323,18,120,0,183,0.06,0,0,0,0,0.029,0.045,0.045,0.1,0.096,0.158,0.158,0.183,0.186,0.188,0.207,0.206
020_AAAF,CRGRO048,14,14,2020-09-09T00:00:00Z,121,296,104,15,67,333,19,127,0,183,0.22,0,0,0,0,0.162,0.087,0.063,0.12,0.099,0.157,0.157,0.182,0.185,0.187,0.207,0.206
020_AAAF,CRGRO048,14,14,2020-09-10T00:00:00Z,122,305,113,15,67,344,19,127,0,183,0.2,0,0,0,0,0.157,0.104,0.076,0.138,0.124,0.163,0.157,0.182,0.185,0.186,0.207,0.206
020_AAAF,CRGRO048,14,14,2020-09-11T00:00:00Z,123,304,112,15,67,346,19,127,0,183,0.22,0,0,0,0,0.11,0.085,0.073,0.144,0.133,0.179,0.164,0.182,0.184,0.186,0.207,0.206
020_AAAF,CRGRO048,14,14,2020-09-12T00:00:00Z,124,301,109,15,67,346,19,127,0,183,0.22,0,0,0,0,0.069,0.068,0.064,0.138,0.133,0.184,0.176,0.184,0.184,0.186,0.207,0.206
020_AAAF,CRGRO048,14,14,2020-09-13T00:00:00Z,125,299,107,15,67,347,19,127,0,183,0.23,0,0,0,0,0.057,0.058,0.058,0.131,0.13,0.184,0.18,0.188,0.184,0.186,0.207,0.206
020_AAAF,CRGRO048,14,14,2020-09-14T00:00:00Z,126,297,105,15,67,348,19,127,0,183,0.22,0,0,0,0,0.053,0.055,0.055,0.122,0.123,0.18,0.179,0.193,0.183,0.185,0.206,0.206
020_AAAF,CRGRO048,14,14,2020-09-15T00:00:00Z,127,298,106,15,67,350,19,127,0,183,0.24,0,0,0,0,0.071,0.058,0.056,0.121,0.12,0.177,0.177,0.196,0.183,0.185,0.206,0.206
020_AAAF,CRGRO048,14,14,2020-09-16T00:00:00Z,128,308,116,15,67,360,19,127,0,183,0.24,0,0,0,0,0.15,0.078,0.064,0.129,0.124,0.178,0.178,0.198,0.183,0.185,0.206,0.206
020_AAAF,CRGRO048,14,14,2020-09-17T00:00:00Z,129,311,120,15,67,367,19,127,0,183,0.2,0,0,0,0,0.149,0.084,0.069,0.136,0.129,0.181,0.179,0.198,0.191,0.185,0.206,0.206
020_AAAF,CRGRO048,14,14,2020-09-18T00:00:00Z,130,304,113,15,73,367,19,127,0,183,0.19,0,0,0,0,0.086,0.064,0.058,0.124,0.121,0.176,0.175,0.197,0.2,0.194,0.206,0.206
020_AAAF,CRGRO048,14,14,2020-09-19T00:00:00Z,131,300,108,15,76,367,19,127,0,183,0.16,0,0,0,0,0.059,0.055,0.054,0.118,0.119,0.175,0.174,0.197,0.196,0.194,0.206,0.206
020_AAAF,CRGRO048,14,14,2020-09-20T00:00:00Z,132,298,106,15,76,367,19,127,0,183,0.14,0,0,0,0,0.05,0.054,0.053,0.116,0.116,0.174,0.173,0.196,0.196,0.194,0.206,0.206
020_AAAF,CRGRO048,14,14,2020-09-21T00:00:00Z,133,295,103,15,76,367,19,127,0,183,0.12,0,0,0,0,0.039,0.052,0.051,0.111,0.112,0.171,0.171,0.194,0.194,0.193,0.206,0.206
020_AAAF,CRGRO048,14,14,2020-09-22T00:00:00Z,134,291,99,15,76,367,19,127,0,183,0.1,0,0,0,0,0.029,0.05,0.05,0.107,0.108,0.169,0.168,0.193,0.193,0.191,0.206,0.206
020_AAAF,CRGRO048,14,14,2020-09-23T00:00:00Z,135,289,97,15,76,367,19,127,0,183,0.09,0,0,0,0,0.023,0.048,0.048,0.105,0.106,0.167,0.167,0.191,0.191,0.19,0.206,0.206
020_AAAF,CRGRO048,14,14,2020-09-24T00:00:00Z,136,286,94,15,76,367,19,127,0,183,0.07,0,0,0,0,0.015,0.047,0.047,0.103,0.103,0.165,0.165,0.19,0.19,0.189,0.206,0.206
020_AAAF,CRGRO048,14,14,2020-09-25T00:00:00Z,137,292,100,15,76,370,20,133,0,183,0.24,0,0,0,0,0.119,0.064,0.054,0.106,0.1,0.162,0.162,0.187,0.187,0.187,0.206,0.206
020_AAAF,CRGRO048,14,14,2020-09-26T00:00:00Z,138,289,97,15,76,370,20,133,0,183,0.2,0,0,0,0,0.064,0.049,0.051,0.117,0.111,0.161,0.161,0.186,0.186,0.186,0.206,0.206
020_AAAF,CRGRO048,14,14,2020-09-27T00:00:00Z,139,289,97,15,76,370,20,133,0,183,0.26,0,0,0,0,0.06,0.054,0.052,0.114,0.11,0.161,0.161,0.186,0.186,0.186,0.206,0.206
020_AAAF,CRGRO048,14,14,2020-09-28T00:00:00Z,140,289,97,15,76,373,20,133,0,183,0.23,0,0,0,0,0.073,0.058,0.054,0.115,0.107,0.16,0.16,0.185,0.185,0.186,0.206,0.206
020_AAAF,CRGRO048,14,14,2020-09-29T00:00:00Z,141,308,116,15,76,394,20,133,0,183,0.25,0,0,0,0,0.159,0.117,0.079,0.138,0.125,0.17,0.16,0.185,0.185,0.185,0.206,0.206
020_AAAF,CRGRO048,14,14,2020-09-30T00:00:00Z,142,302,110,15,79,394,20,133,0,183,0.21,0,0,0,0,0.082,0.073,0.058,0.122,0.117,0.173,0.174,0.196,0.194,0.194,0.206,0.206
020_AAAF,CRGRO048,14,14,2020-10-01T00:00:00Z,143,297,105,15,81,394,20,133,0,183,0.18,0,0,0,0,0.051,0.056,0.053,0.116,0.115,0.172,0.172,0.195,0.193,0.193,0.206,0.206
020_AAAF,CRGRO048,14,14,2020-10-02T00:00:00Z,144,294,102,15,81,394,20,133,0,183,0.15,0,0,0,0,0.042,0.054,0.051,0.112,0.112,0.17,0.17,0.194,0.192,0.192,0.206,0.206
020_AAAF,CRGRO048,15,15,2020-05-11T00:00:00Z,0,256,64,0,0,0,0,0,0,174,0,0,0,0,0,0.086,0.086,0.086,0.086,0.086,0.118,0.118,0.135,0.129,0.129,0.178,0.258
020_AAAF,CRGRO048,15,15,2020-05-12T00:00:00Z,1,252,61,0,7,0,1,8,0,179,0,0,0,0,0,0.064,0.086,0.079,0.13,0.1,0.118,0.118,0.135,0.129,0.129,0.178,0.228
020_AAAF,CRGRO048,15,15,2020-05-13T00:00:00Z,2,247,55,0,10,0,1,8,0,181,0,0,0,0,0,0.013,0.066,0.063,0.123,0.119,0.146,0.118,0.135,0.129,0.129,0.178,0.214
020_AAAF,CRGRO048,15,15,2020-05-14T00:00:00Z,3,246,54,0,12,0,1,8,0,182,0,0,0,0,0,0.014,0.058,0.057,0.121,0.119,0.162,0.118,0.135,0.129,0.13,0.178,0.209
020_AAAF,CRGRO048,15,15,2020-05-15T00:00:00Z,4,245,53,0,12,0,1,8,0,183,0,0,0,0,0,0.014,0.054,0.055,0.121,0.119,0.167,0.119,0.135,0.129,0.13,0.178,0.206
020_AAAF,CRGRO048,15,15,2020-05-16T00:00:00Z,5,245,53,0,12,0,1,8,0,183,0,0,0,0,0,0.014,0.054,0.055,0.121,0.119,0.167,0.119,0.135,0.129,0.13,0.178,0.206
020_AAAF,CRGRO048,15,15,2020-05-17T00:00:00Z,6,245,53,0,12,0,1,8,0,183,0,0,0,0,0,0.014,0.053,0.055,0.121,0.119,0.166,0.119,0.135,0.129,0.13,0.178,0.206
020_AAAF,CRGRO048,15,15,2020-05-18T00:00:00Z,7,245,53,0,12,0,1,8,0,183,0,0,0,0,0,0.014,0.053,0.055,0.121,0.119,0.166,0.12,0.135,0.129,0.13,0.178,0.206
020_AAAF,CRGRO048,15,15,2020-05-19T00:00:00Z,8,245,53,0,12,0,1,8,0,183,0,0,0,0,0,0.014,0.052,0.055,0.121,0.118,0.166,0.12,0.135,0.129,0.13,0.178,0.206
020_AAAF,CRGRO048,15,15,2020-05-20T00:00:00Z,9,262,70,0,12,17,1,8,0,183,0,0,0,0,0,0.167,0.09,0.068,0.134,0.127,0.176,0.12,0.135,0.129,0.131,0.178,0.206
020_AAAF,CRGRO048,15,15,2020-05-21T00:00:00Z,10,262,70,0,12,21,1,8,0,183,0,0,0,0,0,0.066,0.088,0.073,0.143,0.135,0.183,0.134,0.135,0.129,0.131,0.178,0.206
020_AAAF,CRGRO048,15,15,2020-05-22T00:00:00Z,11,261,69,0,12,23,1,8,0,183,0,0,0,0,0,0.025,0.073,0.069,0.143,0.138,0.188,0.155,0.135,0.129,0.131,0.178,0.205
020_AAAF,CRGRO048,15,15,2020-05-23T00:00:00Z,12,261,69,0,12,23,1,8,0,183,0,0,0,0,0,0.02,0.06,0.062,0.137,0.137,0.189,0.176,0.135,0.129,0.131,0.178,0.205
020_AAAF,CRGRO048,15,15,2020-05-24T00:00:00Z,13,260,69,0,12,23,1,8,0,183,0,0,0,0,0,0.014,0.055,0.056,0.126,0.126,0.18,0.176,0.152,0.129,0.131,0.178,0.205
020_AAAF,CRGRO048,15,15,2020-05-25T00:00:00Z,14,262,70,0,12,25,1,8,0,183,0,0,0,0,0,0.05,0.054,0.054,0.123,0.124,0.179,0.177,0.154,0.129,0.131,0.178,0.205
020_AAAF,CRGRO048,15,15,2020-05-26T00:00:00Z,15,263,72,0,12,28,1,8,0,183,0,0,0,0,0,0.045,0.06,0.056,0.124,0.124,0.179,0.178,0.157,0.129,0.132,0.178,0.205
020_AAAF,CRGRO048,15,15,2020-05-27T00:00:00Z,16,262,70,0,12,28,1,8,0,183,0,0,0,0,0,0.02,0.055,0.055,0.123,0.123,0.178,0.177,0.16,0.129,0.132,0.178,0.205
020_AAAF,CRGRO048,15,15,2020-05-28T00:00:00Z,17,262,70,0,12,28,1,8,0,183,0,0,0,0,0,0.014,0.054,0.055,0.121,0.121,0.176,0.175,0.163,0.129,0.132,0.178,0.205
020_AAAF,CRGRO048,15,15,2020-05-29T00:00:00Z,18,261,70,0,12,28,1,8,0,183,0,0,0,0,0,0.014,0.053,0.054,0.12,0.121,0.176,0.175,0.163,0.13,0.132,0.178,0.205
020_AAAF,CRGRO048,15,15,2020-05-30T00:00:00Z,19,261,69,0,12,28,1,8,0,183,0,0,0,0,0,0.014,0.052,0.054,0.12,0.121,0.176,0.175,0.164,0.13,0.132,0.178,0.205
020_AAAF,CRGRO048,15,15,2020-05-31T00:00:00Z,20,261,69,0,12,28,1,8,0,183,0,0,0,0,0,0.014,0.05,0.053,0.119,0.121,0.176,0.175,0.164,0.13,0.132,0.178,0.204
020_AAAF,CRGRO048,15,15,2020-06-01T00:00:00Z,21,261,69,0,12,28,1,8,0,183,0,0,0,0,0,0.014,0.049,0.052,0.118,0.12,0.176,0.174,0.164,0.13,0.133,0.178,0.204
020_AAAF,CRGRO048,15,15,2020-06-02T00:00:00Z,22,260,68,0,12,28,1,8,0,183,0,0,0,0,0,0.014,0.048,0.052,0.117,0.12,0.176,0.174,0.164,0.13,0.133,0.178,0.204
020_AAAF,CRGRO048,15,15,2020-06-03T00:00:00Z,23,260,68,0,12,28,1,8,0,183,0,0,0,0,0,0.014,0.048,0.051,0.116,0.119,0.176,0.174,0.164,0.13,0.133,0.178,0.204
020_AAAF,CRGRO048,15,15,2020-06-04T00:00:00Z,24,260,68,0,12,28,1,8,0,183,0,0,0,0,0,0.014,0.047,0.051,0.115,0.119,0.176,0.174,0.164,0.13,0.133,0.178,0.204
020_AAAF,CRGRO048,15,15,2020-06-05T00:00:00Z,25,259,67,0,12,28,1,8,0,183,0,0,0,0,0,0.014,0.046,0.05,0.114,0.118,0.176,0.174,0.164,0.13,0.133,0.178,0.204
020_AAAF,CRGRO048,15,15,2020-06-06T00:00:00Z,26,260,68,0,12,29,1,8,0,183,0,0,0,0,0,0.024,0.046,0.05,0.114,0.117,0.176,0.173,0.164,0.13,0.133,0.178,0.204
020_AAAF,CRGRO048,15,15,2020-06-07T00:00:00Z,27,269,77,0,12,39,1,8,0,183,0,0,0,0,0,0.125,0.069,0.058,0.121,0.12,0.175,0.173,0.164,0.131,0.134,0.178,0.204
020_AAAF,CRGRO048,15,15,2020-06-08T00:00:00Z,28,267,76,0,12,42,1,8,0,183,0,0,0,0,0,0.027,0.072,0.063,0.128,0.125,0.178,0.176,0.165,0.131,0.134,0.178,0.204
020_AAAF,CRGRO048,15,15,2020-06-09T00:00:00Z,29,275,83,0,12,50,1,8,0,183,0,0,0,0,0,0.105,0.074,0.065,0.134,0.129,0.181,0.179,0.168,0.131,0.134,0.178,0.203
020_AAAF,CRGRO048,15,15,2020-06-10T00:00:00Z,30,271,80,0,12,51,1,8,0,183,0,0,0,0,0,0.013,0.067,0.063,0.134,0.131,0.184,0.181,0.174,0.131,0.134,0.178,0.203
020_AAAF,CRGRO048,15,15,2020-06-11T00:00:00Z,31,273,81,0,12,53,1,8,0,183,0,0,0,0,0,0.057,0.057,0.058,0.129,0.129,0.184,0.182,0.179,0.131,0.134,0.178,0.203
020_AAAF,CRGRO048,15,15,2020-06-12T00:00:00Z,32,271,79,0,12,53,1,8,0,183,0,0,0,0,0,0.019,0.055,0.056,0.125,0.126,0.182,0.182,0.185,0.131,0.134,0.178,0.203
020_AAAF,CRGRO048,15,15,2020-06-13T00:00:00Z,33,270,78,0,12,53,1,8,0,183,0,0,0,0,0,0.014,0.053,0.055,0.118,0.119,0.177,0.177,0.192,0.132,0.135,0.178,0.203
020_AAAF,CRGRO048,15,15,2020-06-14T00:00:00Z,34,269,77,0,12,53,1,8,0,183,0,0,0,0,0,0.014,0.051,0.053,0.115,0.116,0.176,0.176,0.192,0.132,0.135,0.178,0.203
020_AAAF,CRGRO048,15,15,2020-06-15T00:00:00Z,35,267,76,0,12,53,1,8,0,183,0,0,0,0,0,0.014,0.049,0.052,0.112,0.114,0.175,0.176,0.192,0.132,0.135,0.178,0.203
020_AAAF,CRGRO048,15,15,2020-06-16T00:00:00Z,36,267,75,0,12,53,1,8,0,183,0,0,0,0,0,0.014,0.048,0.051,0.111,0.113,0.174,0.175,0.192,0.133,0.135,0.178,0.203
020_AAAF,CRGRO048,15,15,2020-06-17T00:00:00Z,37,266,74,0,12,53,1,8,0,183,0,0,0,0,0,0.014,0.047,0.05,0.109,0.111,0.173,0.175,0.191,0.133,0.135,0.178,0.203
020_AAAF,CRGRO048,15,15,2020-06-18T00:00:00Z,38,265,73,0,12,53,1,8,0,183,0,0,0,0,0,0.014,0.046,0.048,0.107,0.109,0.172,0.173,0.191,0.133,0.135,0.178,0.203
020_AAAF,CRGRO048,15,15,2020-06-19T00:00:00Z,39,264,73,0,12,54,1,8,0,183,0,0,0,0,0,0.03,0.044,0.047,0.105,0.107,0.17,0.172,0.191,0.133,0.136,0.178,0.202
020_AAAF,CRGRO048,15,15,2020-06-20T00:00:00Z,40,263,71,0,12,55,1,8,0,183,0,0,0,0,0,0.02,0.043,0.046,0.103,0.105,0.169,0.171,0.191,0.134,0.136,0.178,0.202
020_AAAF,CRGRO048,15,15,2020-06-21T00:00:00Z,41,261,70,0,12,55,1,8,0,183,0,0,0,0,0,0.014,0.042,0.045,0.102,0.103,0.167,0.169,0.19,0.134,0.136,0.178,0.202
020_AAAF,CRGRO048,15,15,2020-06-22T00:00:00Z,42,260,69,0,12,55,1,8,0,183,0,0,0,0,0,0.014,0.041,0.044,0.1,0.102,0.166,0.168,0.19,0.134,0.136,0.178,0.202
020_AAAF,CRGRO048,15,15,2020-06-23T00:00:00Z,43,259,67,0,12,55,1,8,0,183,0,0,0,0,0,0.014,0.04,0.043,0.099,0.1,0.164,0.166,0.189,0.135,0.136,0.178,0.202
020_AAAF,CRGRO048,15,15,2020-06-24T00:00:00Z,44,258,66,0,12,55,1,8,0,183,0,0,0,0,0,0.014,0.039,0.042,0.097,0.099,0.163,0.165,0.188,0.135,0.136,0.178,0.202
020_AAAF,CRGRO048,15,15,2020-06-25T00:00:00Z,45,257,65,0,12,55,1,8,0,183,0,0,0,0,0,0.014,0.038,0.041,0.096,0.098,0.161,0.163,0.188,0.135,0.136,0.178,0.202
020_AAAF,CRGRO048,15,15,2020-06-26T00:00:00Z,46,256,64,0,12,55,1,8,0,183,0,0,0,0,0,0.014,0.037,0.04,0.095,0.096,0.16,0.162,0.187,0.135,0.137,0.178,0.202
020_AAAF,CRGRO048,15,15,2020-06-27T00:00:00Z,47,256,64,0,12,55,1,8,0,183,0.01,0,0,0,0,0.024,0.036,0.039,0.094,0.095,0.159,0.161,0.186,0.136,0.137,0.178,0.202
020_AAAF,CRGRO048,15,15,2020-06-28T00:00:00Z,48,254,62,0,12,55,1,8,0,183,0.01,0,0,0,0,0.014,0.036,0.038,0.093,0.094,0.157,0.159,0.185,0.136,0.137,0.178,0.202
020_AAAF,CRGRO048,15,15,2020-06-29T00:00:00Z,49,253,61,0,12,55,1,8,0,183,0.01,0,0,0,0,0.014,0.035,0.037,0.092,0.093,0.156,0.158,0.184,0.136,0.137,0.178,0.201
020_AAAF,CRGRO048,15,15,2020-06-30T00:00:00Z,50,266,74,0,12,69,1,8,0,183,0.01,0,0,0,0,0.161,0.07,0.055,0.091,0.092,0.155,0.157,0.183,0.136,0.137,0.178,0.201
020_AAAF,CRGRO048,15,15,2020-07-01T00:00:00Z,51,261,69,0,12,69,1,8,0,183,0.01,0,0,0,0,0.014,0.052,0.053,0.119,0.105,0.155,0.157,0.183,0.136,0.137,0.178,0.201
020_AAAF,CRGRO048,15,15,2020-07-02T00:00:00Z,52,258,67,0,12,69,1,8,0,183,0.01,0,0,0,0,0.014,0.049,0.05,0.108,0.103,0.154,0.156,0.182,0.137,0.138,0.178,0.201
020_AAAF,CRGRO048,15,15,2020-07-03T00:00:00Z,53,256,64,0,12,69,1,8,0,183,0.01,0,0,0,0,0.014,0.046,0.047,0.102,0.1,0.153,0.155,0.181,0.137,0.138,0.178,0.201
020_AAAF,CRGRO048,15,15,2020-07-04T00:00:00Z,54,254,63,0,12,69,1,8,0,183,0.01,0,0,0,0,0.014,0.043,0.044,0.099,0.097,0.152,0.154,0.18,0.137,0.138,0.178,0.201
020_AAAF,CRGRO048,15,15,2020-07-05T00:00:00Z,55,258,66,0,12,74,1,8,0,183,0.02,0,0,0,0,0.079,0.053,0.045,0.096,0.095,0.151,0.153,0.179,0.137,0.138,0.178,0.201
020_AAAF,CRGRO048,15,15,2020-07-06T00:00:00Z,56,299,107,10,12,128,1,8,0,183,0.02,0,0,10.46,0,0.13,0.149,0.128,0.178,0.141,0.177,0.157,0.178,0.137,0.138,0.178,0.201
020_AAAF,CRGRO048,15,15,2020-07-07T00:00:00Z,57,305,113,10,12,137,1,8,0,183,0.02,0,0,0,0,0.132,0.116,0.107,0.191,0.166,0.201,0.183,0.185,0.138,0.138,0.178,0.201
020_AAAF,CRGRO048,15,15,2020-07-08T00:00:00Z,58,301,109,10,12,137,1,8,0,183,0.02,0,0,0,0,0.043,0.075,0.072,0.145,0.135,0.184,0.176,0.196,0.209,0.183,0.178,0.201
020_AAAF,CRGRO048,15,15,2020-07-09T00:00:00Z,59,300,108,10,12,139,1,8,0,183,0.02,0,0,0,0,0.04,0.062,0.062,0.137,0.134,0.186,0.181,0.198,0.202,0.196,0.178,0.2
020_AAAF,CRGRO048,15,15,2020-07-10T00:00:00Z,60,295,103,10,12,139,1,8,0,183,0.02,0,0,0,0,0.014,0.052,0.053,0.12,0.119,0.176,0.174,0.197,0.197,0.195,0.201,0.2
020_AAAF,CRGRO048,15,15,2020-07-11T00:00:00Z,61,291,99,10,12,139,1,8,0,183,0.02,0,0,0,0,0.014,0.05,0.05,0.109,0.11,0.172,0.171,0.195,0.195,0.195,0.203,0.2
020_AAAF,CRGRO048,15,15,2020-07-12T00:00:00Z,62,287,95,10,12,139,1,8,0,183,0.02,0,0,0,0,0.014,0.046,0.047,0.103,0.104,0.167,0.167,0.192,0.194,0.195,0.203,0.2
020_AAAF,CRGRO048,15,15,2020-07-13T00:00:00Z,63,283,91,10,12,139,1,8,0,183,0.02,0,0,0,0,0.014,0.043,0.044,0.099,0.099,0.163,0.163,0.189,0.192,0.194,0.203,0.2
020_AAAF,CRGRO048,15,15,2020-07-14T00:00:00Z,64,279,87,10,12,139,1,8,0,183,0.02,0,0,0,0,0.014,0.04,0.042,0.095,0.096,0.159,0.159,0.186,0.191,0.193,0.203,0.2
020_AAAF,CRGRO048,15,15,2020-07-15T00:00:00Z,65,276,84,10,12,139,1,8,0,183,0.02,0,0,0,0,0.014,0.038,0.04,0.093,0.093,0.156,0.157,0.184,0.189,0.192,0.203,0.2
020_AAAF,CRGRO048,15,15,2020-07-16T00:00:00Z,66,274,82,10,12,139,1,8,0,183,0.02,0,0,0,0,0.014,0.037,0.038,0.091,0.091,0.154,0.155,0.181,0.187,0.19,0.203,0.2
020_AAAF,CRGRO048,15,15,2020-07-17T00:00:00Z,67,271,80,10,12,139,1,8,0,183,0.02,0,0,0,0,0.014,0.035,0.036,0.089,0.09,0.152,0.153,0.18,0.185,0.188,0.203,0.2
020_AAAF,CRGRO048,15,15,2020-07-18T00:00:00Z,68,269,77,10,12,139,1,8,0,183,0.02,0,0,0,0,0.014,0.034,0.035,0.087,0.088,0.15,0.151,0.178,0.183,0.186,0.202,0.2
020_AAAF,CRGRO048,15,15,2020-07-19T00:00:00Z,69,267,75,10,12,139,1,8,0,183,0.02,0,0,0,0,0.014,0.033,0.034,0.086,0.087,0.149,0.15,0.176,0.182,0.185,0.202,0.2
020_AAAF,CRGRO048,15,15,2020-07-20T00:00:00Z,70,266,74,10,12,139,1,8,0,183,0.02,0,0,0,0,0.014,0.032,0.033,0.085,0.085,0.147,0.148,0.175,0.18,0.183,0.202,0.2
020_AAAF,CRGRO048,15,15,2020-07-21T00:00:00Z,71,264,72,10,12,139,1,8,0,183,0.03,0,0,0,0,0.014,0.031,0.032,0.084,0.084,0.146,0.147,0.174,0.178,0.182,0.202,0.2
020_AAAF,CRGRO048,15,15,2020-07-22T00:00:00Z,72,280,88,10,12,142,2,22,0,183,0.05,0,0,0,0,0.167,0.082,0.056,0.09,0.083,0.145,0.146,0.172,0.177,0.18,0.202,0.2
020_AAAF,CRGRO048,15,15,2020-07-23T00:00:00Z,73,278,86,10,12,144,2,22,0,183,0.05,0,0,0,0,0.093,0.068,0.062,0.118,0.083,0.144,0.145,0.172,0.177,0.18,0.202,0.201
020_AAAF,CRGRO048,15,15,2020-07-24T00:00:00Z,74,273,82,10,12,145,2,22,0,183,0.06,0,0,0,0,0.035,0.054,0.055,0.117,0.093,0.144,0.145,0.172,0.176,0.18,0.202,0.201
020_AAAF,CRGRO048,15,15,2020-07-25T00:00:00Z,75,270,78,10,12,145,2,22,0,183,0.06,0,0,0,0,0.014,0.05,0.051,0.105,0.092,0.144,0.145,0.171,0.176,0.179,0.202,0.201
020_AAAF,CRGRO048,15,15,2020-07-26T00:00:00Z,76,266,74,10,12,145,2,22,0,183,0.06,0,0,0,0,0.014,0.042,0.043,0.095,0.09,0.143,0.144,0.17,0.175,0.178,0.202,0.201
020_AAAF,CRGRO048,15,15,2020-07-27T00:00:00Z,77,263,71,10,12,145,2,22,0,183,0.06,0,0,0,0,0.014,0.039,0.04,0.092,0.088,0.142,0.143,0.169,0.174,0.177,0.202,0.201
020_AAAF,CRGRO048,15,15,2020-07-28T00:00:00Z,78,261,70,10,12,145,2,22,0,183,0.06,0,0,0,0,0.014,0.037,0.037,0.089,0.086,0.141,0.142,0.168,0.173,0.176,0.202,0.201
020_AAAF,CRGRO048,15,15,2020-07-29T00:00:00Z,79,266,74,10,12,151,2,22,0,183,0.09,0,0,0,0,0.091,0.053,0.038,0.087,0.085,0.14,0.141,0.167,0.172,0.175,0.202,0.201
020_AAAF,CRGRO048,15,15,2020-07-30T00:00:00Z,80,263,72,10,12,152,2,22,0,183,0.09,0,0,0,0,0.05,0.051,0.043,0.086,0.084,0.14,0.141,0.167,0.171,0.174,0.202,0.201
020_AAAF,CRGRO048,15,15,2020-07-31T00:00:00Z,81,260,68,10,12,152,2,22,0,183,0.08,0,0,0,0,0.021,0.042,0.039,0.084,0.083,0.139,0.14,0.166,0.17,0.173,0.202,0.201
020_AAAF,CRGRO048,15,15,2020-08-01T00:00:00Z,82,258,66,10,12,152,2,22,0,183,0.08,0,0,0,0,0.014,0.038,0.037,0.083,0.082,0.138,0.139,0.165,0.169,0.172,0.201,0.201
020_AAAF,CRGRO048,15,15,2020-08-02T00:00:00Z,83,256,64,10,12,152,2,22,0,183,0.08,0,0,0,0,0.014,0.036,0.035,0.082,0.081,0.137,0.138,0.164,0.168,0.171,0.201,0.201
020_AAAF,CRGRO048,15,15,2020-08-03T00:00:00Z,84,255,63,10,12,152,2,22,0,183,0.07,0,0,0,0,0.014,0.034,0.034,0.081,0.08,0.137,0.138,0.164,0.167,0.171,0.201,0.201
020_AAAF,CRGRO048,15,15,2020-08-04T00:00:00Z,85,269,77,10,12,152,3,37,0,183,0.11,0,0,0,0,0.167,0.074,0.054,0.08,0.079,0.136,0.137,0.163,0.167,0.17,0.201,0.201
020_AAAF,CRGRO048,15,15,2020-08-05T00:00:00Z,86,264,72,10,12,152,3,37,0,183,0.1,0,0,0,0,0.059,0.04,0.049,0.119,0.086,0.136,0.137,0.163,0.166,0.17,0.201,0.201
020_AAAF,CRGRO048,15,15,2020-08-06T00:00:00Z,87,263,71,10,12,156,3,37,0,183,0.11,0,0,0,0,0.059,0.055,0.049,0.1,0.086,0.136,0.137,0.163,0.166,0.17,0.201,0.201
020_AAAF,CRGRO048,15,15,2020-08-07T00:00:00Z,88,259,68,10,12,156,3,37,0,183,0.12,0,0,0,0,0.029,0.045,0.046,0.095,0.085,0.135,0.136,0.162,0.166,0.169,0.201,0.201
020_AAAF,CRGRO048,15,15,2020-08-08T00:00:00Z,89,256,64,10,12,156,3,37,0,183,0.11,0,0,0,0,0.014,0.04,0.041,0.091,0.084,0.135,0.136,0.162,0.165,0.169,0.201,0.201
020_AAAF,CRGRO048,15,15,2020-08-09T00:00:00Z,90,260,68,10,12,162,3,37,0,183,0.14,0,0,0,0,0.084,0.052,0.04,0.089,0.082,0.134,0.135,0.161,0.164,0.168,0.201,0.201
020_AAAF,CRGRO048,15,15,2020-08-10T00:00:00Z,91,268,76,10,12,172,3,37,0,183,0.14,0,0,0,0,0.138,0.071,0.056,0.098,0.082,0.134,0.135,0.161,0.164,0.168,0.2,0.201
020_AAAF,CRGRO048,15,15,2020-08-11T00:00:00Z,92,263,71,10,12,172,3,37,0,183,0.13,0,0,0,0,0.055,0.043,0.049,0.117,0.099,0.134,0.135,0.161,0.164,0.168,0.2,0.201
020_AAAF,CRGRO048,15,15,2020-08-12T00:00:00Z,93,270,78,10,12,182,3,37,0,183,0.15,0,0,0,0,0.123,0.07,0.056,0.109,0.102,0.134,0.135,0.16,0.164,0.167,0.2,0.201
020_AAAF,CRGRO048,15,15,2020-08-13T00:00:00Z,94,266,74,10,12,182,3,37,0,183,0.15,0,0,0,0,0.057,0.053,0.056,0.117,0.103,0.134,0.135,0.16,0.164,0.167,0.2,0.201
020_AAAF,CRGRO048,15,15,2020-08-14T00:00:00Z,95,269,77,10,12,190,3,37,0,183,0.15,0,0,0,0,0.101,0.066,0.056,0.113,0.109,0.134,0.135,0.16,0.163,0.167,0.2,0.201
020_AAAF,CRGRO048,15,15,2020-08-15T00:00:00Z,96,265,73,10,12,190,3,37,0,183,0.14,0,0,0,0,0.043,0.045,0.05,0.112,0.115,0.141,0.135,0.16,0.163,0.167,0.2,0.201
020_AAAF,CRGRO048,15,15,2020-08-16T00:00:00Z,97,260,68,10,12,190,3,37,0,183,0.12,0,0,0,0,0.018,0.043,0.047,0.103,0.102,0.141,0.134,0.16,0.163,0.167,0.2,0.201
020_AAAF,CRGRO048,15,15,2020-08-17T00:00:00Z,98,257,65,10,12,190,3,37,0,183,0.11,0,0,0,0,0.014,0.039,0.041,0.094,0.094,0.14,0.134,0.159,0.162,0.167,0.2,0.201
020_AAAF,CRGRO048,15,15,2020-08-18T00:00:00Z,99,292,100,12,12,229,3,37,0,183,0.16,0,0,1.97,0,0.167,0.15,0.095,0.146,0.122,0.148,0.134,0.159,0.162,0.166,0.2,0.201
020_AAAF,CRGRO048,15,15,2020-08-19T00:00:00Z,100,288,96,12,12,229,3,37,0,183,0.15,0,0,0,0,0.072,0.085,0.063,0.123,0.113,0.174,0.174,0.182,0.162,0.166,0.199,0.201
020_AAAF,CRGRO048,15,15,2020-08-20T00:00:00Z,101,285,93,12,12,231,3,37,0,183,0.17,0,0,0,0,0.053,0.065,0.06,0.125,0.12,0.174,0.173,0.183,0.162,0.166,0.199,0.201
020_AAAF,CRGRO048,15,15,2020-08-21T00:00:00Z,102,283,91,12,12,231,3,37,0,183,0.16,0,0,0,0,0.043,0.055,0.056,0.122,0.119,0.175,0.175,0.182,0.162,0.166,0.199,0.201
020_AAAF,CRGRO048,15,15,2020-08-22T00:00:00Z,103,283,91,12,12,232,3,37,0,183,0.17,0,0,0,0,0.049,0.054,0.054,0.119,0.118,0.174,0.174,0.183,0.162,0.166,0.199,0.201
020_AAAF,CRGRO048,15,15,2020-08-23T00:00:00Z,104,281,90,12,12,233,3,37,0,183,0.17,0,0,0,0,0.049,0.053,0.055,0.116,0.115,0.173,0.173,0.183,0.162,0.167,0.199,0.201
020_AAAF,CRGRO048,15,15,2020-08-24T00:00:00Z,105,309,117,13,12,261,3,37,0,183,0.18,0,0,0.2,0,0.16,0.143,0.089,0.148,0.133,0.181,0.177,0.185,0.162,0.167,0.199,0.201
020_AAAF,CRGRO048,15,15,2020-08-25T00:00:00Z,106,324,132,13,12,281,3,37,0,183,0.18,0,0,0.04,0,0.145,0.147,0.11,0.182,0.157,0.198,0.188,0.196,0.162,0.167,0.199,0.201
020_AAAF,CRGRO048,15,15,2020-08-26T00:00:00Z,107,320,128,13,12,281,3,37,0,183,0.18,0,0,0,0,0.077,0.097,0.091,0.178,0.164,0.209,0.198,0.202,0.183,0.167,0.199,0.2
020_AAAF,CRGRO048,15,15,2020-08-27T00:00:00Z,108,315,123,13,13,281,3,37,0,183,0.16,0,0,0,0,0.038,0.065,0.063,0.138,0.132,0.185,0.181,0.197,0.259,0.194,0.205,0.205
020_AAAF,CRGRO048,15,15,2020-08-28T00:00:00Z,109,304,112,13,20,281,3,37,0,183,0.14,0,0,0,0,0.017,0.053,0.053,0.121,0.119,0.176,0.174,0.196,0.243,0.194,0.205,0.205
020_AAAF,CRGRO048,15,15,2020-08-29T00:00:00Z,110,297,105,13,24,281,3,37,0,183,0.12,0,0,0,0,0.014,0.051,0.052,0.115,0.113,0.174,0.172,0.195,0.213,0.193,0.205,0.205
020_AAAF,CRGRO048,15,15,2020-08-30T00:00:00Z,111,331,139,14,24,320,3,37,0,183,0.19,0,0,1.78,0,0.167,0.15,0.102,0.158,0.137,0.183,0.178,0.197,0.2,0.197,0.207,0.207
020_AAAF,CRGRO048,15,15,2020-08-31T00:00:00Z,112,330,138,14,25,323,3,37,0,183,0.18,0,0,0,0,0.117,0.107,0.093,0.17,0.153,0.196,0.187,0.2,0.201,0.199,0.208,0.208
020_AAAF,CRGRO048,15,15,2020-09-01T00:00:00Z,113,318,126,14,32,323,3,37,0,183,0.16,0,0,0,0,0.056,0.07,0.064,0.135,0.128,0.181,0.177,0.196,0.268,0.198,0.208,0.208
020_AAAF,CRGRO048,15,15,2020-09-02T00:00:00Z,114,307,115,14,39,323,3,37,0,183,0.14,0,0,0,0,0.036,0.055,0.054,0.121,0.118,0.174,0.173,0.195,0.248,0.198,0.208,0.208
020_AAAF,CRGRO048,15,15,2020-09-03T00:00:00Z,115,297,105,14,45,323,3,37,0,183,0.12,0,0,0,0,0.014,0.052,0.052,0.112,0.111,0.172,0.171,0.194,0.214,0.194,0.208,0.208
020_AAAF,CRGRO048,15,15,2020-09-04T00:00:00Z,116,291,99,14,46,323,3,37,0,183,0.11,0,0,0,0,0.014,0.049,0.049,0.106,0.105,0.167,0.167,0.191,0.2,0.192,0.208,0.208
020_AAAF,CRGRO048,15,15,2020-09-05T00:00:00Z,117,286,94,14,47,323,3,37,0,183,0.09,0,0,0,0,0.014,0.045,0.046,0.101,0.101,0.164,0.164,0.188,0.193,0.191,0.208,0.208
020_AAAF,CRGRO048,15,15,2020-09-06T00:00:00Z,118,284,92,14,47,323,3,37,0,183,0.08,0,0,0,0,0.014,0.044,0.044,0.099,0.099,0.161,0.161,0.187,0.191,0.189,0.208,0.208
020_AAAF,CRGRO048,15,15,2020-09-07T00:00:00Z,119,280,88,14,47,323,3,37,0,183,0.07,0,0,0,0,0.014,0.041,0.042,0.096,0.096,0.158,0.159,0.184,0.188,0.187,0.208,0.208
020_AAAF,CRGRO048,15,15,2020-09-08T00:00:00Z,120,277,85,14,47,323,3,37,0,183,0.06,0,0,0,0,0.014,0.039,0.04,0.093,0.093,0.156,0.156,0.182,0.185,0.184,0.208,0.208
020_AAAF,CRGRO048,15,15,2020-09-09T00:00:00Z,121,286,94,14,47,333,3,37,0,183,0.2,0,0,0,0,0.132,0.065,0.052,0.092,0.092,0.154,0.155,0.18,0.183,0.183,0.208,0.208
020_AAAF,CRGRO048,15,15,2020-09-10T00:00:00Z,122,294,102,14,47,344,3,37,0,183,0.18,0,0,0,0,0.154,0.086,0.067,0.122,0.097,0.154,0.154,0.18,0.182,0.183,0.208,0.208
020_AAAF,CRGRO048,15,15,2020-09-11T00:00:00Z,123,294,102,14,47,346,3,37,0,183,0.21,0,0,0,0,0.105,0.076,0.065,0.131,0.119,0.153,0.154,0.18,0.182,0.182,0.208,0.208
020_AAAF,CRGRO048,15,15,2020-09-12T00:00:00Z,124,291,99,14,47,346,3,37,0,183,0.2,0,0,0,0,0.063,0.063,0.059,0.128,0.122,0.164,0.154,0.179,0.182,0.182,0.207,0.208
020_AAAF,CRGRO048,15,15,2020-09-13T00:00:00Z,125,289,97,14,47,347,3,37,0,183,0.21,0,0,0,0,0.052,0.056,0.056,0.123,0.12,0.172,0.154,0.179,0.181,0.182,0.207,0.208
020_AAAF,CRGRO048,15,15,2020-09-14T00:00:00Z,126,287,95,14,47,348,3,37,0,183,0.21,0,0,0,0,0.047,0.054,0.053,0.117,0.116,0.173,0.154,0.179,0.181,0.182,0.207,0.208
020_AAAF,CRGRO048,15,15,2020-09-15T00:00:00Z,127,288,96,14,47,350,3,37,0,183,0.21,0,0,0,0,0.067,0.057,0.054,0.119,0.113,0.172,0.154,0.179,0.181,0.182,0.207,0.208
020_AAAF,CRGRO048,15,15,2020-09-16T00:00:00Z,128,297,105,14,47,360,3,37,0,183,0.23,0,0,0,0,0.147,0.077,0.063,0.126,0.121,0.174,0.154,0.179,0.181,0.182,0.207,0.208
020_AAAF,CRGRO048,15,15,2020-09-17T00:00:00Z,129,301,109,14,47,367,3,37,0,183,0.19,0,0,0,0,0.144,0.083,0.068,0.134,0.126,0.179,0.163,0.178,0.18,0.182,0.207,0.208
020_AAAF,CRGRO048,15,15,2020-09-18T00:00:00Z,130,300,108,14,47,367,3,37,0,183,0.17,0,0,0,0,0.083,0.063,0.057,0.123,0.12,0.175,0.174,0.196,0.187,0.182,0.207,0.208
020_AAAF,CRGRO048,15,15,2020-09-19T00:00:00Z,131,298,106,14,47,367,3,37,0,183,0.15,0,0,0,0,0.056,0.055,0.054,0.118,0.117,0.174,0.173,0.195,0.194,0.189,0.207,0.208
020_AAAF,CRGRO048,15,15,2020-09-20T00:00:00Z,132,296,104,14,47,367,3,37,0,183,0.13,0,0,0,0,0.046,0.054,0.053,0.116,0.115,0.173,0.172,0.195,0.193,0.188,0.207,0.208
020_AAAF,CRGRO048,15,15,2020-09-21T00:00:00Z,133,293,101,14,47,367,3,37,0,183,0.11,0,0,0,0,0.031,0.052,0.051,0.111,0.111,0.17,0.17,0.193,0.192,0.188,0.207,0.208
020_AAAF,CRGRO048,15,15,2020-09-22T00:00:00Z,134,289,97,14,47,367,3,37,0,183,0.09,0,0,0,0,0.016,0.05,0.049,0.107,0.107,0.168,0.168,0.192,0.191,0.187,0.207,0.208
020_AAAF,CRGRO048,15,15,2020-09-23T00:00:00Z,135,287,95,14,47,367,3,37,0,183,0.08,0,0,0,0,0.014,0.048,0.048,0.105,0.105,0.166,0.166,0.19,0.189,0.186,0.207,0.208
020_AAAF,CRGRO048,15,15,2020-09-24T00:00:00Z,136,285,93,14,47,367,3,37,0,183,0.07,0,0,0,0,0.014,0.046,0.046,0.102,0.102,0.164,0.164,0.188,0.188,0.185,0.207,0.208
020_AAAF,CRGRO048,15,15,2020-09-25T00:00:00Z,137,284,93,14,47,370,3,37,0,183,0.22,0,0,0,0,0.061,0.048,0.044,0.099,0.099,0.161,0.161,0.186,0.186,0.184,0.207,0.208
020_AAAF,CRGRO048,15,15,2020-09-26T00:00:00Z,138,281,89,14,47,370,3,37,0,183,0.19,0,0,0,0,0.039,0.048,0.043,0.097,0.097,0.159,0.159,0.185,0.184,0.183,0.207,0.208
020_AAAF,CRGRO048,15,15,2020-09-27T00:00:00Z,139,281,89,14,47,370,3,37,0,183,0.24,0,0,0,0,0.05,0.047,0.042,0.096,0.096,0.158,0.159,0.184,0.184,0.183,0.207,0.208
020_AAAF,CRGRO048,15,15,2020-09-28T00:00:00Z,140,281,90,14,47,373,3,37,0,183,0.21,0,0,0,0,0.066,0.054,0.044,0.095,0.095,0.157,0.157,0.183,0.182,0.182,0.206,0.208
020_AAAF,CRGRO048,15,15,2020-09-29T00:00:00Z,141,301,109,14,47,394,3,37,0,183,0.23,0,0,0,0,0.158,0.113,0.074,0.128,0.108,0.156,0.156,0.182,0.182,0.181,0.206,0.208
020_AAAF,CRGRO048,15,15,2020-09-30T00:00:00Z,142,297,105,14,47,394,3,37,0,183,0.2,0,0,0,0,0.078,0.071,0.055,0.117,0.117,0.174,0.174,0.194,0.181,0.181,0.206,0.208
020_AAAF,CRGRO048,15,15,2020-10-01T00:00:00Z,143,294,102,14,47,394,3,37,0,183,0.17,0,0,0,0,0.045,0.054,0.054,0.115,0.114,0.172,0.172,0.195,0.186,0.181,0.206,0.208
020_AAAF,CRGRO048,15,15,2020-10-02T00:00:00Z,144,291,99,14,47,394,3,37,0,183,0.14,0,0,0,0,0.032,0.052,0.052,0.111,0.111,0.17,0.17,0.194,0.185,0.181,0.206,0.208
020_AAAF,CRGRO048,16,16,2020-05-11T00:00:00Z,0,256,64,0,0,0,0,0,0,174,0,0,0,0,0,0.086,0.086,0.086,0.086,0.086,0.118,0.118,0.135,0.129,0.129,0.178,0.258
020_AAAF,CRGRO048,16,16,2020-05-12T00:00:00Z,1,252,61,0,7,0,1,8,0,179,0,0,0,0,0,0.064,0.086,0.079,0.13,0.1,0.118,0.118,0.135,0.129,0.129,0.178,0.228
020_AAAF,CRGRO048,16,16,2020-05-13T00:00:00Z,2,247,55,0,10,0,1,8,0,181,0,0,0,0,0,0.013,0.066,0.063,0.123,0.119,0.146,0.118,0.135,0.129,0.129,0.178,0.214
020_AAAF,CRGRO048,16,16,2020-05-14T00:00:00Z,3,246,54,0,12,0,1,8,0,182,0,0,0,0,0,0.014,0.058,0.057,0.121,0.119,0.162,0.118,0.135,0.129,0.13,0.178,0.209
020_AAAF,CRGRO048,16,16,2020-05-15T00:00:00Z,4,245,53,0,12,0,1,8,0,183,0,0,0,0,0,0.014,0.054,0.055,0.121,0.119,0.167,0.119,0.135,0.129,0.13,0.178,0.206
020_AAAF,CRGRO048,16,16,2020-05-16T00:00:00Z,5,245,53,0,12,0,1,8,0,183,0,0,0,0,0,0.014,0.054,0.055,0.121,0.119,0.167,0.119,0.135,0.129,0.13,0.178,0.206
020_AAAF,CRGRO048,16,16,2020-05-17T00:00:00Z,6,245,53,0,12,0,1,8,0,183,0,0,0,0,0,0.014,0.053,0.055,0.121,0.119,0.166,0.119,0.135,0.129,0.13,0.178,0.206
020_AAAF,CRGRO048,16,16,2020-05-18T00:00:00Z,7,245,53,0,12,0,1,8,0,183,0,0,0,0,0,0.014,0.053,0.055,0.121,0.119,0.166,0.12,0.135,0.129,0.13,0.178,0.206
020_AAAF,CRGRO048,16,16,2020-05-19T00:00:00Z,8,245,53,0,12,0,1,8,0,183,0,0,0,0,0,0.014,0.052,0.055,0.121,0.118,0.166,0.12,0.135,0.129,0.13,0.178,0.206
020_AAAF,CRGRO048,16,16,2020-05-20T00:00:00Z,9,262,70,0,12,17,1,8,0,183,0,0,0,0,0,0.167,0.09,0.068,0.134,0.127,0.176,0.12,0.135,0.129,0.131,0.178,0.206
020_AAAF,CRGRO048,16,16,2020-05-21T00:00:00Z,10,262,70,0,12,21,1,8,0,183,0,0,0,0,0,0.066,0.088,0.073,0.143,0.135,0.183,0.134,0.135,0.129,0.131,0.178,0.206
020_AAAF,CRGRO048,16,16,2020-05-22T00:00:00Z,11,261,69,0,12,23,1,8,0,183,0,0,0,0,0,0.025,0.073,0.069,0.143,0.138,0.188,0.155,0.135,0.129,0.131,0.178,0.205
020_AAAF,CRGRO048,16,16,2020-05-23T00:00:00Z,12,261,69,0,12,23,1,8,0,183,0,0,0,0,0,0.02,0.06,0.062,0.137,0.137,0.189,0.176,0.135,0.129,0.131,0.178,0.205
020_AAAF,CRGRO048,16,16,2020-05-24T00:00:00Z,13,260,69,0,12,23,1,8,0,183,0,0,0,0,0,0.014,0.055,0.056,0.126,0.126,0.18,0.176,0.152,0.129,0.131,0.178,0.205
020_AAAF,CRGRO048,16,16,2020-05-25T00:00:00Z,14,262,70,0,12,25,1,8,0,183,0,0,0,0,0,0.05,0.054,0.054,0.123,0.124,0.179,0.177,0.154,0.129,0.131,0.178,0.205
020_AAAF,CRGRO048,16,16,2020-05-26T00:00:00Z,15,263,72,0,12,28,1,8,0,183,0,0,0,0,0,0.045,0.06,0.056,0.124,0.124,0.179,0.178,0.157,0.129,0.132,0.178,0.205
020_AAAF,CRGRO048,16,16,2020-05-27T00:00:00Z,16,262,70,0,12,28,1,8,0,183,0,0,0,0,0,0.02,0.055,0.055,0.123,0.123,0.178,0.177,0.16,0.129,0.132,0.178,0.205
020_AAAF,CRGRO048,16,16,2020-05-28T00:00:00Z,17,262,70,0,12,28,1,8,0,183,0,0,0,0,0,0.014,0.054,0.055,0.121,0.121,0.176,0.175,0.163,0.129,0.132,0.178,0.205
020_AAAF,CRGRO048,16,16,2020-05-29T00:00:00Z,18,261,70,0,12,28,1,8,0,183,0,0,0,0,0,0.014,0.053,0.054,0.12,0.121,0.176,0.175,0.163,0.13,0.132,0.178,0.205
020_AAAF,CRGRO048,16,16,2020-05-30T00:00:00Z,19,261,69,0,12,28,1,8,0,183,0,0,0,0,0,0.014,0.052,0.054,0.12,0.121,0.176,0.175,0.164,0.13,0.132,0.178,0.205
020_AAAF,CRGRO048,16,16,2020-05-31T00:00:00Z,20,261,69,0,12,28,1,8,0,183,0,0,0,0,0,0.014,0.05,0.053,0.119,0.121,0.176,0.175,0.164,0.13,0.132,0.178,0.204
020_AAAF,CRGRO048,16,16,2020-06-01T00:00:00Z,21,261,69,0,12,28,1,8,0,183,0,0,0,0,0,0.014,0.049,0.052,0.118,0.12,0.176,0.174,0.164,0.13,0.133,0.178,0.204
020_AAAF,CRGRO048,16,16,2020-06-02T00:00:00Z,22,260,68,0,12,28,1,8,0,183,0,0,0,0,0,0.014,0.048,0.052,0.117,0.12,0.176,0.174,0.164,0.13,0.133,0.178,0.204
020_AAAF,CRGRO048,16,16,2020-06-03T00:00:00Z,23,260,68,0,12,28,1,8,0,183,0,0,0,0,0,0.014,0.048,0.051,0.116,0.119,0.176,0.174,0.164,0.13,0.133,0.178,0.204
020_AAAF,CRGRO048,16,16,2020-06-04T00:00:00Z,24,260,68,0,12,28,1,8,0,183,0,0,0,0,0,0.014,0.047,0.051,0.115,0.119,0.176,0.174,0.164,0.13,0.133,0.178,0.204
020_AAAF,CRGRO048,16,16,2020-06-05T00:00:00Z,25,259,67,0,12,28,1,8,0,183,0,0,0,0,0,0.014,0.046,0.05,0.114,0.118,0.176,0.174,0.164,0.13,0.133,0.178,0.204
020_AAAF,CRGRO048,16,16,2020-06-06T00:00:00Z,26,260,68,0,12,29,1,8,0,183,0,0,0,0,0,0.024,0.046,0.05,0.114,0.117,0.176,0.173,0.164,0.13,0.133,0.178,0.204
020_AAAF,CRGRO048,16,16,2020-06-07T00:00:00Z,27,269,77,0,12,39,1,8,0,183,0,0,0,0,0,0.125,0.069,0.058,0.121,0.12,0.175,0.173,0.164,0.131,0.134,0.178,0.204
020_AAAF,CRGRO048,16,16,2020-06-08T00:00:00Z,28,267,76,0,12,42,1,8,0,183,0,0,0,0,0,0.027,0.072,0.063,0.128,0.125,0.178,0.176,0.165,0.131,0.134,0.178,0.204
020_AAAF,CRGRO048,16,16,2020-06-09T00:00:00Z,29,275,83,0,12,50,1,8,0,183,0,0,0,0,0,0.105,0.074,0.065,0.134,0.129,0.181,0.179,0.168,0.131,0.134,0.178,0.203
020_AAAF,CRGRO048,16,16,2020-06-10T00:00:00Z,30,271,80,0,12,51,1,8,0,183,0,0,0,0,0,0.013,0.067,0.063,0.134,0.131,0.184,0.181,0.174,0.131,0.134,0.178,0.203
020_AAAF,CRGRO048,16,16,2020-06-11T00:00:00Z,31,273,81,0,12,53,1,8,0,183,0,0,0,0,0,0.057,0.057,0.058,0.129,0.129,0.184,0.182,0.179,0.131,0.134,0.178,0.203
020_AAAF,CRGRO048,16,16,2020-06-12T00:00:00Z,32,271,79,0,12,53,1,8,0,183,0,0,0,0,0,0.019,0.055,0.056,0.125,0.126,0.182,0.182,0.185,0.131,0.134,0.178,0.203
020_AAAF,CRGRO048,16,16,2020-06-13T00:00:00Z,33,270,78,0,12,53,1,8,0,183,0,0,0,0,0,0.014,0.053,0.055,0.118,0.119,0.177,0.177,0.192,0.132,0.135,0.178,0.203
020_AAAF,CRGRO048,16,16,2020-06-14T00:00:00Z,34,269,77,0,12,53,1,8,0,183,0,0,0,0,0,0.014,0.051,0.053,0.115,0.116,0.176,0.176,0.192,0.132,0.135,0.178,0.203
020_AAAF,CRGRO048,16,16,2020-06-15T00:00:00Z,35,267,76,0,12,53,1,8,0,183,0,0,0,0,0,0.014,0.049,0.052,0.112,0.114,0.175,0.176,0.192,0.132,0.135,0.178,0.203
020_AAAF,CRGRO048,16,16,2020-06-16T00:00:00Z,36,267,75,0,12,53,1,8,0,183,0,0,0,0,0,0.014,0.048,0.051,0.111,0.113,0.174,0.175,0.192,0.133,0.135,0.178,0.203
020_AAAF,CRGRO048,16,16,2020-06-17T00:00:00Z,37,266,74,0,12,53,1,8,0,183,0,0,0,0,0,0.014,0.047,0.05,0.109,0.111,0.173,0.175,0.191,0.133,0.135,0.178,0.203
020_AAAF,CRGRO048,16,16,2020-06-18T00:00:00Z,38,265,73,0,12,53,1,8,0,183,0,0,0,0,0,0.014,0.046,0.048,0.107,0.109,0.172,0.173,0.191,0.133,0.135,0.178,0.203
020_AAAF,CRGRO048,16,16,2020-06-19T00:00:00Z,39,264,73,0,12,54,1,8,0,183,0,0,0,0,0,0.03,0.044,0.047,0.105,0.107,0.17,0.172,0.191,0.133,0.136,0.178,0.202
020_AAAF,CRGRO048,16,16,2020-06-20T00:00:00Z,40,263,71,0,12,55,1,8,0,183,0,0,0,0,0,0.02,0.043,0.046,0.103,0.105,0.169,0.171,0.191,0.134,0.136,0.178,0.202
020_AAAF,CRGRO048,16,16,2020-06-21T00:00:00Z,41,261,70,0,12,55,1,8,0,183,0,0,0,0,0,0.014,0.042,0.045,0.102,0.103,0.167,0.169,0.19,0.134,0.136,0.178,0.202
020_AAAF,CRGRO048,16,16,2020-06-22T00:00:00Z,42,260,69,0,12,55,1,8,0,183,0,0,0,0,0,0.014,0.041,0.044,0.1,0.102,0.166,0.168,0.19,0.134,0.136,0.178,0.202
020_AAAF,CRGRO048,16,16,2020-06-23T00:00:00Z,43,259,67,0,12,55,1,8,0,183,0,0,0,0,0,0.014,0.04,0.043,0.099,0.1,0.164,0.166,0.189,0.135,0.136,0.178,0.202
020_AAAF,CRGRO048,16,16,2020-06-24T00:00:00Z,44,258,66,0,12,55,1,8,0,183,0,0,0,0,0,0.014,0.039,0.042,0.097,0.099,0.163,0.165,0.188,0.135,0.136,0.178,0.202
020_AAAF,CRGRO048,16,16,2020-06-25T00:00:00Z,45,257,65,0,12,55,1,8,0,183,0,0,0,0,0,0.014,0.038,0.041,0.096,0.098,0.161,0.163,0.188,0.135,0.136,0.178,0.202
020_AAAF,CRGRO048,16,16,2020-06-26T00:00:00Z,46,256,64,0,12,55,1,8,0,183,0,0,0,0,0,0.014,0.037,0.04,0.095,0.096,0.16,0.162,0.187,0.135,0.137,0.178,0.202
020_AAAF,CRGRO048,16,16,2020-06-27T00:00:00Z,47,267,75,0,12,55,2,19,0,183,0.01,0,0,0,0,0.144,0.067,0.054,0.094,0.095,0.159,0.161,0.186,0.136,0.137,0.178,0.202
020_AAAF,CRGRO048,16,16,2020-06-28T00:00:00Z,48,261,69,0,12,55,2,19,0,183,0.01,0,0,0,0,0.013,0.047,0.052,0.119,0.105,0.158,0.16,0.185,0.136,0.137,0.178,0.202
020_AAAF,CRGRO048,16,16,2020-06-29T00:00:00Z,49,259,67,0,12,55,2,19,0,183,0.01,0,0,0,0,0.014,0.045,0.049,0.107,0.102,0.157,0.159,0.185,0.136,0.137,0.178,0.201
020_AAAF,CRGRO048,16,16,2020-06-30T00:00:00Z,50,271,79,0,12,69,2,19,0,183,0.01,0,0,0,0,0.161,0.073,0.058,0.116,0.102,0.156,0.158,0.184,0.136,0.137,0.178,0.201
020_AAAF,CRGRO048,16,16,2020-07-01T00:00:00Z,51,266,74,0,12,69,2,19,0,183,0.01,0,0,0,0,0.024,0.054,0.053,0.115,0.118,0.174,0.162,0.183,0.136,0.137,0.178,0.201
020_AAAF,CRGRO048,16,16,2020-07-02T00:00:00Z,52,262,70,0,12,69,2,19,0,183,0.01,0,0,0,0,0.014,0.051,0.05,0.109,0.11,0.171,0.161,0.183,0.137,0.138,0.178,0.201
020_AAAF,CRGRO048,16,16,2020-07-03T00:00:00Z,53,259,67,0,12,69,2,19,0,183,0.01,0,0,0,0,0.014,0.047,0.047,0.103,0.104,0.166,0.16,0.182,0.137,0.138,0.178,0.201
020_AAAF,CRGRO048,16,16,2020-07-04T00:00:00Z,54,257,65,0,12,69,2,19,0,183,0.01,0,0,0,0,0.014,0.044,0.045,0.099,0.1,0.163,0.158,0.181,0.137,0.138,0.178,0.201
020_AAAF,CRGRO048,16,16,2020-07-05T00:00:00Z,55,260,68,0,12,74,2,19,0,183,0.02,0,0,0,0,0.079,0.053,0.045,0.097,0.097,0.16,0.157,0.18,0.137,0.138,0.178,0.201
020_AAAF,CRGRO048,16,16,2020-07-06T00:00:00Z,56,301,109,11,12,128,2,19,0,183,0.02,0,0,10.51,0,0.135,0.149,0.128,0.178,0.142,0.18,0.167,0.179,0.137,0.138,0.178,0.201
020_AAAF,CRGRO048,16,16,2020-07-07T00:00:00Z,57,307,115,11,12,137,2,19,0,183,0.02,0,0,0,0,0.137,0.117,0.107,0.191,0.166,0.203,0.187,0.188,0.138,0.138,0.178,0.201
020_AAAF,CRGRO048,16,16,2020-07-08T00:00:00Z,58,303,112,11,12,137,2,19,0,183,0.02,0,0,0,0,0.052,0.075,0.071,0.145,0.135,0.184,0.178,0.196,0.221,0.183,0.178,0.201
020_AAAF,CRGRO048,16,16,2020-07-09T00:00:00Z,59,302,110,11,12,139,2,19,0,183,0.02,0,0,0,0,0.039,0.063,0.062,0.138,0.134,0.187,0.182,0.198,0.207,0.197,0.181,0.2
020_AAAF,CRGRO048,16,16,2020-07-10T00:00:00Z,60,297,105,11,12,139,2,19,0,183,0.02,0,0,0,0,0.014,0.052,0.052,0.119,0.118,0.176,0.174,0.197,0.199,0.195,0.205,0.204
020_AAAF,CRGRO048,16,16,2020-07-11T00:00:00Z,61,292,100,11,13,139,2,19,0,183,0.02,0,0,0,0,0.014,0.049,0.05,0.108,0.108,0.171,0.17,0.194,0.195,0.195,0.205,0.205
020_AAAF,CRGRO048,16,16,2020-07-12T00:00:00Z,62,287,95,11,13,139,2,19,0,183,0.02,0,0,0,0,0.014,0.045,0.046,0.102,0.102,0.166,0.166,0.191,0.194,0.195,0.205,0.205
020_AAAF,CRGRO048,16,16,2020-07-13T00:00:00Z,63,283,91,11,13,139,2,19,0,183,0.02,0,0,0,0,0.014,0.042,0.043,0.097,0.098,0.161,0.162,0.188,0.192,0.194,0.205,0.205
020_AAAF,CRGRO048,16,16,2020-07-14T00:00:00Z,64,280,88,11,13,139,2,19,0,183,0.02,0,0,0,0,0.014,0.04,0.041,0.094,0.095,0.158,0.159,0.185,0.19,0.193,0.205,0.205
020_AAAF,CRGRO048,16,16,2020-07-15T00:00:00Z,65,277,85,11,13,139,2,19,0,183,0.02,0,0,0,0,0.014,0.038,0.039,0.092,0.092,0.155,0.156,0.183,0.188,0.191,0.205,0.205
020_AAAF,CRGRO048,16,16,2020-07-16T00:00:00Z,66,286,95,11,13,139,3,31,0,183,0.02,0,0,0,0,0.145,0.067,0.053,0.09,0.09,0.153,0.154,0.181,0.186,0.189,0.205,0.205
020_AAAF,CRGRO048,16,16,2020-07-17T00:00:00Z,67,281,89,11,13,139,3,31,0,183,0.02,0,0,0,0,0.05,0.04,0.049,0.118,0.096,0.152,0.153,0.18,0.185,0.189,0.205,0.205
020_AAAF,CRGRO048,16,16,2020-07-18T00:00:00Z,68,276,84,11,13,139,3,31,0,183,0.02,0,0,0,0,0.019,0.039,0.046,0.099,0.094,0.151,0.152,0.179,0.184,0.188,0.205,0.205
020_AAAF,CRGRO048,16,16,2020-07-19T00:00:00Z,69,273,81,11,13,139,3,31,0,183,0.02,0,0,0,0,0.014,0.037,0.042,0.095,0.092,0.15,0.15,0.177,0.183,0.186,0.205,0.205
020_AAAF,CRGRO048,16,16,2020-07-20T00:00:00Z,70,282,90,11,13,139,4,42,0,183,0.02,0,0,0,0,0.141,0.066,0.052,0.094,0.09,0.148,0.149,0.175,0.181,0.184,0.205,0.205
020_AAAF,CRGRO048,16,16,2020-07-21T00:00:00Z,71,277,85,11,13,139,4,42,0,183,0.03,0,0,0,0,0.051,0.038,0.049,0.118,0.095,0.147,0.148,0.175,0.18,0.183,0.205,0.205
020_AAAF,CRGRO048,16,16,2020-07-22T00:00:00Z,72,275,83,11,13,142,4,42,0,183,0.05,0,0,0,0,0.052,0.052,0.046,0.098,0.094,0.147,0.147,0.174,0.179,0.183,0.205,0.205
020_AAAF,CRGRO048,16,16,2020-07-23T00:00:00Z,73,273,81,11,13,144,4,42,0,183,0.05,0,0,0,0,0.053,0.05,0.047,0.094,0.091,0.146,0.146,0.173,0.178,0.181,0.205,0.205
020_AAAF,CRGRO048,16,16,2020-07-24T00:00:00Z,74,269,77,11,13,145,4,42,0,183,0.05,0,0,0,0,0.03,0.045,0.042,0.091,0.089,0.144,0.145,0.172,0.177,0.18,0.205,0.205
020_AAAF,CRGRO048,16,16,2020-07-25T00:00:00Z,75,266,74,11,13,145,4,42,0,183,0.05,0,0,0,0,0.014,0.04,0.039,0.089,0.087,0.143,0.144,0.171,0.175,0.179,0.205,0.205
020_AAAF,CRGRO048,16,16,2020-07-26T00:00:00Z,76,276,85,11,13,145,5,55,0,183,0.06,0,0,0,0,0.149,0.068,0.052,0.09,0.086,0.142,0.143,0.17,0.174,0.177,0.205,0.205
020_AAAF,CRGRO048,16,16,2020-07-27T00:00:00Z,77,271,79,11,13,145,5,55,0,183,0.05,0,0,0,0,0.057,0.035,0.048,0.118,0.092,0.142,0.143,0.169,0.173,0.177,0.204,0.205
020_AAAF,CRGRO048,16,16,2020-07-28T00:00:00Z,78,266,74,11,13,145,5,55,0,183,0.05,0,0,0,0,0.03,0.035,0.045,0.096,0.091,0.141,0.142,0.169,0.173,0.176,0.204,0.205
020_AAAF,CRGRO048,16,16,2020-07-29T00:00:00Z,79,270,78,11,13,151,5,55,0,183,0.07,0,0,0,0,0.088,0.055,0.045,0.092,0.089,0.141,0.142,0.168,0.172,0.175,0.204,0.205
020_AAAF,CRGRO048,16,16,2020-07-30T00:00:00Z,80,268,76,11,13,152,5,55,0,183,0.08,0,0,0,0,0.053,0.051,0.049,0.091,0.088,0.14,0.141,0.167,0.171,0.175,0.204,0.205
020_AAAF,CRGRO048,16,16,2020-07-31T00:00:00Z,81,264,72,11,13,152,5,55,0,183,0.07,0,0,0,0,0.032,0.043,0.042,0.088,0.086,0.14,0.14,0.166,0.17,0.174,0.204,0.205
020_AAAF,CRGRO048,16,16,2020-08-01T00:00:00Z,82,272,80,11,13,152,6,66,0,183,0.07,0,0,0,0,0.128,0.067,0.053,0.093,0.084,0.139,0.14,0.166,0.17,0.173,0.204,0.205
020_AAAF,CRGRO048,16,16,2020-08-02T00:00:00Z,83,267,75,11,13,152,6,66,0,183,0.07,0,0,0,0,0.053,0.036,0.048,0.118,0.088,0.138,0.139,0.165,0.169,0.173,0.204,0.205
020_AAAF,CRGRO048,16,16,2020-08-03T00:00:00Z,84,262,70,11,13,152,6,66,0,183,0.07,0,0,0,0,0.031,0.035,0.044,0.093,0.087,0.138,0.139,0.165,0.169,0.172,0.204,0.205
020_AAAF,CRGRO048,16,16,2020-08-04T00:00:00Z,85,260,68,11,13,152,6,66,0,183,0.1,0,0,0,0,0.027,0.034,0.04,0.089,0.086,0.137,0.138,0.164,0.168,0.171,0.204,0.205
020_AAAF,CRGRO048,16,16,2020-08-05T00:00:00Z,86,270,78,11,13,152,7,78,0,183,0.09,0,0,0,0,0.141,0.068,0.052,0.09,0.084,0.137,0.138,0.163,0.167,0.171,0.204,0.205
020_AAAF,CRGRO048,16,16,2020-08-06T00:00:00Z,87,270,78,11,13,156,7,78,0,183,0.1,0,0,0,0,0.102,0.057,0.058,0.109,0.084,0.137,0.137,0.163,0.167,0.171,0.203,0.205
020_AAAF,CRGRO048,16,16,2020-08-07T00:00:00Z,88,266,74,11,13,156,7,78,0,183,0.11,0,0,0,0,0.054,0.053,0.05,0.113,0.084,0.136,0.137,0.163,0.167,0.17,0.203,0.205
020_AAAF,CRGRO048,16,16,2020-08-08T00:00:00Z,89,263,71,11,13,156,7,78,0,183,0.1,0,0,0,0,0.039,0.048,0.046,0.1,0.083,0.136,0.137,0.163,0.166,0.17,0.203,0.205
020_AAAF,CRGRO048,16,16,2020-08-09T00:00:00Z,90,264,73,11,13,162,7,78,0,183,0.12,0,0,0,0,0.082,0.054,0.049,0.093,0.082,0.136,0.136,0.162,0.165,0.169,0.203,0.205
020_AAAF,CRGRO048,16,16,2020-08-10T00:00:00Z,91,272,80,11,13,172,7,78,0,183,0.12,0,0,0,0,0.14,0.073,0.058,0.111,0.082,0.135,0.136,0.162,0.165,0.169,0.203,0.205
020_AAAF,CRGRO048,16,16,2020-08-11T00:00:00Z,92,268,76,11,13,172,7,78,0,183,0.12,0,0,0,0,0.065,0.045,0.049,0.113,0.114,0.135,0.136,0.162,0.165,0.169,0.203,0.205
020_AAAF,CRGRO048,16,16,2020-08-12T00:00:00Z,93,274,82,11,13,182,7,78,0,183,0.14,0,0,0,0,0.131,0.071,0.057,0.114,0.109,0.135,0.136,0.162,0.165,0.169,0.203,0.205
020_AAAF,CRGRO048,16,16,2020-08-13T00:00:00Z,94,270,78,11,13,182,7,78,0,183,0.14,0,0,0,0,0.07,0.056,0.057,0.117,0.111,0.135,0.136,0.161,0.165,0.169,0.203,0.205
020_AAAF,CRGRO048,16,16,2020-08-14T00:00:00Z,95,274,82,11,13,190,7,78,0,183,0.14,0,0,0,0,0.111,0.068,0.058,0.116,0.116,0.136,0.136,0.161,0.165,0.169,0.203,0.205
020_AAAF,CRGRO048,16,16,2020-08-15T00:00:00Z,96,269,78,11,13,190,7,78,0,183,0.13,0,0,0,0,0.056,0.048,0.051,0.111,0.111,0.156,0.136,0.161,0.164,0.169,0.202,0.205
020_AAAF,CRGRO048,16,16,2020-08-16T00:00:00Z,97,265,73,11,13,190,7,78,0,183,0.12,0,0,0,0,0.036,0.046,0.046,0.101,0.101,0.154,0.136,0.161,0.164,0.169,0.202,0.205
020_AAAF,CRGRO048,16,16,2020-08-17T00:00:00Z,98,261,69,11,13,190,7,78,0,183,0.11,0,0,0,0,0.02,0.041,0.041,0.094,0.094,0.151,0.135,0.16,0.164,0.168,0.202,0.205
020_AAAF,CRGRO048,16,16,2020-08-18T00:00:00Z,99,296,104,13,13,229,7,78,0,183,0.15,0,0,2.1,0,0.161,0.149,0.096,0.146,0.122,0.158,0.135,0.16,0.163,0.167,0.202,0.205
020_AAAF,CRGRO048,16,16,2020-08-19T00:00:00Z,100,291,99,13,13,229,7,78,0,183,0.14,0,0,0,0,0.078,0.084,0.063,0.123,0.113,0.173,0.174,0.187,0.163,0.168,0.202,0.205
020_AAAF,CRGRO048,16,16,2020-08-20T00:00:00Z,101,289,97,13,13,231,7,78,0,183,0.16,0,0,0,0,0.063,0.064,0.06,0.124,0.12,0.174,0.174,0.187,0.163,0.168,0.202,0.205
020_AAAF,CRGRO048,16,16,2020-08-21T00:00:00Z,102,287,95,13,13,231,7,78,0,183,0.15,0,0,0,0,0.052,0.056,0.056,0.121,0.119,0.175,0.174,0.187,0.163,0.168,0.202,0.205
020_AAAF,CRGRO048,16,16,2020-08-22T00:00:00Z,103,286,94,13,13,232,7,78,0,183,0.16,0,0,0,0,0.055,0.055,0.054,0.119,0.118,0.176,0.173,0.187,0.163,0.168,0.202,0.205
020_AAAF,CRGRO048,16,16,2020-08-23T00:00:00Z,104,285,93,13,13,233,7,78,0,183,0.16,0,0,0,0,0.055,0.055,0.054,0.117,0.117,0.174,0.172,0.186,0.163,0.168,0.202,0.205
020_AAAF,CRGRO048,16,16,2020-08-24T00:00:00Z,105,312,120,13,13,261,7,78,0,183,0.18,0,0,0.24,0,0.162,0.144,0.089,0.149,0.133,0.182,0.177,0.189,0.163,0.168,0.201,0.205
020_AAAF,CRGRO048,16,16,2020-08-25T00:00:00Z,106,327,135,13,13,281,7,78,0,183,0.17,0,0,0.05,0,0.152,0.147,0.111,0.182,0.157,0.198,0.188,0.197,0.168,0.168,0.201,0.205
020_AAAF,CRGRO048,16,16,2020-08-26T00:00:00Z,107,324,132,13,13,281,7,78,0,183,0.18,0,0,0,0,0.087,0.097,0.091,0.178,0.164,0.209,0.198,0.203,0.19,0.168,0.201,0.205
020_AAAF,CRGRO048,16,16,2020-08-27T00:00:00Z,108,317,125,13,15,281,7,78,0,183,0.16,0,0,0,0,0.049,0.065,0.063,0.137,0.132,0.185,0.181,0.197,0.268,0.194,0.205,0.205
020_AAAF,CRGRO048,16,16,2020-08-28T00:00:00Z,109,306,114,13,22,281,7,78,0,183,0.14,0,0,0,0,0.036,0.053,0.053,0.12,0.118,0.176,0.174,0.196,0.252,0.194,0.205,0.205
020_AAAF,CRGRO048,16,16,2020-08-29T00:00:00Z,110,297,106,13,27,281,7,78,0,183,0.12,0,0,0,0,0.026,0.051,0.052,0.114,0.113,0.173,0.172,0.194,0.216,0.193,0.205,0.205
020_AAAF,CRGRO048,16,16,2020-08-30T00:00:00Z,111,331,139,15,27,320,7,78,0,183,0.19,0,0,1.9,0,0.159,0.15,0.104,0.16,0.138,0.183,0.178,0.197,0.202,0.198,0.207,0.208
020_AAAF,CRGRO048,16,16,2020-08-31T00:00:00Z,112,330,138,15,28,323,7,78,0,182,0.18,0,0,0,0,0.117,0.106,0.093,0.171,0.153,0.197,0.187,0.2,0.202,0.2,0.208,0.208
020_AAAF,CRGRO048,16,16,2020-09-01T00:00:00Z,113,319,127,15,35,323,7,78,0,182,0.16,0,0,0,0,0.063,0.069,0.064,0.135,0.128,0.181,0.177,0.196,0.269,0.199,0.208,0.208
020_AAAF,CRGRO048,16,16,2020-09-02T00:00:00Z,114,307,115,15,42,323,7,78,0,182,0.14,0,0,0,0,0.043,0.054,0.053,0.12,0.117,0.174,0.175,0.195,0.248,0.198,0.208,0.208
020_AAAF,CRGRO048,16,16,2020-09-03T00:00:00Z,115,297,105,15,49,323,7,78,0,183,0.12,0,0,0,0,0.028,0.051,0.051,0.111,0.11,0.171,0.171,0.193,0.214,0.195,0.206,0.206
020_AAAF,CRGRO048,16,16,2020-09-04T00:00:00Z,116,290,98,15,50,323,7,78,0,183,0.11,0,0,0,0,0.014,0.048,0.049,0.105,0.105,0.167,0.168,0.191,0.2,0.193,0.206,0.206
020_AAAF,CRGRO048,16,16,2020-09-05T00:00:00Z,117,285,93,15,51,323,7,78,0,183,0.09,0,0,0,0,0.014,0.045,0.046,0.1,0.1,0.163,0.164,0.188,0.193,0.191,0.206,0.206
020_AAAF,CRGRO048,16,16,2020-09-06T00:00:00Z,118,282,90,15,51,323,7,78,0,183,0.08,0,0,0,0,0.014,0.043,0.044,0.098,0.098,0.161,0.161,0.186,0.19,0.189,0.206,0.206
020_AAAF,CRGRO048,16,16,2020-09-07T00:00:00Z,119,279,87,15,51,323,7,78,0,183,0.07,0,0,0,0,0.014,0.041,0.042,0.095,0.095,0.158,0.158,0.183,0.187,0.186,0.206,0.206
020_AAAF,CRGRO048,16,16,2020-09-08T00:00:00Z,120,275,83,15,51,323,7,78,0,183,0.06,0,0,0,0,0.014,0.038,0.039,0.092,0.093,0.155,0.155,0.181,0.184,0.184,0.206,0.206
020_AAAF,CRGRO048,16,16,2020-09-09T00:00:00Z,121,296,104,15,51,333,8,90,0,183,0.2,0,0,0,0,0.167,0.105,0.068,0.121,0.096,0.153,0.154,0.18,0.182,0.182,0.206,0.206
020_AAAF,CRGRO048,16,16,2020-09-10T00:00:00Z,122,304,112,15,51,344,8,90,0,183,0.18,0,0,0,0,0.158,0.112,0.08,0.143,0.126,0.162,0.154,0.179,0.182,0.182,0.206,0.206
020_AAAF,CRGRO048,16,16,2020-09-11T00:00:00Z,123,304,112,15,51,346,8,90,0,183,0.2,0,0,0,0,0.11,0.088,0.075,0.148,0.136,0.181,0.163,0.179,0.182,0.182,0.206,0.206
020_AAAF,CRGRO048,16,16,2020-09-12T00:00:00Z,124,301,109,15,51,346,8,90,0,183,0.2,0,0,0,0,0.069,0.069,0.065,0.141,0.136,0.186,0.177,0.182,0.181,0.182,0.206,0.206
020_AAAF,CRGRO048,16,16,2020-09-13T00:00:00Z,125,299,107,15,51,347,8,90,0,183,0.21,0,0,0,0,0.057,0.059,0.059,0.133,0.132,0.186,0.181,0.188,0.181,0.182,0.206,0.206
020_AAAF,CRGRO048,16,16,2020-09-14T00:00:00Z,126,297,105,15,51,348,8,90,0,183,0.2,0,0,0,0,0.053,0.055,0.055,0.123,0.124,0.182,0.18,0.193,0.181,0.182,0.206,0.206
020_AAAF,CRGRO048,16,16,2020-09-15T00:00:00Z,127,298,106,15,51,350,8,90,0,183,0.22,0,0,0,0,0.071,0.059,0.056,0.121,0.121,0.179,0.178,0.197,0.181,0.182,0.206,0.206
020_AAAF,CRGRO048,16,16,2020-09-16T00:00:00Z,128,307,115,15,51,360,8,90,0,183,0.22,0,0,0,0,0.15,0.078,0.064,0.129,0.125,0.179,0.178,0.197,0.186,0.182,0.206,0.206
020_AAAF,CRGRO048,16,16,2020-09-17T00:00:00Z,129,311,119,15,51,367,8,90,0,183,0.19,0,0,0,0,0.149,0.084,0.069,0.136,0.129,0.182,0.179,0.198,0.192,0.182,0.206,0.206
020_AAAF,CRGRO048,16,16,2020-09-18T00:00:00Z,130,305,113,15,56,367,8,90,0,183,0.17,0,0,0,0,0.087,0.064,0.058,0.124,0.121,0.176,0.175,0.197,0.203,0.194,0.205,0.206
020_AAAF,CRGRO048,16,16,2020-09-19T00:00:00Z,131,300,108,15,59,367,8,90,0,183,0.15,0,0,0,0,0.06,0.055,0.054,0.118,0.119,0.175,0.174,0.197,0.197,0.194,0.205,0.206
020_AAAF,CRGRO048,16,16,2020-09-20T00:00:00Z,132,297,106,15,59,367,8,90,0,183,0.13,0,0,0,0,0.05,0.054,0.053,0.116,0.116,0.174,0.173,0.196,0.195,0.194,0.205,0.206
020_AAAF,CRGRO048,16,16,2020-09-21T00:00:00Z,133,294,102,15,59,367,8,90,0,183,0.11,0,0,0,0,0.039,0.052,0.051,0.111,0.111,0.172,0.171,0.194,0.194,0.193,0.205,0.206
020_AAAF,CRGRO048,16,16,2020-09-22T00:00:00Z,134,291,99,15,59,367,8,90,0,183,0.1,0,0,0,0,0.029,0.05,0.05,0.107,0.107,0.169,0.169,0.193,0.192,0.191,0.205,0.206
020_AAAF,CRGRO048,16,16,2020-09-23T00:00:00Z,135,289,97,15,59,367,8,90,0,183,0.08,0,0,0,0,0.023,0.048,0.048,0.105,0.105,0.167,0.167,0.191,0.191,0.19,0.205,0.206
020_AAAF,CRGRO048,16,16,2020-09-24T00:00:00Z,136,286,94,15,59,367,8,90,0,183,0.07,0,0,0,0,0.015,0.046,0.047,0.103,0.103,0.165,0.165,0.19,0.189,0.189,0.205,0.206
020_AAAF,CRGRO048,16,16,2020-09-25T00:00:00Z,137,286,94,15,59,370,8,90,0,183,0.22,0,0,0,0,0.061,0.049,0.045,0.1,0.1,0.162,0.162,0.187,0.187,0.187,0.205,0.206
020_AAAF,CRGRO048,16,16,2020-09-26T00:00:00Z,138,282,90,15,59,370,8,90,0,183,0.19,0,0,0,0,0.042,0.049,0.043,0.097,0.098,0.16,0.16,0.186,0.186,0.186,0.205,0.206
020_AAAF,CRGRO048,16,16,2020-09-27T00:00:00Z,139,282,90,15,59,370,8,90,0,183,0.24,0,0,0,0,0.052,0.049,0.043,0.097,0.097,0.159,0.16,0.185,0.185,0.185,0.205,0.206
020_AAAF,CRGRO048,16,16,2020-09-28T00:00:00Z,140,282,91,15,59,373,8,90,0,183,0.21,0,0,0,0,0.07,0.055,0.046,0.095,0.096,0.157,0.158,0.183,0.184,0.184,0.205,0.206
020_AAAF,CRGRO048,16,16,2020-09-29T00:00:00Z,141,302,110,15,59,394,8,90,0,183,0.23,0,0,0,0,0.157,0.115,0.075,0.129,0.11,0.157,0.157,0.183,0.183,0.184,0.205,0.206
020_AAAF,CRGRO048,16,16,2020-09-30T00:00:00Z,142,298,106,15,59,394,8,90,0,183,0.2,0,0,0,0,0.081,0.071,0.055,0.117,0.117,0.174,0.174,0.196,0.186,0.183,0.205,0.206
020_AAAF,CRGRO048,16,16,2020-10-01T00:00:00Z,143,295,103,15,59,394,8,90,0,183,0.17,0,0,0,0,0.05,0.054,0.054,0.115,0.115,0.172,0.172,0.195,0.194,0.183,0.205,0.206
020_AAAF,CRGRO048,16,16,2020-10-02T00:00:00Z,144,292,100,15,59,394,8,90,0,183,0.15,0,0,0,0,0.041,0.052,0.052,0.11,0.11,0.17,0.17,0.193,0.192,0.183,0.205,0.206
020_AAAF,CRGRO048,16,16,2020-10-03T00:00:00Z,145,290,98,15,59,394,8,90,0,183,0.12,0,0,0,0,0.034,0.051,0.051,0.108,0.108,0.168,0.168,0.192,0.191,0.183,0.205,0.206
020_AAAF,CRGRO048,17,17,2020-05-11T00:00:00Z,0,256,64,0,0,0,0,0,0,174,0,0,0,0,0,0.086,0.086,0.086,0.086,0.086,0.118,0.118,0.135,0.129,0.129,0.178,0.258
020_AAAF,CRGRO048,17,17,2020-05-12T00:00:00Z,1,252,61,0,7,0,1,8,0,179,0,0,0,0,0,0.064,0.086,0.079,0.13,0.1,0.118,0.118,0.135,0.129,0.129,0.178,0.228
020_AAAF,CRGRO048,17,17,2020-05-13T00:00:00Z,2,247,55,0,10,0,1,8,0,181,0,0,0,0,0,0.013,0.066,0.063,0.123,0.119,0.146,0.118,0.135,0.129,0.129,0.178,0.214
020_AAAF,CRGRO048,17,17,2020-05-14T00:00:00Z,3,246,54,0,12,0,1,8,0,182,0,0,0,0,0,0.014,0.058,0.057,0.121,0.119,0.162,0.118,0.135,0.129,0.13,0.178,0.209
020_AAAF,CRGRO048,17,17,2020-05-15T00:00:00Z,4,245,53,0,12,0,1,8,0,183,0,0,0,0,0,0.014,0.054,0.055,0.121,0.119,0.167,0.119,0.135,0.129,0.13,0.178,0.206
020_AAAF,CRGRO048,17,17,2020-05-16T00:00:00Z,5,245,53,0,12,0,1,8,0,183,0,0,0,0,0,0.014,0.054,0.055,0.121,0.119,0.167,0.119,0.135,0.129,0.13,0.178,0.206
020_AAAF,CRGRO048,17,17,2020-05-17T00:00:00Z,6,245,53,0,12,0,1,8,0,183,0,0,0,0,0,0.014,0.053,0.055,0.121,0.119,0.166,0.119,0.135,0.129,0.13,0.178,0.206
020_AAAF,CRGRO048,17,17,2020-05-18T00:00:00Z,7,245,53,0,12,0,1,8,0,183,0,0,0,0,0,0.014,0.053,0.055,0.121,0.119,0.166,0.12,0.135,0.129,0.13,0.178,0.206
020_AAAF,CRGRO048,17,17,2020-05-19T00:00:00Z,8,245,53,0,12,0,1,8,0,183,0,0,0,0,0,0.014,0.052,0.055,0.121,0.118,0.166,0.12,0.135,0.129,0.13,0.178,0.206
020_AAAF,CRGRO048,17,17,2020-05-20T00:00:00Z,9,262,70,0,12,17,1,8,0,183,0,0,0,0,0,0.167,0.09,0.068,0.134,0.127,0.176,0.12,0.135,0.129,0.131,0.178,0.206
020_AAAF,CRGRO048,17,17,2020-05-21T00:00:00Z,10,262,70,0,12,21,1,8,0,183,0,0,0,0,0,0.066,0.088,0.073,0.143,0.135,0.183,0.134,0.135,0.129,0.131,0.178,0.206
020_AAAF,CRGRO048,17,17,2020-05-22T00:00:00Z,11,261,69,0,12,23,1,8,0,183,0,0,0,0,0,0.025,0.073,0.069,0.143,0.138,0.188,0.155,0.135,0.129,0.131,0.178,0.205
020_AAAF,CRGRO048,17,17,2020-05-23T00:00:00Z,12,261,69,0,12,23,1,8,0,183,0,0,0,0,0,0.02,0.06,0.062,0.137,0.137,0.189,0.176,0.135,0.129,0.131,0.178,0.205
020_AAAF,CRGRO048,17,17,2020-05-24T00:00:00Z,13,260,69,0,12,23,1,8,0,183,0,0,0,0,0,0.014,0.055,0.056,0.126,0.126,0.18,0.176,0.152,0.129,0.131,0.178,0.205
020_AAAF,CRGRO048,17,17,2020-05-25T00:00:00Z,14,262,70,0,12,25,1,8,0,183,0,0,0,0,0,0.05,0.054,0.054,0.123,0.124,0.179,0.177,0.154,0.129,0.131,0.178,0.205
020_AAAF,CRGRO048,17,17,2020-05-26T00:00:00Z,15,263,72,0,12,28,1,8,0,183,0,0,0,0,0,0.045,0.06,0.056,0.124,0.124,0.179,0.178,0.157,0.129,0.132,0.178,0.205
020_AAAF,CRGRO048,17,17,2020-05-27T00:00:00Z,16,262,70,0,12,28,1,8,0,183,0,0,0,0,0,0.02,0.055,0.055,0.123,0.123,0.178,0.177,0.16,0.129,0.132,0.178,0.205
020_AAAF,CRGRO048,17,17,2020-05-28T00:00:00Z,17,262,70,0,12,28,1,8,0,183,0,0,0,0,0,0.014,0.054,0.055,0.121,0.121,0.176,0.175,0.163,0.129,0.132,0.178,0.205
020_AAAF,CRGRO048,17,17,2020-05-29T00:00:00Z,18,261,70,0,12,28,1,8,0,183,0,0,0,0,0,0.014,0.053,0.054,0.12,0.121,0.176,0.175,0.163,0.13,0.132,0.178,0.205
020_AAAF,CRGRO048,17,17,2020-05-30T00:00:00Z,19,261,69,0,12,28,1,8,0,183,0,0,0,0,0,0.014,0.052,0.054,0.12,0.121,0.176,0.175,0.164,0.13,0.132,0.178,0.205
020_AAAF,CRGRO048,17,17,2020-05-31T00:00:00Z,20,261,69,0,12,28,1,8,0,183,0,0,0,0,0,0.014,0.05,0.053,0.119,0.121,0.176,0.175,0.164,0.13,0.132,0.178,0.204
020_AAAF,CRGRO048,17,17,2020-06-01T00:00:00Z,21,261,69,0,12,28,1,8,0,183,0,0,0,0,0,0.014,0.049,0.052,0.118,0.12,0.176,0.174,0.164,0.13,0.133,0.178,0.204
020_AAAF,CRGRO048,17,17,2020-06-02T00:00:00Z,22,260,68,0,12,28,1,8,0,183,0,0,0,0,0,0.014,0.048,0.052,0.117,0.12,0.176,0.174,0.164,0.13,0.133,0.178,0.204
020_AAAF,CRGRO048,17,17,2020-06-03T00:00:00Z,23,260,68,0,12,28,1,8,0,183,0,0,0,0,0,0.014,0.048,0.051,0.116,0.119,0.176,0.174,0.164,0.13,0.133,0.178,0.204
020_AAAF,CRGRO048,17,17,2020-06-04T00:00:00Z,24,260,68,0,12,28,1,8,0,183,0,0,0,0,0,0.014,0.047,0.051,0.115,0.119,0.176,0.174,0.164,0.13,0.133,0.178,0.204
020_AAAF,CRGRO048,17,17,2020-06-05T00:00:00Z,25,259,67,0,12,28,1,8,0,183,0,0,0,0,0,0.014,0.046,0.05,0.114,0.118,0.176,0.174,0.164,0.13,0.133,0.178,0.204
020_AAAF,CRGRO048,17,17,2020-06-06T00:00:00Z,26,260,68,0,12,29,1,8,0,183,0,0,0,0,0,0.024,0.046,0.05,0.114,0.117,0.176,0.173,0.164,0.13,0.133,0.178,0.204
020_AAAF,CRGRO048,17,17,2020-06-07T00:00:00Z,27,269,77,0,12,39,1,8,0,183,0,0,0,0,0,0.125,0.069,0.058,0.121,0.12,0.175,0.173,0.164,0.131,0.134,0.178,0.204
020_AAAF,CRGRO048,17,17,2020-06-08T00:00:00Z,28,267,76,0,12,42,1,8,0,183,0,0,0,0,0,0.027,0.072,0.063,0.128,0.125,0.178,0.176,0.165,0.131,0.134,0.178,0.204
020_AAAF,CRGRO048,17,17,2020-06-09T00:00:00Z,29,275,83,0,12,50,1,8,0,183,0,0,0,0,0,0.105,0.074,0.065,0.134,0.129,0.181,0.179,0.168,0.131,0.134,0.178,0.203
020_AAAF,CRGRO048,17,17,2020-06-10T00:00:00Z,30,271,80,0,12,51,1,8,0,183,0,0,0,0,0,0.013,0.067,0.063,0.134,0.131,0.184,0.181,0.174,0.131,0.134,0.178,0.203
020_AAAF,CRGRO048,17,17,2020-06-11T00:00:00Z,31,273,81,0,12,53,1,8,0,183,0,0,0,0,0,0.057,0.057,0.058,0.129,0.129,0.184,0.182,0.179,0.131,0.134,0.178,0.203
020_AAAF,CRGRO048,17,17,2020-06-12T00:00:00Z,32,271,79,0,12,53,1,8,0,183,0,0,0,0,0,0.019,0.055,0.056,0.125,0.126,0.182,0.182,0.185,0.131,0.134,0.178,0.203
020_AAAF,CRGRO048,17,17,2020-06-13T00:00:00Z,33,270,78,0,12,53,1,8,0,183,0,0,0,0,0,0.014,0.053,0.055,0.118,0.119,0.177,0.177,0.192,0.132,0.135,0.178,0.203
020_AAAF,CRGRO048,17,17,2020-06-14T00:00:00Z,34,269,77,0,12,53,1,8,0,183,0,0,0,0,0,0.014,0.051,0.053,0.115,0.116,0.176,0.176,0.192,0.132,0.135,0.178,0.203
020_AAAF,CRGRO048,17,17,2020-06-15T00:00:00Z,35,267,76,0,12,53,1,8,0,183,0,0,0,0,0,0.014,0.049,0.052,0.112,0.114,0.175,0.176,0.192,0.132,0.135,0.178,0.203
020_AAAF,CRGRO048,17,17,2020-06-16T00:00:00Z,36,267,75,0,12,53,1,8,0,183,0,0,0,0,0,0.014,0.048,0.051,0.111,0.113,0.174,0.175,0.192,0.133,0.135,0.178,0.203
020_AAAF,CRGRO048,17,17,2020-06-17T00:00:00Z,37,266,74,0,12,53,1,8,0,183,0,0,0,0,0,0.014,0.047,0.05,0.109,0.111,0.173,0.175,0.191,0.133,0.135,0.178,0.203
020_AAAF,CRGRO048,17,17,2020-06-18T00:00:00Z,38,265,73,0,12,53,1,8,0,183,0,0,0,0,0,0.014,0.046,0.048,0.107,0.109,0.172,0.173,0.191,0.133,0.135,0.178,0.203
020_AAAF,CRGRO048,17,17,2020-06-19T00:00:00Z,39,264,73,0,12,54,1,8,0,183,0,0,0,0,0,0.03,0.044,0.047,0.105,0.107,0.17,0.172,0.191,0.133,0.136,0.178,0.202
020_AAAF,CRGRO048,17,17,2020-06-20T00:00:00Z,40,263,71,0,12,55,1,8,0,183,0,0,0,0,0,0.02,0.043,0.046,0.103,0.105,0.169,0.171,0.191,0.134,0.136,0.178,0.202
020_AAAF,CRGRO048,17,17,2020-06-21T00:00:00Z,41,270,78,0,12,55,2,16,0,183,0,0,0,0,0,0.113,0.063,0.054,0.105,0.103,0.167,0.169,0.19,0.134,0.136,0.178,0.202
020_AAAF,CRGRO048,17,17,2020-06-22T00:00:00Z,42,265,74,0,12,55,2,16,0,183,0,0,0,0,0,0.013,0.05,0.051,0.117,0.112,0.166,0.168,0.19,0.134,0.136,0.178,0.202
020_AAAF,CRGRO048,17,17,2020-06-23T00:00:00Z,43,264,72,0,12,55,2,16,0,183,0,0,0,0,0,0.014,0.048,0.05,0.111,0.109,0.165,0.167,0.189,0.135,0.136,0.178,0.202
020_AAAF,CRGRO048,17,17,2020-06-24T00:00:00Z,44,262,70,0,12,55,2,16,0,183,0,0,0,0,0,0.014,0.046,0.048,0.107,0.106,0.164,0.166,0.189,0.135,0.136,0.178,0.202
020_AAAF,CRGRO048,17,17,2020-06-25T00:00:00Z,45,261,69,0,12,55,2,16,0,183,0,0,0,0,0,0.014,0.044,0.046,0.104,0.104,0.163,0.164,0.188,0.135,0.136,0.178,0.202
020_AAAF,CRGRO048,17,17,2020-06-26T00:00:00Z,46,268,76,0,12,55,3,25,0,183,0,0,0,0,0,0.117,0.063,0.053,0.106,0.101,0.161,0.163,0.187,0.135,0.137,0.178,0.202
020_AAAF,CRGRO048,17,17,2020-06-27T00:00:00Z,47,263,71,0,12,55,3,25,0,183,0.01,0,0,0,0,0.013,0.058,0.056,0.115,0.1,0.16,0.162,0.187,0.136,0.137,0.178,0.202
020_AAAF,CRGRO048,17,17,2020-06-28T00:00:00Z,48,261,69,0,12,55,3,25,0,183,0.01,0,0,0,0,0.014,0.048,0.051,0.11,0.099,0.159,0.161,0.186,0.136,0.137,0.178,0.202
020_AAAF,CRGRO048,17,17,2020-06-29T00:00:00Z,49,258,67,0,12,55,3,25,0,183,0.01,0,0,0,0,0.014,0.046,0.048,0.104,0.097,0.158,0.16,0.185,0.136,0.137,0.178,0.201
020_AAAF,CRGRO048,17,17,2020-06-30T00:00:00Z,50,279,88,0,12,69,4,34,0,183,0.01,0,0,0,0,0.167,0.108,0.071,0.128,0.114,0.157,0.158,0.184,0.136,0.137,0.178,0.201
020_AAAF,CRGRO048,17,17,2020-07-01T00:00:00Z,51,274,82,0,12,69,4,34,0,183,0.01,0,0,0,0,0.036,0.07,0.055,0.118,0.117,0.174,0.174,0.196,0.142,0.137,0.178,0.201
020_AAAF,CRGRO048,17,17,2020-07-02T00:00:00Z,52,270,78,0,12,69,4,34,0,183,0.01,0,0,0,0,0.014,0.05,0.053,0.113,0.114,0.172,0.172,0.195,0.146,0.138,0.178,0.201
020_AAAF,CRGRO048,17,17,2020-07-03T00:00:00Z,53,266,74,0,12,69,4,34,0,183,0.01,0,0,0,0,0.014,0.047,0.05,0.106,0.107,0.168,0.169,0.193,0.146,0.138,0.178,0.201
020_AAAF,CRGRO048,17,17,2020-07-04T00:00:00Z,54,263,71,0,12,69,4,34,0,183,0.01,0,0,0,0,0.014,0.044,0.046,0.101,0.102,0.164,0.165,0.19,0.146,0.138,0.178,0.201
020_AAAF,CRGRO048,17,17,2020-07-05T00:00:00Z,55,274,82,0,12,74,5,44,0,183,0.01,0,0,0,0,0.164,0.073,0.057,0.112,0.098,0.161,0.162,0.188,0.146,0.138,0.178,0.201
020_AAAF,CRGRO048,17,17,2020-07-06T00:00:00Z,56,313,121,13,12,128,5,44,0,183,0.02,0,0,12.8,0,0.143,0.146,0.143,0.196,0.154,0.188,0.177,0.19,0.146,0.138,0.178,0.201
020_AAAF,CRGRO048,17,17,2020-07-07T00:00:00Z,57,319,127,13,12,137,5,44,0,183,0.02,0,0,0,0,0.144,0.117,0.113,0.204,0.178,0.212,0.196,0.199,0.157,0.138,0.178,0.201
020_AAAF,CRGRO048,17,17,2020-07-08T00:00:00Z,58,316,124,13,12,137,5,44,0,183,0.02,0,0,0,0,0.062,0.075,0.073,0.15,0.14,0.188,0.181,0.197,0.282,0.184,0.178,0.201
020_AAAF,CRGRO048,17,17,2020-07-09T00:00:00Z,59,314,122,13,12,139,5,44,0,183,0.02,0,0,0,0,0.051,0.064,0.063,0.14,0.137,0.19,0.185,0.199,0.245,0.208,0.192,0.2
020_AAAF,CRGRO048,17,17,2020-07-10T00:00:00Z,60,306,114,13,15,139,5,44,0,183,0.02,0,0,0,0,0.018,0.053,0.053,0.121,0.12,0.178,0.176,0.196,0.24,0.208,0.205,0.205
020_AAAF,CRGRO048,17,17,2020-07-11T00:00:00Z,61,295,103,13,21,139,5,44,0,183,0.02,0,0,0,0,0.014,0.049,0.05,0.109,0.108,0.17,0.172,0.194,0.211,0.199,0.205,0.205
020_AAAF,CRGRO048,17,17,2020-07-12T00:00:00Z,62,288,96,13,23,139,5,44,0,183,0.02,0,0,0,0,0.014,0.046,0.047,0.102,0.102,0.165,0.166,0.191,0.199,0.196,0.205,0.205
020_AAAF,CRGRO048,17,17,2020-07-13T00:00:00Z,63,293,101,13,23,139,6,53,0,183,0.02,0,0,0,0,0.118,0.062,0.052,0.102,0.097,0.161,0.162,0.187,0.193,0.195,0.207,0.205
020_AAAF,CRGRO048,17,17,2020-07-14T00:00:00Z,64,286,95,13,23,139,6,53,0,183,0.02,0,0,0,0,0.038,0.043,0.049,0.115,0.102,0.159,0.159,0.186,0.191,0.194,0.207,0.205
020_AAAF,CRGRO048,17,17,2020-07-15T00:00:00Z,65,282,90,13,23,139,6,53,0,183,0.02,0,0,0,0,0.019,0.041,0.046,0.103,0.099,0.157,0.158,0.184,0.19,0.193,0.207,0.205
020_AAAF,CRGRO048,17,17,2020-07-16T00:00:00Z,66,288,96,13,23,139,7,62,0,183,0.02,0,0,0,0,0.119,0.063,0.051,0.101,0.095,0.155,0.155,0.182,0.187,0.191,0.207,0.205
020_AAAF,CRGRO048,17,17,2020-07-17T00:00:00Z,67,283,91,13,23,139,7,62,0,183,0.02,0,0,0,0,0.046,0.042,0.049,0.116,0.099,0.153,0.154,0.181,0.186,0.19,0.207,0.205
020_AAAF,CRGRO048,17,17,2020-07-18T00:00:00Z,68,278,86,13,23,139,7,62,0,183,0.02,0,0,0,0,0.025,0.04,0.045,0.098,0.096,0.152,0.153,0.179,0.185,0.189,0.207,0.205
020_AAAF,CRGRO048,17,17,2020-07-19T00:00:00Z,69,284,92,13,23,139,8,72,0,183,0.02,0,0,0,0,0.12,0.064,0.052,0.099,0.093,0.15,0.151,0.178,0.183,0.187,0.207,0.205
020_AAAF,CRGRO048,17,17,2020-07-20T00:00:00Z,70,279,87,13,23,139,8,72,0,183,0.02,0,0,0,0,0.049,0.04,0.049,0.116,0.096,0.149,0.15,0.177,0.182,0.186,0.207,0.205
020_AAAF,CRGRO048,17,17,2020-07-21T00:00:00Z,71,273,82,13,23,139,8,72,0,183,0.02,0,0,0,0,0.028,0.038,0.045,0.095,0.094,0.148,0.149,0.176,0.18,0.185,0.207,0.205
020_AAAF,CRGRO048,17,17,2020-07-22T00:00:00Z,72,283,92,13,23,142,9,82,0,183,0.05,0,0,0,0,0.149,0.071,0.054,0.102,0.091,0.147,0.148,0.174,0.179,0.183,0.207,0.205
020_AAAF,CRGRO048,17,17,2020-07-23T00:00:00Z,73,282,90,13,23,144,9,82,0,183,0.05,0,0,0,0,0.098,0.06,0.059,0.118,0.093,0.147,0.147,0.174,0.178,0.183,0.207,0.205
020_AAAF,CRGRO048,17,17,2020-07-24T00:00:00Z,74,277,86,13,23,145,9,82,0,183,0.05,0,0,0,0,0.053,0.054,0.052,0.11,0.099,0.146,0.147,0.173,0.178,0.182,0.207,0.205
020_AAAF,CRGRO048,17,17,2020-07-25T00:00:00Z,75,274,82,13,23,145,9,82,0,183,0.05,0,0,0,0,0.039,0.048,0.048,0.102,0.096,0.146,0.146,0.173,0.177,0.181,0.206,0.205
020_AAAF,CRGRO048,17,17,2020-07-26T00:00:00Z,76,269,78,13,23,145,9,82,0,183,0.05,0,0,0,0,0.022,0.042,0.042,0.095,0.093,0.145,0.145,0.172,0.176,0.18,0.206,0.205
020_AAAF,CRGRO048,17,17,2020-07-27T00:00:00Z,77,277,85,13,23,145,10,93,0,183,0.05,0,0,0,0,0.129,0.065,0.052,0.096,0.09,0.144,0.144,0.17,0.174,0.179,0.206,0.205
020_AAAF,CRGRO048,17,17,2020-07-28T00:00:00Z,78,273,81,13,23,145,10,93,0,183,0.05,0,0,0,0,0.058,0.038,0.049,0.117,0.093,0.143,0.144,0.17,0.174,0.178,0.206,0.205
020_AAAF,CRGRO048,17,17,2020-07-29T00:00:00Z,79,276,85,13,23,151,10,93,0,183,0.08,0,0,0,0,0.101,0.061,0.052,0.109,0.093,0.143,0.143,0.17,0.173,0.178,0.206,0.205
020_AAAF,CRGRO048,17,17,2020-07-30T00:00:00Z,80,274,82,13,23,152,10,93,0,183,0.08,0,0,0,0,0.066,0.055,0.053,0.112,0.092,0.143,0.143,0.169,0.173,0.177,0.206,0.205
020_AAAF,CRGRO048,17,17,2020-07-31T00:00:00Z,81,270,78,13,23,152,10,93,0,183,0.07,0,0,0,0,0.036,0.049,0.048,0.106,0.091,0.142,0.143,0.169,0.172,0.177,0.206,0.205
020_AAAF,CRGRO048,17,17,2020-08-01T00:00:00Z,82,274,82,13,23,152,11,101,0,183,0.07,0,0,0,0,0.108,0.061,0.051,0.103,0.089,0.141,0.142,0.168,0.171,0.176,0.206,0.205
020_AAAF,CRGRO048,17,17,2020-08-02T00:00:00Z,83,269,77,13,23,152,11,101,0,183,0.07,0,0,0,0,0.044,0.04,0.048,0.114,0.089,0.141,0.141,0.167,0.171,0.175,0.206,0.205
020_AAAF,CRGRO048,17,17,2020-08-03T00:00:00Z,84,264,72,13,23,152,11,101,0,183,0.07,0,0,0,0,0.03,0.038,0.043,0.091,0.088,0.14,0.141,0.167,0.17,0.174,0.206,0.205
020_AAAF,CRGRO048,17,17,2020-08-04T00:00:00Z,85,274,82,13,23,152,12,113,0,183,0.1,0,0,0,0,0.141,0.068,0.052,0.095,0.086,0.139,0.14,0.166,0.169,0.173,0.206,0.205
020_AAAF,CRGRO048,17,17,2020-08-05T00:00:00Z,86,268,77,13,23,152,12,113,0,183,0.1,0,0,0,0,0.061,0.035,0.048,0.117,0.094,0.139,0.14,0.166,0.169,0.173,0.205,0.205
020_AAAF,CRGRO048,17,17,2020-08-06T00:00:00Z,87,268,76,13,23,156,12,113,0,183,0.11,0,0,0,0,0.071,0.054,0.046,0.097,0.093,0.139,0.139,0.165,0.168,0.173,0.205,0.205
020_AAAF,CRGRO048,17,17,2020-08-07T00:00:00Z,88,264,72,13,23,156,12,113,0,183,0.11,0,0,0,0,0.033,0.047,0.045,0.094,0.091,0.138,0.139,0.165,0.168,0.172,0.205,0.205
020_AAAF,CRGRO048,17,17,2020-08-08T00:00:00Z,89,271,79,13,23,156,13,123,0,183,0.11,0,0,0,0,0.126,0.064,0.052,0.098,0.088,0.138,0.138,0.164,0.167,0.171,0.205,0.205
020_AAAF,CRGRO048,17,17,2020-08-09T00:00:00Z,90,273,81,13,23,162,13,123,0,183,0.12,0,0,0,0,0.114,0.062,0.058,0.116,0.087,0.137,0.138,0.164,0.166,0.171,0.205,0.205
020_AAAF,CRGRO048,17,17,2020-08-10T00:00:00Z,91,281,89,13,23,172,13,123,0,183,0.13,0,0,0,0,0.155,0.081,0.065,0.125,0.105,0.137,0.138,0.164,0.166,0.171,0.205,0.205
020_AAAF,CRGRO048,17,17,2020-08-11T00:00:00Z,92,276,84,13,23,172,13,123,0,183,0.12,0,0,0,0,0.077,0.054,0.049,0.112,0.117,0.174,0.14,0.163,0.166,0.171,0.205,0.205
020_AAAF,CRGRO048,17,17,2020-08-12T00:00:00Z,93,283,91,13,23,182,13,123,0,183,0.14,0,0,0,0,0.14,0.074,0.06,0.119,0.112,0.172,0.14,0.163,0.166,0.171,0.205,0.205
020_AAAF,CRGRO048,17,17,2020-08-13T00:00:00Z,94,279,87,13,23,182,13,123,0,183,0.14,0,0,0,0,0.079,0.061,0.058,0.119,0.117,0.172,0.14,0.163,0.166,0.171,0.204,0.205
020_AAAF,CRGRO048,17,17,2020-08-14T00:00:00Z,95,282,91,13,23,190,13,123,0,183,0.14,0,0,0,0,0.12,0.07,0.06,0.121,0.117,0.173,0.143,0.163,0.166,0.171,0.204,0.205
020_AAAF,CRGRO048,17,17,2020-08-15T00:00:00Z,96,278,86,13,23,190,13,123,0,183,0.13,0,0,0,0,0.064,0.051,0.051,0.112,0.112,0.171,0.169,0.163,0.166,0.171,0.204,0.205
020_AAAF,CRGRO048,17,17,2020-08-16T00:00:00Z,97,274,82,13,23,190,13,123,0,183,0.12,0,0,0,0,0.039,0.05,0.049,0.104,0.104,0.166,0.165,0.163,0.165,0.171,0.204,0.205
020_AAAF,CRGRO048,17,17,2020-08-17T00:00:00Z,98,269,77,13,23,190,13,123,0,183,0.11,0,0,0,0,0.028,0.044,0.044,0.097,0.098,0.161,0.16,0.163,0.165,0.17,0.204,0.205
020_AAAF,CRGRO048,17,17,2020-08-18T00:00:00Z,99,311,119,15,23,229,14,132,0,183,0.15,0,0,2.21,0,0.157,0.148,0.123,0.172,0.137,0.176,0.165,0.162,0.164,0.17,0.204,0.205
020_AAAF,CRGRO048,17,17,2020-08-19T00:00:00Z,100,307,115,15,23,229,14,132,0,183,0.14,0,0,0,0,0.08,0.084,0.074,0.133,0.12,0.173,0.173,0.196,0.194,0.194,0.205,0.205
020_AAAF,CRGRO048,17,17,2020-08-20T00:00:00Z,101,304,112,15,23,231,14,132,0,183,0.16,0,0,0,0,0.067,0.066,0.064,0.134,0.125,0.178,0.175,0.197,0.193,0.193,0.205,0.205
020_AAAF,CRGRO048,17,17,2020-08-21T00:00:00Z,102,302,110,15,23,231,14,132,0,183,0.16,0,0,0,0,0.055,0.057,0.058,0.128,0.125,0.179,0.177,0.197,0.195,0.195,0.205,0.205
020_AAAF,CRGRO048,17,17,2020-08-22T00:00:00Z,103,302,110,15,23,232,14,132,0,183,0.17,0,0,0,0,0.058,0.056,0.055,0.123,0.123,0.178,0.177,0.197,0.196,0.195,0.206,0.205
020_AAAF,CRGRO048,17,17,2020-08-23T00:00:00Z,104,301,109,15,23,233,14,132,0,183,0.16,0,0,0,0,0.058,0.055,0.054,0.12,0.12,0.176,0.176,0.197,0.196,0.195,0.206,0.207
020_AAAF,CRGRO048,17,17,2020-08-24T00:00:00Z,105,327,135,15,24,261,14,132,0,183,0.17,0,0,0.27,0,0.163,0.145,0.09,0.151,0.135,0.184,0.18,0.198,0.197,0.196,0.206,0.207
020_AAAF,CRGRO048,17,17,2020-08-25T00:00:00Z,106,341,150,15,25,281,14,132,0,183,0.16,0,0,0.07,0,0.155,0.147,0.112,0.184,0.159,0.2,0.19,0.201,0.201,0.198,0.208,0.207
020_AAAF,CRGRO048,17,17,2020-08-26T00:00:00Z,107,337,145,15,26,281,14,132,0,182,0.17,0,0,0,0,0.091,0.098,0.092,0.179,0.166,0.211,0.2,0.204,0.207,0.203,0.21,0.209
020_AAAF,CRGRO048,17,17,2020-08-27T00:00:00Z,108,325,133,15,33,281,14,132,0,182,0.15,0,0,0,0,0.054,0.065,0.063,0.138,0.132,0.186,0.182,0.198,0.292,0.202,0.21,0.209
020_AAAF,CRGRO048,17,17,2020-08-28T00:00:00Z,109,313,122,15,40,281,14,132,0,182,0.14,0,0,0,0,0.043,0.053,0.053,0.121,0.119,0.176,0.174,0.196,0.277,0.201,0.21,0.209
020_AAAF,CRGRO048,17,17,2020-08-29T00:00:00Z,110,303,111,15,48,281,14,132,0,182,0.12,0,0,0,0,0.036,0.051,0.052,0.114,0.113,0.173,0.172,0.195,0.228,0.201,0.21,0.209
020_AAAF,CRGRO048,17,17,2020-08-30T00:00:00Z,111,335,143,17,50,320,14,132,0,182,0.18,0,0,2.01,0,0.161,0.151,0.105,0.16,0.138,0.184,0.178,0.196,0.208,0.204,0.211,0.21
020_AAAF,CRGRO048,17,17,2020-08-31T00:00:00Z,112,333,141,17,52,323,14,132,0,182,0.18,0,0,0,0,0.12,0.106,0.093,0.171,0.153,0.197,0.188,0.199,0.204,0.203,0.211,0.211
020_AAAF,CRGRO048,17,17,2020-09-01T00:00:00Z,113,321,129,17,59,323,14,132,0,182,0.16,0,0,0,0,0.066,0.069,0.064,0.135,0.128,0.181,0.177,0.196,0.271,0.203,0.211,0.211
020_AAAF,CRGRO048,17,17,2020-09-02T00:00:00Z,114,310,118,17,66,323,14,132,0,182,0.14,0,0,0,0,0.045,0.054,0.053,0.12,0.117,0.174,0.175,0.195,0.251,0.202,0.211,0.211
020_AAAF,CRGRO048,17,17,2020-09-03T00:00:00Z,115,298,106,17,73,323,14,132,0,182,0.12,0,0,0,0,0.035,0.051,0.051,0.11,0.11,0.171,0.171,0.193,0.215,0.196,0.208,0.209
020_AAAF,CRGRO048,17,17,2020-09-04T00:00:00Z,116,291,99,17,76,323,14,132,0,183,0.11,0,0,0,0,0.024,0.048,0.048,0.104,0.105,0.167,0.167,0.191,0.2,0.194,0.208,0.207
020_AAAF,CRGRO048,17,17,2020-09-05T00:00:00Z,117,286,94,17,76,323,14,132,0,183,0.09,0,0,0,0,0.014,0.045,0.046,0.1,0.1,0.163,0.164,0.188,0.193,0.191,0.208,0.207
020_AAAF,CRGRO048,17,17,2020-09-06T00:00:00Z,118,292,100,17,76,323,15,142,0,183,0.08,0,0,0,0,0.122,0.064,0.053,0.103,0.098,0.161,0.161,0.186,0.19,0.189,0.208,0.207
020_AAAF,CRGRO048,17,17,2020-09-07T00:00:00Z,119,288,96,17,76,323,15,142,0,183,0.07,0,0,0,0,0.063,0.047,0.05,0.117,0.107,0.159,0.16,0.185,0.189,0.188,0.208,0.207
020_AAAF,CRGRO048,17,17,2020-09-08T00:00:00Z,120,285,93,17,76,323,15,142,0,183,0.06,0,0,0,0,0.043,0.049,0.048,0.107,0.104,0.158,0.159,0.184,0.187,0.187,0.207,0.207
020_AAAF,CRGRO048,17,17,2020-09-09T00:00:00Z,121,294,102,17,76,333,15,142,0,183,0.2,0,0,0,0,0.141,0.071,0.058,0.118,0.102,0.157,0.158,0.183,0.186,0.186,0.207,0.207
020_AAAF,CRGRO048,17,17,2020-09-10T00:00:00Z,122,302,110,17,76,344,15,142,0,183,0.19,0,0,0,0,0.157,0.092,0.071,0.131,0.121,0.16,0.157,0.182,0.186,0.186,0.207,0.207
020_AAAF,CRGRO048,17,17,2020-09-11T00:00:00Z,123,301,110,17,76,346,15,142,0,183,0.2,0,0,0,0,0.111,0.08,0.069,0.138,0.128,0.176,0.16,0.182,0.185,0.186,0.207,0.207
020_AAAF,CRGRO048,17,17,2020-09-12T00:00:00Z,124,298,106,17,76,346,15,142,0,183,0.2,0,0,0,0,0.071,0.066,0.061,0.133,0.128,0.18,0.171,0.182,0.185,0.185,0.207,0.207
020_AAAF,CRGRO048,17,17,2020-09-13T00:00:00Z,125,297,105,17,76,347,15,142,0,183,0.21,0,0,0,0,0.058,0.058,0.058,0.127,0.126,0.18,0.176,0.184,0.185,0.185,0.207,0.207
020_AAAF,CRGRO048,17,17,2020-09-14T00:00:00Z,126,295,103,17,76,348,15,142,0,183,0.2,0,0,0,0,0.055,0.055,0.055,0.12,0.12,0.177,0.176,0.187,0.184,0.185,0.207,0.207
020_AAAF,CRGRO048,17,17,2020-09-15T00:00:00Z,127,296,104,17,76,350,15,142,0,183,0.22,0,0,0,0,0.073,0.059,0.055,0.119,0.118,0.175,0.175,0.188,0.184,0.185,0.207,0.207
020_AAAF,CRGRO048,17,17,2020-09-16T00:00:00Z,128,305,113,17,76,360,15,142,0,183,0.21,0,0,0,0,0.151,0.078,0.064,0.128,0.123,0.177,0.176,0.189,0.184,0.185,0.207,0.207
020_AAAF,CRGRO048,17,17,2020-09-17T00:00:00Z,129,309,117,17,76,367,15,142,0,183,0.19,0,0,0,0,0.15,0.084,0.068,0.135,0.128,0.18,0.178,0.193,0.184,0.185,0.207,0.207
020_AAAF,CRGRO048,17,17,2020-09-18T00:00:00Z,130,303,111,17,81,367,15,142,0,183,0.18,0,0,0,0,0.088,0.064,0.057,0.124,0.121,0.176,0.175,0.196,0.194,0.194,0.207,0.207
020_AAAF,CRGRO048,17,17,2020-09-19T00:00:00Z,131,299,107,17,83,367,15,142,0,183,0.16,0,0,0,0,0.061,0.055,0.054,0.118,0.118,0.175,0.174,0.195,0.194,0.194,0.207,0.207
020_AAAF,CRGRO048,17,17,2020-09-20T00:00:00Z,132,297,105,17,83,367,15,142,0,183,0.14,0,0,0,0,0.051,0.054,0.053,0.116,0.116,0.173,0.173,0.195,0.193,0.193,0.207,0.207
020_AAAF,CRGRO048,17,17,2020-09-21T00:00:00Z,133,294,102,17,83,367,15,142,0,183,0.13,0,0,0,0,0.042,0.052,0.051,0.111,0.111,0.171,0.17,0.193,0.192,0.192,0.207,0.207
020_AAAF,CRGRO048,17,17,2020-09-22T00:00:00Z,134,290,99,17,83,367,15,142,0,183,0.11,0,0,0,0,0.034,0.05,0.049,0.107,0.107,0.168,0.168,0.191,0.19,0.191,0.207,0.207
020_AAAF,CRGRO048,17,17,2020-09-23T00:00:00Z,135,288,96,17,83,367,15,142,0,183,0.09,0,0,0,0,0.029,0.048,0.048,0.104,0.105,0.166,0.166,0.19,0.189,0.19,0.207,0.207
020_AAAF,CRGRO048,17,17,2020-09-24T00:00:00Z,136,285,94,17,83,367,15,142,0,183,0.08,0,0,0,0,0.023,0.046,0.046,0.102,0.102,0.164,0.164,0.188,0.188,0.189,0.207,0.207
020_AAAF,CRGRO048,17,17,2020-09-25T00:00:00Z,137,294,102,17,83,370,16,150,0,183,0.21,0,0,0,0,0.138,0.07,0.056,0.11,0.099,0.161,0.162,0.186,0.186,0.187,0.207,0.207
020_AAAF,CRGRO048,17,17,2020-09-26T00:00:00Z,138,291,99,17,83,370,16,150,0,183,0.19,0,0,0,0,0.073,0.05,0.051,0.116,0.118,0.167,0.161,0.186,0.185,0.186,0.207,0.207
020_AAAF,CRGRO048,17,17,2020-09-27T00:00:00Z,139,290,98,17,83,370,16,150,0,183,0.23,0,0,0,0,0.065,0.055,0.053,0.114,0.116,0.166,0.161,0.185,0.185,0.186,0.207,0.207
020_AAAF,CRGRO048,17,17,2020-09-28T00:00:00Z,140,291,99,17,83,373,16,150,0,183,0.21,0,0,0,0,0.075,0.059,0.055,0.118,0.111,0.165,0.16,0.185,0.184,0.186,0.207,0.207
020_AAAF,CRGRO048,17,17,2020-09-29T00:00:00Z,141,310,118,17,83,394,16,150,0,183,0.22,0,0,0,0,0.16,0.118,0.079,0.14,0.127,0.175,0.162,0.184,0.184,0.185,0.207,0.207
020_AAAF,CRGRO048,17,17,2020-09-30T00:00:00Z,142,303,111,17,87,394,16,150,0,183,0.19,0,0,0,0,0.084,0.074,0.058,0.122,0.117,0.173,0.174,0.196,0.194,0.194,0.207,0.207
020_AAAF,CRGRO048,17,17,2020-10-01T00:00:00Z,143,297,105,17,89,394,16,150,0,183,0.17,0,0,0,0,0.053,0.056,0.053,0.115,0.115,0.172,0.172,0.195,0.193,0.193,0.207,0.207
020_AAAF,CRGRO048,17,17,2020-10-02T00:00:00Z,144,294,102,17,89,394,16,150,0,183,0.14,0,0,0,0,0.045,0.054,0.051,0.111,0.111,0.17,0.17,0.194,0.192,0.192,0.207,0.207
020_AAAF,CRGRO048,17,17,2020-10-03T00:00:00Z,145,292,100,17,89,394,16,150,0,183,0.12,0,0,0,0,0.04,0.052,0.05,0.108,0.108,0.169,0.169,0.192,0.191,0.191,0.207,0.207
020_AAAF,CRGRO048,18,18,2020-05-11T00:00:00Z,0,256,64,0,0,0,0,0,0,174,0,0,0,0,0,0.086,0.086,0.086,0.086,0.086,0.118,0.118,0.135,0.129,0.129,0.178,0.258
020_AAAF,CRGRO048,18,18,2020-05-12T00:00:00Z,1,252,61,0,7,0,1,8,0,179,0,0,0,0,0,0.064,0.086,0.079,0.13,0.1,0.118,0.118,0.135,0.129,0.129,0.178,0.228
020_AAAF,CRGRO048,18,18,2020-05-13T00:00:00Z,2,247,55,0,10,0,1,8,0,181,0,0,0,0,0,0.013,0.066,0.063,0.123,0.119,0.146,0.118,0.135,0.129,0.129,0.178,0.214
020_AAAF,CRGRO048,18,18,2020-05-14T00:00:00Z,3,246,54,0,12,0,1,8,0,182,0,0,0,0,0,0.014,0.058,0.057,0.121,0.119,0.162,0.118,0.135,0.129,0.13,0.178,0.209
020_AAAF,CRGRO048,18,18,2020-05-15T00:00:00Z,4,245,53,0,12,0,1,8,0,183,0,0,0,0,0,0.014,0.054,0.055,0.121,0.119,0.167,0.119,0.135,0.129,0.13,0.178,0.206
020_AAAF,CRGRO048,18,18,2020-05-16T00:00:00Z,5,245,53,0,12,0,1,8,0,183,0,0,0,0,0,0.014,0.054,0.055,0.121,0.119,0.167,0.119,0.135,0.129,0.13,0.178,0.206
020_AAAF,CRGRO048,18,18,2020-05-17T00:00:00Z,6,245,53,0,12,0,1,8,0,183,0,0,0,0,0,0.014,0.053,0.055,0.121,0.119,0.166,0.119,0.135,0.129,0.13,0.178,0.206
020_AAAF,CRGRO048,18,18,2020-05-18T00:00:00Z,7,245,53,0,12,0,1,8,0,183,0,0,0,0,0,0.014,0.053,0.055,0.121,0.119,0.166,0.12,0.135,0.129,0.13,0.178,0.206
020_AAAF,CRGRO048,18,18,2020-05-19T00:00:00Z,8,245,53,0,12,0,1,8,0,183,0,0,0,0,0,0.014,0.052,0.055,0.121,0.118,0.166,0.12,0.135,0.129,0.13,0.178,0.206
020_AAAF,CRGRO048,18,18,2020-05-20T00:00:00Z,9,262,70,0,12,17,1,8,0,183,0,0,0,0,0,0.167,0.09,0.068,0.134,0.127,0.176,0.12,0.135,0.129,0.131,0.178,0.206
020_AAAF,CRGRO048,18,18,2020-05-21T00:00:00Z,10,262,70,0,12,21,1,8,0,183,0,0,0,0,0,0.066,0.088,0.073,0.143,0.135,0.183,0.134,0.135,0.129,0.131,0.178,0.206
020_AAAF,CRGRO048,18,18,2020-05-22T00:00:00Z,11,261,69,0,12,23,1,8,0,183,0,0,0,0,0,0.025,0.073,0.069,0.143,0.138,0.188,0.155,0.135,0.129,0.131,0.178,0.205
020_AAAF,CRGRO048,18,18,2020-05-23T00:00:00Z,12,261,69,0,12,23,1,8,0,183,0,0,0,0,0,0.02,0.06,0.062,0.137,0.137,0.189,0.176,0.135,0.129,0.131,0.178,0.205
020_AAAF,CRGRO048,18,18,2020-05-24T00:00:00Z,13,260,69,0,12,23,1,8,0,183,0,0,0,0,0,0.014,0.055,0.056,0.126,0.126,0.18,0.176,0.152,0.129,0.131,0.178,0.205
020_AAAF,CRGRO048,18,18,2020-05-25T00:00:00Z,14,262,70,0,12,25,1,8,0,183,0,0,0,0,0,0.05,0.054,0.054,0.123,0.124,0.179,0.177,0.154,0.129,0.131,0.178,0.205
020_AAAF,CRGRO048,18,18,2020-05-26T00:00:00Z,15,263,72,0,12,28,1,8,0,183,0,0,0,0,0,0.045,0.06,0.056,0.124,0.124,0.179,0.178,0.157,0.129,0.132,0.178,0.205
020_AAAF,CRGRO048,18,18,2020-05-27T00:00:00Z,16,262,70,0,12,28,1,8,0,183,0,0,0,0,0,0.02,0.055,0.055,0.123,0.123,0.178,0.177,0.16,0.129,0.132,0.178,0.205
020_AAAF,CRGRO048,18,18,2020-05-28T00:00:00Z,17,262,70,0,12,28,1,8,0,183,0,0,0,0,0,0.014,0.054,0.055,0.121,0.121,0.176,0.175,0.163,0.129,0.132,0.178,0.205
020_AAAF,CRGRO048,18,18,2020-05-29T00:00:00Z,18,261,70,0,12,28,1,8,0,183,0,0,0,0,0,0.014,0.053,0.054,0.12,0.121,0.176,0.175,0.163,0.13,0.132,0.178,0.205
020_AAAF,CRGRO048,18,18,2020-05-30T00:00:00Z,19,261,69,0,12,28,1,8,0,183,0,0,0,0,0,0.014,0.052,0.054,0.12,0.121,0.176,0.175,0.164,0.13,0.132,0.178,0.205
020_AAAF,CRGRO048,18,18,2020-05-31T00:00:00Z,20,261,69,0,12,28,1,8,0,183,0,0,0,0,0,0.014,0.05,0.053,0.119,0.121,0.176,0.175,0.164,0.13,0.132,0.178,0.204
020_AAAF,CRGRO048,18,18,2020-06-01T00:00:00Z,21,261,69,0,12,28,1,8,0,183,0,0,0,0,0,0.014,0.049,0.052,0.118,0.12,0.176,0.174,0.164,0.13,0.133,0.178,0.204
020_AAAF,CRGRO048,18,18,2020-06-02T00:00:00Z,22,260,68,0,12,28,1,8,0,183,0,0,0,0,0,0.014,0.048,0.052,0.117,0.12,0.176,0.174,0.164,0.13,0.133,0.178,0.204
020_AAAF,CRGRO048,18,18,2020-06-03T00:00:00Z,23,260,68,0,12,28,1,8,0,183,0,0,0,0,0,0.014,0.048,0.051,0.116,0.119,0.176,0.174,0.164,0.13,0.133,0.178,0.204
020_AAAF,CRGRO048,18,18,2020-06-04T00:00:00Z,24,260,68,0,12,28,1,8,0,183,0,0,0,0,0,0.014,0.047,0.051,0.115,0.119,0.176,0.174,0.164,0.13,0.133,0.178,0.204
020_AAAF,CRGRO048,18,18,2020-06-05T00:00:00Z,25,259,67,0,12,28,1,8,0,183,0,0,0,0,0,0.014,0.046,0.05,0.114,0.118,0.176,0.174,0.164,0.13,0.133,0.178,0.204
020_AAAF,CRGRO048,18,18,2020-06-06T00:00:00Z,26,260,68,0,12,29,1,8,0,183,0,0,0,0,0,0.024,0.046,0.05,0.114,0.117,0.176,0.173,0.164,0.13,0.133,0.178,0.204
020_AAAF,CRGRO048,18,18,2020-06-07T00:00:00Z,27,269,77,0,12,39,1,8,0,183,0,0,0,0,0,0.125,0.069,0.058,0.121,0.12,0.175,0.173,0.164,0.131,0.134,0.178,0.204
020_AAAF,CRGRO048,18,18,2020-06-08T00:00:00Z,28,267,76,0,12,42,1,8,0,183,0,0,0,0,0,0.027,0.072,0.063,0.128,0.125,0.178,0.176,0.165,0.131,0.134,0.178,0.204
020_AAAF,CRGRO048,18,18,2020-06-09T00:00:00Z,29,275,83,0,12,50,1,8,0,183,0,0,0,0,0,0.105,0.074,0.065,0.134,0.129,0.181,0.179,0.168,0.131,0.134,0.178,0.203
020_AAAF,CRGRO048,18,18,2020-06-10T00:00:00Z,30,271,80,0,12,51,1,8,0,183,0,0,0,0,0,0.013,0.067,0.063,0.134,0.131,0.184,0.181,0.174,0.131,0.134,0.178,0.203
020_AAAF,CRGRO048,18,18,2020-06-11T00:00:00Z,31,273,81,0,12,53,1,8,0,183,0,0,0,0,0,0.057,0.057,0.058,0.129,0.129,0.184,0.182,0.179,0.131,0.134,0.178,0.203
020_AAAF,CRGRO048,18,18,2020-06-12T00:00:00Z,32,271,79,0,12,53,1,8,0,183,0,0,0,0,0,0.019,0.055,0.056,0.125,0.126,0.182,0.182,0.185,0.131,0.134,0.178,0.203
020_AAAF,CRGRO048,18,18,2020-06-13T00:00:00Z,33,270,78,0,12,53,1,8,0,183,0,0,0,0,0,0.014,0.053,0.055,0.118,0.119,0.177,0.177,0.192,0.132,0.135,0.178,0.203
020_AAAF,CRGRO048,18,18,2020-06-14T00:00:00Z,34,269,77,0,12,53,1,8,0,183,0,0,0,0,0,0.014,0.051,0.053,0.115,0.116,0.176,0.176,0.192,0.132,0.135,0.178,0.203
020_AAAF,CRGRO048,18,18,2020-06-15T00:00:00Z,35,267,76,0,12,53,1,8,0,183,0,0,0,0,0,0.014,0.049,0.052,0.112,0.114,0.175,0.176,0.192,0.132,0.135,0.178,0.203
020_AAAF,CRGRO048,18,18,2020-06-16T00:00:00Z,36,267,75,0,12,53,1,8,0,183,0,0,0,0,0,0.014,0.048,0.051,0.111,0.113,0.174,0.175,0.192,0.133,0.135,0.178,0.203
020_AAAF,CRGRO048,18,18,2020-06-17T00:00:00Z,37,266,74,0,12,53,1,8,0,183,0,0,0,0,0,0.014,0.047,0.05,0.109,0.111,0.173,0.175,0.191,0.133,0.135,0.178,0.203
020_AAAF,CRGRO048,18,18,2020-06-18T00:00:00Z,38,265,73,0,12,53,1,8,0,183,0,0,0,0,0,0.014,0.046,0.048,0.107,0.109,0.172,0.173,0.191,0.133,0.135,0.178,0.203
020_AAAF,CRGRO048,18,18,2020-06-19T00:00:00Z,39,264,73,0,12,54,1,8,0,183,0,0,0,0,0,0.03,0.044,0.047,0.105,0.107,0.17,0.172,0.191,0.133,0.136,0.178,0.202
020_AAAF,CRGRO048,18,18,2020-06-20T00:00:00Z,40,263,71,0,12,55,1,8,0,183,0,0,0,0,0,0.02,0.043,0.046,0.103,0.105,0.169,0.171,0.191,0.134,0.136,0.178,0.202
020_AAAF,CRGRO048,18,18,2020-06-21T00:00:00Z,41,261,70,0,12,55,1,8,0,183,0,0,0,0,0,0.014,0.042,0.045,0.102,0.103,0.167,0.169,0.19,0.134,0.136,0.178,0.202
020_AAAF,CRGRO048,18,18,2020-06-22T00:00:00Z,42,260,69,0,12,55,1,8,0,183,0,0,0,0,0,0.014,0.041,0.044,0.1,0.102,0.166,0.168,0.19,0.134,0.136,0.178,0.202
020_AAAF,CRGRO048,18,18,2020-06-23T00:00:00Z,43,259,67,0,12,55,1,8,0,183,0,0,0,0,0,0.014,0.04,0.043,0.099,0.1,0.164,0.166,0.189,0.135,0.136,0.178,0.202
020_AAAF,CRGRO048,18,18,2020-06-24T00:00:00Z,44,258,66,0,12,55,1,8,0,183,0,0,0,0,0,0.014,0.039,0.042,0.097,0.099,0.163,0.165,0.188,0.135,0.136,0.178,0.202
020_AAAF,CRGRO048,18,18,2020-06-25T00:00:00Z,45,257,65,0,12,55,1,8,0,183,0,0,0,0,0,0.014,0.038,0.041,0.096,0.098,0.161,0.163,0.188,0.135,0.136,0.178,0.202
020_AAAF,CRGRO048,18,18,2020-06-26T00:00:00Z,46,256,64,0,12,55,1,8,0,183,0,0,0,0,0,0.014,0.037,0.04,0.095,0.096,0.16,0.162,0.187,0.135,0.137,0.178,0.202
020_AAAF,CRGRO048,18,18,2020-06-27T00:00:00Z,47,256,64,0,12,55,1,8,0,183,0.01,0,0,0,0,0.024,0.036,0.039,0.094,0.095,0.159,0.161,0.186,0.136,0.137,0.178,0.202
020_AAAF,CRGRO048,18,18,2020-06-28T00:00:00Z,48,254,62,0,12,55,1,8,0,183,0.01,0,0,0,0,0.014,0.036,0.038,0.093,0.094,0.157,0.159,0.185,0.136,0.137,0.178,0.202
020_AAAF,CRGRO048,18,18,2020-06-29T00:00:00Z,49,253,61,0,12,55,1,8,0,183,0.01,0,0,0,0,0.014,0.035,0.037,0.092,0.093,0.156,0.158,0.184,0.136,0.137,0.178,0.201
020_AAAF,CRGRO048,18,18,2020-06-30T00:00:00Z,50,266,74,0,12,69,1,8,0,183,0.01,0,0,0,0,0.161,0.07,0.055,0.091,0.092,0.155,0.157,0.183,0.136,0.137,0.178,0.201
020_AAAF,CRGRO048,18,18,2020-07-01T00:00:00Z,51,261,69,0,12,69,1,8,0,183,0.01,0,0,0,0,0.014,0.052,0.053,0.119,0.105,0.155,0.157,0.183,0.136,0.137,0.178,0.201
020_AAAF,CRGRO048,18,18,2020-07-02T00:00:00Z,52,258,67,0,12,69,1,8,0,183,0.01,0,0,0,0,0.014,0.049,0.05,0.108,0.103,0.154,0.156,0.182,0.137,0.138,0.178,0.201
020_AAAF,CRGRO048,18,18,2020-07-03T00:00:00Z,53,256,64,0,12,69,1,8,0,183,0.01,0,0,0,0,0.014,0.046,0.047,0.102,0.1,0.153,0.155,0.181,0.137,0.138,0.178,0.201
020_AAAF,CRGRO048,18,18,2020-07-04T00:00:00Z,54,254,63,0,12,69,1,8,0,183,0.01,0,0,0,0,0.014,0.043,0.044,0.099,0.097,0.152,0.154,0.18,0.137,0.138,0.178,0.201
020_AAAF,CRGRO048,18,18,2020-07-05T00:00:00Z,55,258,66,0,12,74,1,8,0,183,0.02,0,0,0,0,0.079,0.053,0.045,0.096,0.095,0.151,0.153,0.179,0.137,0.138,0.178,0.201
020_AAAF,CRGRO048,18,18,2020-07-06T00:00:00Z,56,299,107,10,12,128,1,8,0,183,0.02,0,0,10.46,0,0.13,0.149,0.128,0.178,0.141,0.177,0.157,0.178,0.137,0.138,0.178,0.201
020_AAAF,CRGRO048,18,18,2020-07-07T00:00:00Z,57,305,113,10,12,137,1,8,0,183,0.02,0,0,0,0,0.132,0.116,0.107,0.191,0.166,0.201,0.183,0.185,0.138,0.138,0.178,0.201
020_AAAF,CRGRO048,18,18,2020-07-08T00:00:00Z,58,301,109,10,12,137,1,8,0,183,0.02,0,0,0,0,0.043,0.075,0.072,0.145,0.135,0.184,0.176,0.196,0.209,0.183,0.178,0.201
020_AAAF,CRGRO048,18,18,2020-07-09T00:00:00Z,59,300,108,10,12,139,1,8,0,183,0.02,0,0,0,0,0.04,0.062,0.062,0.137,0.134,0.186,0.181,0.198,0.202,0.196,0.178,0.2
020_AAAF,CRGRO048,18,18,2020-07-10T00:00:00Z,60,295,103,10,12,139,1,8,0,183,0.02,0,0,0,0,0.014,0.052,0.053,0.12,0.119,0.176,0.174,0.197,0.197,0.195,0.201,0.2
020_AAAF,CRGRO048,18,18,2020-07-11T00:00:00Z,61,291,99,10,12,139,1,8,0,183,0.02,0,0,0,0,0.014,0.05,0.05,0.109,0.11,0.172,0.171,0.195,0.195,0.195,0.203,0.2
020_AAAF,CRGRO048,18,18,2020-07-12T00:00:00Z,62,287,95,10,12,139,1,8,0,183,0.02,0,0,0,0,0.014,0.046,0.047,0.103,0.104,0.167,0.167,0.192,0.194,0.195,0.203,0.2
020_AAAF,CRGRO048,18,18,2020-07-13T00:00:00Z,63,283,91,10,12,139,1,8,0,183,0.02,0,0,0,0,0.014,0.043,0.044,0.099,0.099,0.163,0.163,0.189,0.192,0.194,0.203,0.2
020_AAAF,CRGRO048,18,18,2020-07-14T00:00:00Z,64,279,87,10,12,139,1,8,0,183,0.02,0,0,0,0,0.014,0.04,0.042,0.095,0.096,0.159,0.159,0.186,0.191,0.193,0.203,0.2
020_AAAF,CRGRO048,18,18,2020-07-15T00:00:00Z,65,276,84,10,12,139,1,8,0,183,0.02,0,0,0,0,0.014,0.038,0.04,0.093,0.093,0.156,0.157,0.184,0.189,0.192,0.203,0.2
020_AAAF,CRGRO048,18,18,2020-07-16T00:00:00Z,66,274,82,10,12,139,1,8,0,183,0.02,0,0,0,0,0.014,0.037,0.038,0.091,0.091,0.154,0.155,0.181,0.187,0.19,0.203,0.2
020_AAAF,CRGRO048,18,18,2020-07-17T00:00:00Z,67,271,80,10,12,139,1,8,0,183,0.02,0,0,0,0,0.014,0.035,0.036,0.089,0.09,0.152,0.153,0.18,0.185,0.188,0.203,0.2
020_AAAF,CRGRO048,18,18,2020-07-18T00:00:00Z,68,269,77,10,12,139,1,8,0,183,0.02,0,0,0,0,0.014,0.034,0.035,0.087,0.088,0.15,0.151,0.178,0.183,0.186,0.202,0.2
020_AAAF,CRGRO048,18,18,2020-07-19T00:00:00Z,69,267,75,10,12,139,1,8,0,183,0.02,0,0,0,0,0.014,0.033,0.034,0.086,0.087,0.149,0.15,0.176,0.182,0.185,0.202,0.2
020_AAAF,CRGRO048,18,18,2020-07-20T00:00:00Z,70,266,74,10,12,139,1,8,0,183,0.02,0,0,0,0,0.014,0.032,0.033,0.085,0.085,0.147,0.148,0.175,0.18,0.183,0.202,0.2
020_AAAF,CRGRO048,18,18,2020-07-21T00:00:00Z,71,264,72,10,12,139,1,8,0,183,0.03,0,0,0,0,0.014,0.031,0.032,0.084,0.084,0.146,0.147,0.174,0.178,0.182,0.202,0.2
020_AAAF,CRGRO048,18,18,2020-07-22T00:00:00Z,72,265,73,10,12,142,1,8,0,183,0.05,0,0,0,0,0.06,0.034,0.031,0.083,0.083,0.145,0.146,0.172,0.177,0.18,0.202,0.2
020_AAAF,CRGRO048,18,18,2020-07-23T00:00:00Z,73,264,73,10,12,144,1,8,0,183,0.05,0,0,0,0,0.043,0.049,0.03,0.082,0.082,0.144,0.145,0.171,0.176,0.179,0.202,0.201
020_AAAF,CRGRO048,18,18,2020-07-24T00:00:00Z,74,261,70,10,12,145,1,8,0,183,0.06,0,0,0,0,0.019,0.042,0.03,0.081,0.082,0.143,0.144,0.17,0.175,0.178,0.202,0.201
020_AAAF,CRGRO048,18,18,2020-07-25T00:00:00Z,75,260,68,10,12,145,1,8,0,183,0.06,0,0,0,0,0.014,0.039,0.029,0.08,0.081,0.142,0.143,0.169,0.174,0.177,0.202,0.201
020_AAAF,CRGRO048,18,18,2020-07-26T00:00:00Z,76,258,66,10,12,145,1,8,0,183,0.06,0,0,0,0,0.014,0.036,0.028,0.079,0.08,0.141,0.142,0.168,0.173,0.176,0.202,0.201
020_AAAF,CRGRO048,18,18,2020-07-27T00:00:00Z,77,257,65,10,12,145,1,8,0,183,0.06,0,0,0,0,0.014,0.034,0.028,0.079,0.079,0.14,0.141,0.167,0.172,0.175,0.202,0.201
020_AAAF,CRGRO048,18,18,2020-07-28T00:00:00Z,78,277,85,10,12,145,2,28,0,183,0.06,0,0,0,0,0.167,0.096,0.06,0.095,0.079,0.139,0.14,0.167,0.171,0.174,0.202,0.201
020_AAAF,CRGRO048,18,18,2020-07-29T00:00:00Z,79,280,88,10,12,151,2,28,0,183,0.09,0,0,0,0,0.139,0.088,0.069,0.127,0.09,0.139,0.14,0.167,0.171,0.174,0.202,0.201
020_AAAF,CRGRO048,18,18,2020-07-30T00:00:00Z,80,278,86,10,12,152,2,28,0,183,0.09,0,0,0,0,0.073,0.073,0.064,0.132,0.115,0.139,0.14,0.166,0.17,0.174,0.202,0.201
020_AAAF,CRGRO048,18,18,2020-07-31T00:00:00Z,81,274,82,10,12,152,2,28,0,183,0.09,0,0,0,0,0.026,0.055,0.053,0.118,0.115,0.165,0.14,0.166,0.17,0.174,0.201,0.201
020_AAAF,CRGRO048,18,18,2020-08-01T00:00:00Z,82,269,77,10,12,152,2,28,0,183,0.08,0,0,0,0,0.014,0.05,0.049,0.104,0.105,0.163,0.14,0.166,0.17,0.174,0.201,0.201
020_AAAF,CRGRO048,18,18,2020-08-02T00:00:00Z,83,265,73,10,12,152,2,28,0,183,0.08,0,0,0,0,0.014,0.043,0.044,0.097,0.097,0.158,0.14,0.166,0.169,0.173,0.201,0.201
020_AAAF,CRGRO048,18,18,2020-08-03T00:00:00Z,84,262,70,10,12,152,2,28,0,183,0.08,0,0,0,0,0.014,0.04,0.04,0.093,0.093,0.154,0.139,0.165,0.169,0.172,0.201,0.201
020_AAAF,CRGRO048,18,18,2020-08-04T00:00:00Z,85,261,69,10,12,152,2,28,0,183,0.12,0,0,0,0,0.023,0.037,0.038,0.09,0.09,0.151,0.139,0.164,0.168,0.171,0.201,0.201
020_AAAF,CRGRO048,18,18,2020-08-05T00:00:00Z,86,258,66,10,12,152,2,28,0,183,0.11,0,0,0,0,0.014,0.035,0.036,0.088,0.088,0.149,0.138,0.164,0.167,0.171,0.201,0.201
020_AAAF,CRGRO048,18,18,2020-08-06T00:00:00Z,87,260,69,10,12,156,2,28,0,183,0.12,0,0,0,0,0.068,0.042,0.034,0.086,0.086,0.147,0.138,0.163,0.167,0.17,0.201,0.201
020_AAAF,CRGRO048,18,18,2020-08-07T00:00:00Z,88,257,66,10,12,156,2,28,0,183,0.12,0,0,0,0,0.024,0.045,0.033,0.084,0.085,0.145,0.137,0.162,0.166,0.169,0.201,0.201
020_AAAF,CRGRO048,18,18,2020-08-08T00:00:00Z,89,255,64,10,12,156,2,28,0,183,0.11,0,0,0,0,0.014,0.04,0.032,0.083,0.083,0.144,0.137,0.162,0.165,0.169,0.201,0.201
020_AAAF,CRGRO048,18,18,2020-08-09T00:00:00Z,90,259,68,10,12,162,2,28,0,183,0.13,0,0,0,0,0.083,0.052,0.033,0.082,0.082,0.143,0.136,0.161,0.165,0.168,0.201,0.201
020_AAAF,CRGRO048,18,18,2020-08-10T00:00:00Z,91,267,75,10,12,172,2,28,0,183,0.13,0,0,0,0,0.136,0.071,0.054,0.086,0.082,0.142,0.136,0.161,0.164,0.168,0.2,0.201
020_AAAF,CRGRO048,18,18,2020-08-11T00:00:00Z,92,263,71,10,12,172,2,28,0,183,0.12,0,0,0,0,0.05,0.042,0.05,0.119,0.084,0.142,0.136,0.161,0.164,0.168,0.2,0.201
020_AAAF,CRGRO048,18,18,2020-08-12T00:00:00Z,93,269,77,10,12,182,2,28,0,183,0.15,0,0,0,0,0.117,0.069,0.056,0.108,0.09,0.141,0.136,0.161,0.164,0.168,0.2,0.201
020_AAAF,CRGRO048,18,18,2020-08-13T00:00:00Z,94,265,73,10,12,182,2,28,0,183,0.15,0,0,0,0,0.051,0.052,0.055,0.116,0.092,0.141,0.136,0.16,0.164,0.168,0.2,0.201
020_AAAF,CRGRO048,18,18,2020-08-14T00:00:00Z,95,269,77,10,12,190,2,28,0,183,0.16,0,0,0,0,0.094,0.065,0.055,0.112,0.099,0.141,0.136,0.16,0.163,0.168,0.2,0.201
020_AAAF,CRGRO048,18,18,2020-08-15T00:00:00Z,96,264,72,10,12,190,2,28,0,183,0.14,0,0,0,0,0.036,0.045,0.051,0.112,0.109,0.14,0.136,0.16,0.163,0.167,0.2,0.201
020_AAAF,CRGRO048,18,18,2020-08-16T00:00:00Z,97,259,68,10,12,190,2,28,0,183,0.13,0,0,0,0,0.014,0.043,0.046,0.1,0.1,0.14,0.135,0.16,0.163,0.167,0.2,0.201
020_AAAF,CRGRO048,18,18,2020-08-17T00:00:00Z,98,256,65,10,12,190,2,28,0,183,0.11,0,0,0,0,0.014,0.039,0.041,0.094,0.094,0.14,0.135,0.159,0.163,0.167,0.2,0.201
020_AAAF,CRGRO048,18,18,2020-08-18T00:00:00Z,99,292,100,12,12,229,2,28,0,183,0.17,0,0,1.94,0,0.167,0.15,0.095,0.146,0.122,0.148,0.135,0.159,0.162,0.166,0.2,0.201
020_AAAF,CRGRO048,18,18,2020-08-19T00:00:00Z,100,288,96,12,12,229,2,28,0,183,0.15,0,0,0,0,0.068,0.085,0.063,0.123,0.115,0.174,0.174,0.182,0.162,0.166,0.199,0.201
020_AAAF,CRGRO048,18,18,2020-08-20T00:00:00Z,101,285,93,12,12,231,2,28,0,183,0.17,0,0,0,0,0.048,0.065,0.06,0.125,0.121,0.175,0.174,0.182,0.162,0.166,0.199,0.201
020_AAAF,CRGRO048,18,18,2020-08-21T00:00:00Z,102,283,91,12,12,231,2,28,0,183,0.17,0,0,0,0,0.039,0.055,0.056,0.122,0.12,0.176,0.174,0.183,0.162,0.166,0.199,0.201
020_AAAF,CRGRO048,18,18,2020-08-22T00:00:00Z,103,283,91,12,12,232,2,28,0,183,0.17,0,0,0,0,0.047,0.054,0.053,0.119,0.118,0.175,0.175,0.183,0.162,0.167,0.199,0.201
020_AAAF,CRGRO048,18,18,2020-08-23T00:00:00Z,104,281,90,12,12,233,2,28,0,183,0.18,0,0,0,0,0.047,0.053,0.054,0.116,0.115,0.173,0.174,0.183,0.162,0.167,0.199,0.201
020_AAAF,CRGRO048,18,18,2020-08-24T00:00:00Z,105,309,117,13,12,261,2,28,0,183,0.18,0,0,0.19,0,0.159,0.142,0.089,0.148,0.133,0.181,0.177,0.186,0.162,0.167,0.199,0.201
020_AAAF,CRGRO048,18,18,2020-08-25T00:00:00Z,106,324,132,13,12,281,2,28,0,183,0.18,0,0,0.03,0,0.141,0.147,0.11,0.182,0.157,0.198,0.188,0.196,0.163,0.167,0.199,0.201
020_AAAF,CRGRO048,18,18,2020-08-26T00:00:00Z,107,320,128,13,12,281,2,28,0,183,0.19,0,0,0,0,0.072,0.097,0.091,0.178,0.164,0.209,0.198,0.202,0.183,0.167,0.199,0.2
020_AAAF,CRGRO048,18,18,2020-08-27T00:00:00Z,108,315,123,13,13,281,2,28,0,183,0.16,0,0,0,0,0.032,0.066,0.063,0.138,0.132,0.186,0.181,0.197,0.258,0.194,0.205,0.205
020_AAAF,CRGRO048,18,18,2020-08-28T00:00:00Z,109,304,112,13,20,281,2,28,0,183,0.14,0,0,0,0,0.014,0.053,0.053,0.121,0.119,0.176,0.174,0.196,0.244,0.194,0.205,0.205
020_AAAF,CRGRO048,18,18,2020-08-29T00:00:00Z,110,297,105,13,24,281,2,28,0,183,0.13,0,0,0,0,0.014,0.051,0.052,0.115,0.114,0.174,0.172,0.195,0.213,0.193,0.205,0.205
020_AAAF,CRGRO048,18,18,2020-08-30T00:00:00Z,111,331,139,14,24,320,2,28,0,183,0.19,0,0,1.76,0,0.167,0.15,0.102,0.159,0.137,0.183,0.178,0.197,0.2,0.197,0.207,0.207
020_AAAF,CRGRO048,18,18,2020-08-31T00:00:00Z,112,330,138,14,25,323,2,28,0,183,0.18,0,0,0,0,0.115,0.107,0.093,0.17,0.153,0.197,0.188,0.2,0.201,0.199,0.208,0.208
020_AAAF,CRGRO048,18,18,2020-09-01T00:00:00Z,113,318,127,14,32,323,2,28,0,183,0.16,0,0,0,0,0.052,0.07,0.064,0.135,0.128,0.181,0.177,0.196,0.269,0.199,0.208,0.208
020_AAAF,CRGRO048,18,18,2020-09-02T00:00:00Z,114,307,115,14,40,323,2,28,0,183,0.14,0,0,0,0,0.029,0.055,0.054,0.121,0.118,0.175,0.173,0.195,0.249,0.198,0.208,0.208
020_AAAF,CRGRO048,18,18,2020-09-03T00:00:00Z,115,297,105,14,45,323,2,28,0,183,0.12,0,0,0,0,0.014,0.052,0.052,0.112,0.111,0.171,0.171,0.194,0.215,0.194,0.208,0.208
020_AAAF,CRGRO048,18,18,2020-09-04T00:00:00Z,116,291,99,14,47,323,2,28,0,183,0.11,0,0,0,0,0.014,0.049,0.049,0.106,0.105,0.167,0.167,0.191,0.2,0.193,0.208,0.208
020_AAAF,CRGRO048,18,18,2020-09-05T00:00:00Z,117,286,95,14,47,323,2,28,0,183,0.09,0,0,0,0,0.014,0.046,0.046,0.101,0.101,0.164,0.164,0.188,0.194,0.191,0.208,0.208
020_AAAF,CRGRO048,18,18,2020-09-06T00:00:00Z,118,284,92,14,47,323,2,28,0,183,0.08,0,0,0,0,0.014,0.044,0.045,0.099,0.099,0.161,0.162,0.187,0.191,0.19,0.208,0.208
020_AAAF,CRGRO048,18,18,2020-09-07T00:00:00Z,119,280,89,14,47,323,2,28,0,183,0.07,0,0,0,0,0.014,0.041,0.042,0.096,0.096,0.159,0.159,0.184,0.188,0.187,0.208,0.208
020_AAAF,CRGRO048,18,18,2020-09-08T00:00:00Z,120,277,85,14,47,323,2,28,0,183,0.06,0,0,0,0,0.014,0.039,0.04,0.094,0.094,0.156,0.156,0.182,0.185,0.185,0.208,0.208
020_AAAF,CRGRO048,18,18,2020-09-09T00:00:00Z,121,286,94,14,47,333,2,28,0,183,0.2,0,0,0,0,0.132,0.065,0.052,0.092,0.093,0.155,0.155,0.181,0.183,0.183,0.208,0.208
020_AAAF,CRGRO048,18,18,2020-09-10T00:00:00Z,122,295,103,14,47,344,2,28,0,183,0.18,0,0,0,0,0.153,0.086,0.067,0.123,0.097,0.154,0.155,0.18,0.183,0.183,0.208,0.208
020_AAAF,CRGRO048,18,18,2020-09-11T00:00:00Z,123,294,102,14,47,346,2,28,0,183,0.21,0,0,0,0,0.103,0.077,0.065,0.131,0.12,0.154,0.154,0.18,0.182,0.183,0.208,0.208
020_AAAF,CRGRO048,18,18,2020-09-12T00:00:00Z,124,291,99,14,47,346,2,28,0,183,0.2,0,0,0,0,0.06,0.063,0.06,0.129,0.122,0.165,0.154,0.18,0.182,0.183,0.208,0.208
020_AAAF,CRGRO048,18,18,2020-09-13T00:00:00Z,125,289,97,14,47,347,2,28,0,183,0.21,0,0,0,0,0.049,0.056,0.056,0.123,0.121,0.173,0.154,0.179,0.182,0.183,0.207,0.208
020_AAAF,CRGRO048,18,18,2020-09-14T00:00:00Z,126,287,95,14,47,348,2,28,0,183,0.21,0,0,0,0,0.045,0.054,0.053,0.117,0.116,0.175,0.154,0.179,0.182,0.182,0.207,0.208
020_AAAF,CRGRO048,18,18,2020-09-15T00:00:00Z,127,288,96,14,47,350,2,28,0,183,0.21,0,0,0,0,0.065,0.057,0.054,0.119,0.114,0.173,0.154,0.179,0.181,0.182,0.207,0.208
020_AAAF,CRGRO048,18,18,2020-09-16T00:00:00Z,128,297,106,14,47,360,2,28,0,183,0.23,0,0,0,0,0.146,0.077,0.063,0.126,0.121,0.176,0.154,0.179,0.181,0.182,0.207,0.208
020_AAAF,CRGRO048,18,18,2020-09-17T00:00:00Z,129,301,109,14,47,367,2,28,0,183,0.2,0,0,0,0,0.142,0.083,0.068,0.134,0.126,0.179,0.164,0.179,0.181,0.182,0.207,0.208
020_AAAF,CRGRO048,18,18,2020-09-18T00:00:00Z,130,300,108,14,47,367,2,28,0,183,0.17,0,0,0,0,0.082,0.063,0.057,0.123,0.12,0.175,0.174,0.196,0.189,0.182,0.207,0.208
020_AAAF,CRGRO048,18,18,2020-09-19T00:00:00Z,131,298,106,14,47,367,2,28,0,183,0.15,0,0,0,0,0.055,0.055,0.054,0.118,0.117,0.174,0.173,0.195,0.194,0.191,0.207,0.208
020_AAAF,CRGRO048,18,18,2020-09-20T00:00:00Z,132,296,104,14,47,367,2,28,0,183,0.13,0,0,0,0,0.046,0.054,0.053,0.115,0.115,0.173,0.172,0.195,0.193,0.19,0.207,0.208
020_AAAF,CRGRO048,18,18,2020-09-21T00:00:00Z,133,293,101,14,47,367,2,28,0,183,0.11,0,0,0,0,0.029,0.052,0.051,0.111,0.111,0.171,0.17,0.193,0.192,0.19,0.207,0.208
020_AAAF,CRGRO048,18,18,2020-09-22T00:00:00Z,134,290,98,14,47,367,2,28,0,183,0.09,0,0,0,0,0.014,0.05,0.05,0.107,0.107,0.168,0.168,0.192,0.191,0.189,0.207,0.208
020_AAAF,CRGRO048,18,18,2020-09-23T00:00:00Z,135,288,96,14,47,367,2,28,0,183,0.08,0,0,0,0,0.014,0.048,0.048,0.105,0.105,0.166,0.166,0.19,0.19,0.188,0.207,0.208
020_AAAF,CRGRO048,18,18,2020-09-24T00:00:00Z,136,285,93,14,47,367,2,28,0,183,0.07,0,0,0,0,0.014,0.046,0.046,0.102,0.102,0.164,0.164,0.189,0.188,0.187,0.207,0.208
020_AAAF,CRGRO048,18,18,2020-09-25T00:00:00Z,137,285,93,14,47,370,2,28,0,183,0.23,0,0,0,0,0.061,0.049,0.045,0.099,0.099,0.161,0.162,0.187,0.186,0.185,0.207,0.208
020_AAAF,CRGRO048,18,18,2020-09-26T00:00:00Z,138,282,90,14,47,370,2,28,0,183,0.19,0,0,0,0,0.038,0.049,0.043,0.097,0.097,0.159,0.16,0.185,0.185,0.184,0.207,0.208
020_AAAF,CRGRO048,18,18,2020-09-27T00:00:00Z,139,282,90,14,47,370,2,28,0,183,0.24,0,0,0,0,0.048,0.047,0.043,0.096,0.097,0.159,0.159,0.184,0.184,0.184,0.207,0.208
020_AAAF,CRGRO048,18,18,2020-09-28T00:00:00Z,140,282,90,14,47,373,2,28,0,183,0.21,0,0,0,0,0.064,0.054,0.045,0.095,0.095,0.157,0.158,0.183,0.183,0.183,0.207,0.208
020_AAAF,CRGRO048,18,18,2020-09-29T00:00:00Z,141,301,109,14,47,394,2,28,0,183,0.23,0,0,0,0,0.157,0.113,0.074,0.128,0.108,0.156,0.157,0.182,0.182,0.182,0.207,0.208
020_AAAF,CRGRO048,18,18,2020-09-30T00:00:00Z,142,298,106,14,47,394,2,28,0,183,0.2,0,0,0,0,0.076,0.071,0.056,0.117,0.117,0.174,0.174,0.195,0.182,0.182,0.207,0.208
020_AAAF,CRGRO048,18,18,2020-10-01T00:00:00Z,143,294,102,14,47,394,2,28,0,183,0.17,0,0,0,0,0.043,0.054,0.054,0.115,0.115,0.172,0.172,0.195,0.189,0.182,0.206,0.208
020_AAAF,CRGRO048,18,18,2020-10-02T00:00:00Z,144,291,99,14,47,394,2,28,0,183,0.14,0,0,0,0,0.028,0.053,0.052,0.111,0.111,0.17,0.17,0.194,0.188,0.182,0.206,0.208
020_AAAF,CRGRO048,19,19,2020-05-11T00:00:00Z,0,256,64,0,0,0,0,0,0,174,0,0,0,0,0,0.086,0.086,0.086,0.086,0.086,0.118,0.118,0.135,0.129,0.129,0.178,0.258
020_AAAF,CRGRO048,19,19,2020-05-12T00:00:00Z,1,252,61,0,7,0,1,8,0,179,0,0,0,0,0,0.064,0.086,0.079,0.13,0.1,0.118,0.118,0.135,0.129,0.129,0.178,0.228
020_AAAF,CRGRO048,19,19,2020-05-13T00:00:00Z,2,247,55,0,10,0,1,8,0,181,0,0,0,0,0,0.013,0.066,0.063,0.123,0.119,0.146,0.118,0.135,0.129,0.129,0.178,0.214
020_AAAF,CRGRO048,19,19,2020-05-14T00:00:00Z,3,246,54,0,12,0,1,8,0,182,0,0,0,0,0,0.014,0.058,0.057,0.121,0.119,0.162,0.118,0.135,0.129,0.13,0.178,0.209
020_AAAF,CRGRO048,19,19,2020-05-15T00:00:00Z,4,245,53,0,12,0,1,8,0,183,0,0,0,0,0,0.014,0.054,0.055,0.121,0.119,0.167,0.119,0.135,0.129,0.13,0.178,0.206
020_AAAF,CRGRO048,19,19,2020-05-16T00:00:00Z,5,245,53,0,12,0,1,8,0,183,0,0,0,0,0,0.014,0.054,0.055,0.121,0.119,0.167,0.119,0.135,0.129,0.13,0.178,0.206
020_AAAF,CRGRO048,19,19,2020-05-17T00:00:00Z,6,245,53,0,12,0,1,8,0,183,0,0,0,0,0,0.014,0.053,0.055,0.121,0.119,0.166,0.119,0.135,0.129,0.13,0.178,0.206
020_AAAF,CRGRO048,19,19,2020-05-18T00:00:00Z,7,245,53,0,12,0,1,8,0,183,0,0,0,0,0,0.014,0.053,0.055,0.121,0.119,0.166,0.12,0.135,0.129,0.13,0.178,0.206
020_AAAF,CRGRO048,19,19,2020-05-19T00:00:00Z,8,245,53,0,12,0,1,8,0,183,0,0,0,0,0,0.014,0.052,0.055,0.121,0.118,0.166,0.12,0.135,0.129,0.13,0.178,0.206
020_AAAF,CRGRO048,19,19,2020-05-20T00:00:00Z,9,262,70,0,12,17,1,8,0,183,0,0,0,0,0,0.167,0.09,0.068,0.134,0.127,0.176,0.12,0.135,0.129,0.131,0.178,0.206
020_AAAF,CRGRO048,19,19,2020-05-21T00:00:00Z,10,262,70,0,12,21,1,8,0,183,0,0,0,0,0,0.066,0.088,0.073,0.143,0.135,0.183,0.134,0.135,0.129,0.131,0.178,0.206
020_AAAF,CRGRO048,19,19,2020-05-22T00:00:00Z,11,261,69,0,12,23,1,8,0,183,0,0,0,0,0,0.025,0.073,0.069,0.143,0.138,0.188,0.155,0.135,0.129,0.131,0.178,0.205
020_AAAF,CRGRO048,19,19,2020-05-23T00:00:00Z,12,261,69,0,12,23,1,8,0,183,0,0,0,0,0,0.02,0.06,0.062,0.137,0.137,0.189,0.176,0.135,0.129,0.131,0.178,0.205
020_AAAF,CRGRO048,19,19,2020-05-24T00:00:00Z,13,260,69,0,12,23,1,8,0,183,0,0,0,0,0,0.014,0.055,0.056,0.126,0.126,0.18,0.176,0.152,0.129,0.131,0.178,0.205
020_AAAF,CRGRO048,19,19,2020-05-25T00:00:00Z,14,262,70,0,12,25,1,8,0,183,0,0,0,0,0,0.05,0.054,0.054,0.123,0.124,0.179,0.177,0.154,0.129,0.131,0.178,0.205
020_AAAF,CRGRO048,19,19,2020-05-26T00:00:00Z,15,263,72,0,12,28,1,8,0,183,0,0,0,0,0,0.045,0.06,0.056,0.124,0.124,0.179,0.178,0.157,0.129,0.132,0.178,0.205
020_AAAF,CRGRO048,19,19,2020-05-27T00:00:00Z,16,262,70,0,12,28,1,8,0,183,0,0,0,0,0,0.02,0.055,0.055,0.123,0.123,0.178,0.177,0.16,0.129,0.132,0.178,0.205
020_AAAF,CRGRO048,19,19,2020-05-28T00:00:00Z,17,262,70,0,12,28,1,8,0,183,0,0,0,0,0,0.014,0.054,0.055,0.121,0.121,0.176,0.175,0.163,0.129,0.132,0.178,0.205
020_AAAF,CRGRO048,19,19,2020-05-29T00:00:00Z,18,261,70,0,12,28,1,8,0,183,0,0,0,0,0,0.014,0.053,0.054,0.12,0.121,0.176,0.175,0.163,0.13,0.132,0.178,0.205
020_AAAF,CRGRO048,19,19,2020-05-30T00:00:00Z,19,261,69,0,12,28,1,8,0,183,0,0,0,0,0,0.014,0.052,0.054,0.12,0.121,0.176,0.175,0.164,0.13,0.132,0.178,0.205
020_AAAF,CRGRO048,19,19,2020-05-31T00:00:00Z,20,261,69,0,12,28,1,8,0,183,0,0,0,0,0,0.014,0.05,0.053,0.119,0.121,0.176,0.175,0.164,0.13,0.132,0.178,0.204
020_AAAF,CRGRO048,19,19,2020-06-01T00:00:00Z,21,261,69,0,12,28,1,8,0,183,0,0,0,0,0,0.014,0.049,0.052,0.118,0.12,0.176,0.174,0.164,0.13,0.133,0.178,0.204
020_AAAF,CRGRO048,19,19,2020-06-02T00:00:00Z,22,260,68,0,12,28,1,8,0,183,0,0,0,0,0,0.014,0.048,0.052,0.117,0.12,0.176,0.174,0.164,0.13,0.133,0.178,0.204
020_AAAF,CRGRO048,19,19,2020-06-03T00:00:00Z,23,260,68,0,12,28,1,8,0,183,0,0,0,0,0,0.014,0.048,0.051,0.116,0.119,0.176,0.174,0.164,0.13,0.133,0.178,0.204
020_AAAF,CRGRO048,19,19,2020-06-04T00:00:00Z,24,260,68,0,12,28,1,8,0,183,0,0,0,0,0,0.014,0.047,0.051,0.115,0.119,0.176,0.174,0.164,0.13,0.133,0.178,0.204
020_AAAF,CRGRO048,19,19,2020-06-05T00:00:00Z,25,259,67,0,12,28,1,8,0,183,0,0,0,0,0,0.014,0.046,0.05,0.114,0.118,0.176,0.174,0.164,0.13,0.133,0.178,0.204
020_AAAF,CRGRO048,19,19,2020-06-06T00:00:00Z,26,260,68,0,12,29,1,8,0,183,0,0,0,0,0,0.024,0.046,0.05,0.114,0.117,0.176,0.173,0.164,0.13,0.133,0.178,0.204
020_AAAF,CRGRO048,19,19,2020-06-07T00:00:00Z,27,269,77,0,12,39,1,8,0,183,0,0,0,0,0,0.125,0.069,0.058,0.121,0.12,0.175,0.173,0.164,0.131,0.134,0.178,0.204
020_AAAF,CRGRO048,19,19,2020-06-08T00:00:00Z,28,267,76,0,12,42,1,8,0,183,0,0,0,0,0,0.027,0.072,0.063,0.128,0.125,0.178,0.176,0.165,0.131,0.134,0.178,0.204
020_AAAF,CRGRO048,19,19,2020-06-09T00:00:00Z,29,275,83,0,12,50,1,8,0,183,0,0,0,0,0,0.105,0.074,0.065,0.134,0.129,0.181,0.179,0.168,0.131,0.134,0.178,0.203
020_AAAF,CRGRO048,19,19,2020-06-10T00:00:00Z,30,271,80,0,12,51,1,8,0,183,0,0,0,0,0,0.013,0.067,0.063,0.134,0.131,0.184,0.181,0.174,0.131,0.134,0.178,0.203
020_AAAF,CRGRO048,19,19,2020-06-11T00:00:00Z,31,273,81,0,12,53,1,8,0,183,0,0,0,0,0,0.057,0.057,0.058,0.129,0.129,0.184,0.182,0.179,0.131,0.134,0.178,0.203
020_AAAF,CRGRO048,19,19,2020-06-12T00:00:00Z,32,271,79,0,12,53,1,8,0,183,0,0,0,0,0,0.019,0.055,0.056,0.125,0.126,0.182,0.182,0.185,0.131,0.134,0.178,0.203
020_AAAF,CRGRO048,19,19,2020-06-13T00:00:00Z,33,270,78,0,12,53,1,8,0,183,0,0,0,0,0,0.014,0.053,0.055,0.118,0.119,0.177,0.177,0.192,0.132,0.135,0.178,0.203
020_AAAF,CRGRO048,19,19,2020-06-14T00:00:00Z,34,269,77,0,12,53,1,8,0,183,0,0,0,0,0,0.014,0.051,0.053,0.115,0.116,0.176,0.176,0.192,0.132,0.135,0.178,0.203
020_AAAF,CRGRO048,19,19,2020-06-15T00:00:00Z,35,267,76,0,12,53,1,8,0,183,0,0,0,0,0,0.014,0.049,0.052,0.112,0.114,0.175,0.176,0.192,0.132,0.135,0.178,0.203
020_AAAF,CRGRO048,19,19,2020-06-16T00:00:00Z,36,267,75,0,12,53,1,8,0,183,0,0,0,0,0,0.014,0.048,0.051,0.111,0.113,0.174,0.175,0.192,0.133,0.135,0.178,0.203
020_AAAF,CRGRO048,19,19,2020-06-17T00:00:00Z,37,266,74,0,12,53,1,8,0,183,0,0,0,0,0,0.014,0.047,0.05,0.109,0.111,0.173,0.175,0.191,0.133,0.135,0.178,0.203
020_AAAF,CRGRO048,19,19,2020-06-18T00:00:00Z,38,265,73,0,12,53,1,8,0,183,0,0,0,0,0,0.014,0.046,0.048,0.107,0.109,0.172,0.173,0.191,0.133,0.135,0.178,0.203
020_AAAF,CRGRO048,19,19,2020-06-19T00:00:00Z,39,264,73,0,12,54,1,8,0,183,0,0,0,0,0,0.03,0.044,0.047,0.105,0.107,0.17,0.172,0.191,0.133,0.136,0.178,0.202
020_AAAF,CRGRO048,19,19,2020-06-20T00:00:00Z,40,263,71,0,12,55,1,8,0,183,0,0,0,0,0,0.02,0.043,0.046,0.103,0.105,0.169,0.171,0.191,0.134,0.136,0.178,0.202
020_AAAF,CRGRO048,19,19,2020-06-21T00:00:00Z,41,261,70,0,12,55,1,8,0,183,0,0,0,0,0,0.014,0.042,0.045,0.102,0.103,0.167,0.169,0.19,0.134,0.136,0.178,0.202
020_AAAF,CRGRO048,19,19,2020-06-22T00:00:00Z,42,260,69,0,12,55,1,8,0,183,0,0,0,0,0,0.014,0.041,0.044,0.1,0.102,0.166,0.168,0.19,0.134,0.136,0.178,0.202
020_AAAF,CRGRO048,19,19,2020-06-23T00:00:00Z,43,259,67,0,12,55,1,8,0,183,0,0,0,0,0,0.014,0.04,0.043,0.099,0.1,0.164,0.166,0.189,0.135,0.136,0.178,0.202
020_AAAF,CRGRO048,19,19,2020-06-24T00:00:00Z,44,258,66,0,12,55,1,8,0,183,0,0,0,0,0,0.014,0.039,0.042,0.097,0.099,0.163,0.165,0.188,0.135,0.136,0.178,0.202
020_AAAF,CRGRO048,19,19,2020-06-25T00:00:00Z,45,257,65,0,12,55,1,8,0,183,0,0,0,0,0,0.014,0.038,0.041,0.096,0.098,0.161,0.163,0.188,0.135,0.136,0.178,0.202
020_AAAF,CRGRO048,19,19,2020-06-26T00:00:00Z,46,256,64,0,12,55,1,8,0,183,0,0,0,0,0,0.014,0.037,0.04,0.095,0.096,0.16,0.162,0.187,0.135,0.137,0.178,0.202
020_AAAF,CRGRO048,19,19,2020-06-27T00:00:00Z,47,256,64,0,12,55,1,8,0,183,0.01,0,0,0,0,0.024,0.036,0.039,0.094,0.095,0.159,0.161,0.186,0.136,0.137,0.178,0.202
020_AAAF,CRGRO048,19,19,2020-06-28T00:00:00Z,48,254,62,0,12,55,1,8,0,183,0.01,0,0,0,0,0.014,0.036,0.038,0.093,0.094,0.157,0.159,0.185,0.136,0.137,0.178,0.202
020_AAAF,CRGRO048,19,19,2020-06-29T00:00:00Z,49,253,61,0,12,55,1,8,0,183,0.01,0,0,0,0,0.014,0.035,0.037,0.092,0.093,0.156,0.158,0.184,0.136,0.137,0.178,0.201
020_AAAF,CRGRO048,19,19,2020-06-30T00:00:00Z,50,266,74,0,12,69,1,8,0,183,0.01,0,0,0,0,0.161,0.07,0.055,0.091,0.092,0.155,0.157,0.183,0.136,0.137,0.178,0.201
020_AAAF,CRGRO048,19,19,2020-07-01T00:00:00Z,51,261,69,0,12,69,1,8,0,183,0.01,0,0,0,0,0.014,0.052,0.053,0.119,0.105,0.155,0.157,0.183,0.136,0.137,0.178,0.201
020_AAAF,CRGRO048,19,19,2020-07-02T00:00:00Z,52,258,67,0,12,69,1,8,0,183,0.01,0,0,0,0,0.014,0.049,0.05,0.108,0.103,0.154,0.156,0.182,0.137,0.138,0.178,0.201
020_AAAF,CRGRO048,19,19,2020-07-03T00:00:00Z,53,256,64,0,12,69,1,8,0,183,0.01,0,0,0,0,0.014,0.046,0.047,0.102,0.1,0.153,0.155,0.181,0.137,0.138,0.178,0.201
020_AAAF,CRGRO048,19,19,2020-07-04T00:00:00Z,54,254,63,0,12,69,1,8,0,183,0.01,0,0,0,0,0.014,0.043,0.044,0.099,0.097,0.152,0.154,0.18,0.137,0.138,0.178,0.201
020_AAAF,CRGRO048,19,19,2020-07-05T00:00:00Z,55,258,66,0,12,74,1,8,0,183,0.02,0,0,0,0,0.079,0.053,0.045,0.096,0.095,0.151,0.153,0.179,0.137,0.138,0.178,0.201
020_AAAF,CRGRO048,19,19,2020-07-06T00:00:00Z,56,299,107,10,12,128,1,8,0,183,0.02,0,0,10.46,0,0.13,0.149,0.128,0.178,0.141,0.177,0.157,0.178,0.137,0.138,0.178,0.201
020_AAAF,CRGRO048,19,19,2020-07-07T00:00:00Z,57,305,113,10,12,137,1,8,0,183,0.02,0,0,0,0,0.132,0.116,0.107,0.191,0.166,0.201,0.183,0.185,0.138,0.138,0.178,0.201
020_AAAF,CRGRO048,19,19,2020-07-08T00:00:00Z,58,301,109,10,12,137,1,8,0,183,0.02,0,0,0,0,0.043,0.075,0.072,0.145,0.135,0.184,0.176,0.196,0.209,0.183,0.178,0.201
020_AAAF,CRGRO048,19,19,2020-07-09T00:00:00Z,59,300,108,10,12,139,1,8,0,183,0.02,0,0,0,0,0.04,0.062,0.062,0.137,0.134,0.186,0.181,0.198,0.202,0.196,0.178,0.2
020_AAAF,CRGRO048,19,19,2020-07-10T00:00:00Z,60,295,103,10,12,139,1,8,0,183,0.02,0,0,0,0,0.014,0.052,0.053,0.12,0.119,0.176,0.174,0.197,0.197,0.195,0.201,0.2
020_AAAF,CRGRO048,19,19,2020-07-11T00:00:00Z,61,291,99,10,12,139,1,8,0,183,0.02,0,0,0,0,0.014,0.05,0.05,0.109,0.11,0.172,0.171,0.195,0.195,0.195,0.203,0.2
020_AAAF,CRGRO048,19,19,2020-07-12T00:00:00Z,62,287,95,10,12,139,1,8,0,183,0.02,0,0,0,0,0.014,0.046,0.047,0.103,0.104,0.167,0.167,0.192,0.194,0.195,0.203,0.2
020_AAAF,CRGRO048,19,19,2020-07-13T00:00:00Z,63,283,91,10,12,139,1,8,0,183,0.02,0,0,0,0,0.014,0.043,0.044,0.099,0.099,0.163,0.163,0.189,0.192,0.194,0.203,0.2
020_AAAF,CRGRO048,19,19,2020-07-14T00:00:00Z,64,279,87,10,12,139,1,8,0,183,0.02,0,0,0,0,0.014,0.04,0.042,0.095,0.096,0.159,0.159,0.186,0.191,0.193,0.203,0.2
020_AAAF,CRGRO048,19,19,2020-07-15T00:00:00Z,65,276,84,10,12,139,1,8,0,183,0.02,0,0,0,0,0.014,0.038,0.04,0.093,0.093,0.156,0.157,0.184,0.189,0.192,0.203,0.2
020_AAAF,CRGRO048,19,19,2020-07-16T00:00:00Z,66,274,82,10,12,139,1,8,0,183,0.02,0,0,0,0,0.014,0.037,0.038,0.091,0.091,0.154,0.155,0.181,0.187,0.19,0.203,0.2
020_AAAF,CRGRO048,19,19,2020-07-17T00:00:00Z,67,271,80,10,12,139,1,8,0,183,0.02,0,0,0,0,0.014,0.035,0.036,0.089,0.09,0.152,0.153,0.18,0.185,0.188,0.203,0.2
020_AAAF,CRGRO048,19,19,2020-07-18T00:00:00Z,68,285,94,10,12,139,2,24,0,183,0.02,0,0,0,0,0.167,0.079,0.056,0.097,0.088,0.15,0.151,0.178,0.183,0.186,0.202,0.2
020_AAAF,CRGRO048,19,19,2020-07-19T00:00:00Z,69,280,88,10,12,139,2,24,0,183,0.02,0,0,0,0,0.051,0.046,0.051,0.118,0.113,0.15,0.15,0.177,0.183,0.186,0.202,0.2
020_AAAF,CRGRO048,19,19,2020-07-20T00:00:00Z,70,275,83,10,12,139,2,24,0,183,0.02,0,0,0,0,0.013,0.044,0.048,0.104,0.105,0.149,0.15,0.177,0.182,0.185,0.202,0.2
020_AAAF,CRGRO048,19,19,2020-07-21T00:00:00Z,71,271,79,10,12,139,2,24,0,183,0.03,0,0,0,0,0.014,0.041,0.043,0.096,0.096,0.148,0.148,0.175,0.18,0.183,0.202,0.2
020_AAAF,CRGRO048,19,19,2020-07-22T00:00:00Z,72,271,79,10,12,142,2,24,0,183,0.05,0,0,0,0,0.061,0.042,0.04,0.093,0.093,0.147,0.147,0.174,0.179,0.182,0.202,0.2
020_AAAF,CRGRO048,19,19,2020-07-23T00:00:00Z,73,269,77,10,12,144,2,24,0,183,0.05,0,0,0,0,0.047,0.052,0.04,0.09,0.09,0.145,0.146,0.172,0.177,0.18,0.202,0.201
020_AAAF,CRGRO048,19,19,2020-07-24T00:00:00Z,74,265,73,10,12,145,2,24,0,183,0.06,0,0,0,0,0.021,0.042,0.037,0.088,0.088,0.144,0.145,0.171,0.176,0.179,0.202,0.201
020_AAAF,CRGRO048,19,19,2020-07-25T00:00:00Z,75,279,87,10,12,145,3,40,0,183,0.06,0,0,0,0,0.16,0.082,0.058,0.102,0.086,0.143,0.144,0.17,0.175,0.178,0.202,0.201
020_AAAF,CRGRO048,19,19,2020-07-26T00:00:00Z,76,274,82,10,12,145,3,40,0,183,0.05,0,0,0,0,0.056,0.047,0.048,0.116,0.119,0.144,0.143,0.17,0.174,0.177,0.202,0.201
020_AAAF,CRGRO048,19,19,2020-07-27T00:00:00Z,77,268,77,10,12,145,3,40,0,183,0.05,0,0,0,0,0.02,0.046,0.046,0.104,0.103,0.144,0.143,0.169,0.174,0.177,0.202,0.201
020_AAAF,CRGRO048,19,19,2020-07-28T00:00:00Z,78,264,72,10,12,145,3,40,0,183,0.05,0,0,0,0,0.014,0.041,0.041,0.095,0.095,0.143,0.142,0.168,0.173,0.176,0.202,0.201
020_AAAF,CRGRO048,19,19,2020-07-29T00:00:00Z,79,284,92,10,12,151,4,56,0,183,0.07,0,0,0,0,0.167,0.102,0.066,0.12,0.098,0.142,0.141,0.168,0.172,0.175,0.202,0.201
020_AAAF,CRGRO048,19,19,2020-07-30T00:00:00Z,80,282,90,10,12,152,4,56,0,183,0.07,0,0,0,0,0.094,0.081,0.066,0.13,0.122,0.142,0.141,0.168,0.171,0.175,0.202,0.201
020_AAAF,CRGRO048,19,19,2020-07-31T00:00:00Z,81,278,86,10,12,152,4,56,0,183,0.07,0,0,0,0,0.046,0.058,0.052,0.117,0.115,0.174,0.148,0.167,0.171,0.175,0.202,0.201
020_AAAF,CRGRO048,19,19,2020-08-01T00:00:00Z,82,272,80,10,12,152,4,56,0,183,0.07,0,0,0,0,0.019,0.049,0.05,0.108,0.106,0.169,0.148,0.167,0.171,0.174,0.201,0.201
020_AAAF,CRGRO048,19,19,2020-08-02T00:00:00Z,83,267,76,10,12,152,4,56,0,183,0.07,0,0,0,0,0.014,0.044,0.045,0.098,0.098,0.162,0.147,0.167,0.17,0.174,0.201,0.201
020_AAAF,CRGRO048,19,19,2020-08-03T00:00:00Z,84,264,72,10,12,152,4,56,0,183,0.06,0,0,0,0,0.014,0.039,0.04,0.093,0.093,0.156,0.146,0.166,0.169,0.173,0.201,0.201
020_AAAF,CRGRO048,19,19,2020-08-04T00:00:00Z,85,262,70,10,12,152,4,56,0,183,0.09,0,0,0,0,0.023,0.037,0.037,0.089,0.09,0.152,0.145,0.165,0.168,0.172,0.201,0.201
020_AAAF,CRGRO048,19,19,2020-08-05T00:00:00Z,86,275,83,10,12,152,5,72,0,183,0.08,0,0,0,0,0.157,0.08,0.056,0.099,0.087,0.149,0.143,0.164,0.168,0.171,0.201,0.201
020_AAAF,CRGRO048,19,19,2020-08-06T00:00:00Z,87,275,83,10,12,156,5,72,0,183,0.09,0,0,0,0,0.111,0.066,0.061,0.121,0.092,0.149,0.143,0.164,0.167,0.171,0.201,0.201
020_AAAF,CRGRO048,19,19,2020-08-07T00:00:00Z,88,271,79,10,12,156,5,72,0,183,0.09,0,0,0,0,0.061,0.055,0.056,0.117,0.103,0.148,0.143,0.164,0.167,0.171,0.201,0.201
020_AAAF,CRGRO048,19,19,2020-08-08T00:00:00Z,89,267,76,10,12,156,5,72,0,183,0.09,0,0,0,0,0.039,0.051,0.051,0.108,0.101,0.148,0.143,0.164,0.167,0.17,0.201,0.201
020_AAAF,CRGRO048,19,19,2020-08-09T00:00:00Z,90,269,77,10,12,162,5,72,0,183,0.1,0,0,0,0,0.08,0.057,0.051,0.106,0.097,0.147,0.142,0.163,0.167,0.17,0.201,0.201
020_AAAF,CRGRO048,19,19,2020-08-10T00:00:00Z,91,277,85,10,12,172,5,72,0,183,0.1,0,0,0,0,0.144,0.074,0.06,0.119,0.101,0.146,0.142,0.163,0.166,0.17,0.201,0.201
020_AAAF,CRGRO048,19,19,2020-08-11T00:00:00Z,92,272,80,10,12,172,5,72,0,183,0.1,0,0,0,0,0.068,0.05,0.05,0.108,0.118,0.168,0.142,0.163,0.166,0.17,0.2,0.201
020_AAAF,CRGRO048,19,19,2020-08-12T00:00:00Z,93,279,87,10,12,182,5,72,0,183,0.12,0,0,0,0,0.133,0.073,0.058,0.118,0.111,0.165,0.142,0.163,0.166,0.17,0.2,0.201
020_AAAF,CRGRO048,19,19,2020-08-13T00:00:00Z,94,275,83,10,12,182,5,72,0,183,0.12,0,0,0,0,0.072,0.059,0.058,0.118,0.117,0.163,0.142,0.163,0.166,0.17,0.2,0.201
020_AAAF,CRGRO048,19,19,2020-08-14T00:00:00Z,95,278,87,10,12,190,5,72,0,183,0.12,0,0,0,0,0.114,0.069,0.059,0.12,0.115,0.168,0.142,0.163,0.166,0.17,0.2,0.201
020_AAAF,CRGRO048,19,19,2020-08-15T00:00:00Z,96,274,82,10,12,190,5,72,0,183,0.11,0,0,0,0,0.057,0.05,0.051,0.11,0.113,0.172,0.159,0.163,0.166,0.17,0.2,0.201
020_AAAF,CRGRO048,19,19,2020-08-16T00:00:00Z,97,270,78,10,12,190,5,72,0,183,0.1,0,0,0,0,0.036,0.048,0.048,0.103,0.104,0.166,0.158,0.162,0.165,0.169,0.2,0.201
020_AAAF,CRGRO048,19,19,2020-08-17T00:00:00Z,98,265,73,10,12,190,5,72,0,183,0.1,0,0,0,0,0.019,0.043,0.043,0.097,0.097,0.16,0.155,0.162,0.165,0.169,0.2,0.201
020_AAAF,CRGRO048,19,19,2020-08-18T00:00:00Z,99,298,106,13,12,229,5,72,0,183,0.13,0,0,2.25,0,0.162,0.148,0.096,0.147,0.123,0.168,0.152,0.162,0.164,0.168,0.2,0.201
020_AAAF,CRGRO048,19,19,2020-08-19T00:00:00Z,100,294,102,13,12,229,5,72,0,183,0.12,0,0,0,0,0.078,0.084,0.063,0.123,0.114,0.173,0.174,0.196,0.174,0.168,0.2,0.201
020_AAAF,CRGRO048,19,19,2020-08-20T00:00:00Z,101,291,99,13,12,231,5,72,0,183,0.13,0,0,0,0,0.063,0.065,0.06,0.125,0.12,0.174,0.174,0.195,0.174,0.168,0.2,0.201
020_AAAF,CRGRO048,19,19,2020-08-21T00:00:00Z,102,289,97,13,12,231,5,72,0,183,0.13,0,0,0,0,0.051,0.056,0.057,0.122,0.12,0.175,0.174,0.195,0.174,0.168,0.199,0.201
020_AAAF,CRGRO048,19,19,2020-08-22T00:00:00Z,103,289,97,13,12,232,5,72,0,183,0.14,0,0,0,0,0.055,0.055,0.055,0.12,0.119,0.175,0.176,0.194,0.174,0.169,0.199,0.201
020_AAAF,CRGRO048,19,19,2020-08-23T00:00:00Z,104,288,96,13,12,233,5,72,0,183,0.14,0,0,0,0,0.055,0.055,0.054,0.117,0.118,0.173,0.174,0.194,0.174,0.169,0.199,0.201
020_AAAF,CRGRO048,19,19,2020-08-24T00:00:00Z,105,315,123,13,12,261,5,72,0,183,0.14,0,0,0.31,0,0.162,0.144,0.089,0.149,0.134,0.182,0.178,0.197,0.174,0.169,0.199,0.201
020_AAAF,CRGRO048,19,19,2020-08-25T00:00:00Z,106,330,138,13,12,281,5,72,0,183,0.14,0,0,0.1,0,0.151,0.147,0.111,0.183,0.157,0.199,0.188,0.2,0.187,0.169,0.199,0.201
020_AAAF,CRGRO048,19,19,2020-08-26T00:00:00Z,107,326,134,13,12,281,5,72,0,183,0.15,0,0,0,0,0.086,0.097,0.091,0.178,0.165,0.209,0.198,0.204,0.201,0.18,0.199,0.201
020_AAAF,CRGRO048,19,19,2020-08-27T00:00:00Z,108,319,128,13,15,281,5,72,0,183,0.13,0,0,0,0,0.049,0.065,0.063,0.137,0.132,0.186,0.181,0.198,0.281,0.194,0.205,0.205
020_AAAF,CRGRO048,19,19,2020-08-28T00:00:00Z,109,308,116,13,22,281,5,72,0,183,0.12,0,0,0,0,0.034,0.053,0.053,0.121,0.119,0.176,0.174,0.196,0.266,0.193,0.205,0.205
020_AAAF,CRGRO048,19,19,2020-08-29T00:00:00Z,110,298,107,13,28,281,5,72,0,183,0.11,0,0,0,0,0.024,0.051,0.052,0.115,0.113,0.174,0.172,0.195,0.222,0.193,0.205,0.205
020_AAAF,CRGRO048,19,19,2020-08-30T00:00:00Z,111,332,140,15,29,320,5,72,0,183,0.16,0,0,2.03,0,0.158,0.15,0.103,0.159,0.138,0.184,0.178,0.196,0.205,0.2,0.208,0.207
020_AAAF,CRGRO048,19,19,2020-08-31T00:00:00Z,112,331,139,15,30,323,5,72,0,182,0.15,0,0,0,0,0.117,0.106,0.092,0.17,0.153,0.197,0.187,0.199,0.203,0.201,0.209,0.208
020_AAAF,CRGRO048,19,19,2020-09-01T00:00:00Z,113,319,127,15,37,323,5,72,0,182,0.14,0,0,0,0,0.062,0.069,0.064,0.134,0.128,0.181,0.177,0.196,0.268,0.2,0.209,0.208
020_AAAF,CRGRO048,19,19,2020-09-02T00:00:00Z,114,308,116,15,44,323,5,72,0,182,0.12,0,0,0,0,0.042,0.054,0.053,0.12,0.117,0.174,0.175,0.195,0.247,0.2,0.209,0.208
020_AAAF,CRGRO048,19,19,2020-09-03T00:00:00Z,115,297,105,15,51,323,5,72,0,183,0.11,0,0,0,0,0.026,0.052,0.051,0.111,0.11,0.171,0.171,0.193,0.214,0.195,0.207,0.206
020_AAAF,CRGRO048,19,19,2020-09-04T00:00:00Z,116,290,98,15,52,323,5,72,0,183,0.1,0,0,0,0,0.014,0.048,0.049,0.105,0.105,0.167,0.168,0.191,0.2,0.193,0.207,0.206
020_AAAF,CRGRO048,19,19,2020-09-05T00:00:00Z,117,285,93,15,53,323,5,72,0,183,0.09,0,0,0,0,0.014,0.045,0.046,0.1,0.1,0.163,0.164,0.188,0.193,0.191,0.207,0.206
020_AAAF,CRGRO048,19,19,2020-09-06T00:00:00Z,118,282,91,15,53,323,5,72,0,183,0.08,0,0,0,0,0.014,0.043,0.044,0.098,0.098,0.161,0.161,0.186,0.19,0.189,0.207,0.206
020_AAAF,CRGRO048,19,19,2020-09-07T00:00:00Z,119,279,87,15,53,323,5,72,0,183,0.07,0,0,0,0,0.014,0.041,0.042,0.095,0.095,0.158,0.158,0.183,0.187,0.186,0.207,0.206
020_AAAF,CRGRO048,19,19,2020-09-08T00:00:00Z,120,275,84,15,53,323,5,72,0,183,0.06,0,0,0,0,0.014,0.039,0.04,0.092,0.093,0.155,0.156,0.181,0.184,0.184,0.207,0.206
020_AAAF,CRGRO048,19,19,2020-09-09T00:00:00Z,121,284,92,15,53,333,5,72,0,183,0.17,0,0,0,0,0.132,0.065,0.051,0.091,0.091,0.154,0.154,0.18,0.182,0.182,0.206,0.206
020_AAAF,CRGRO048,19,19,2020-09-10T00:00:00Z,122,293,101,15,53,344,5,72,0,183,0.16,0,0,0,0,0.155,0.085,0.067,0.122,0.095,0.153,0.154,0.179,0.181,0.182,0.206,0.206
020_AAAF,CRGRO048,19,19,2020-09-11T00:00:00Z,123,292,100,15,53,346,5,72,0,183,0.18,0,0,0,0,0.108,0.076,0.065,0.13,0.117,0.153,0.153,0.179,0.181,0.182,0.206,0.206
020_AAAF,CRGRO048,19,19,2020-09-12T00:00:00Z,124,289,97,15,53,346,5,72,0,183,0.18,0,0,0,0,0.068,0.063,0.059,0.127,0.121,0.162,0.153,0.178,0.181,0.181,0.206,0.206
020_AAAF,CRGRO048,19,19,2020-09-13T00:00:00Z,125,287,95,15,53,347,5,72,0,183,0.18,0,0,0,0,0.055,0.056,0.056,0.122,0.119,0.169,0.153,0.178,0.18,0.181,0.206,0.206
020_AAAF,CRGRO048,19,19,2020-09-14T00:00:00Z,126,285,93,15,53,348,5,72,0,183,0.18,0,0,0,0,0.051,0.054,0.053,0.116,0.115,0.17,0.153,0.178,0.18,0.181,0.206,0.206
020_AAAF,CRGRO048,19,19,2020-09-15T00:00:00Z,127,286,94,15,53,350,5,72,0,183,0.19,0,0,0,0,0.07,0.057,0.054,0.118,0.112,0.169,0.153,0.178,0.18,0.181,0.206,0.206
020_AAAF,CRGRO048,19,19,2020-09-16T00:00:00Z,128,296,104,15,53,360,5,72,0,183,0.19,0,0,0,0,0.149,0.077,0.063,0.126,0.12,0.171,0.153,0.178,0.18,0.181,0.206,0.206
020_AAAF,CRGRO048,19,19,2020-09-17T00:00:00Z,129,299,108,15,53,367,5,72,0,183,0.17,0,0,0,0,0.147,0.083,0.068,0.133,0.125,0.178,0.16,0.177,0.18,0.181,0.206,0.206
020_AAAF,CRGRO048,19,19,2020-09-18T00:00:00Z,130,298,106,15,53,367,5,72,0,183,0.16,0,0,0,0,0.086,0.063,0.057,0.123,0.12,0.174,0.174,0.196,0.182,0.181,0.206,0.206
020_AAAF,CRGRO048,19,19,2020-09-19T00:00:00Z,131,296,104,15,53,367,5,72,0,183,0.14,0,0,0,0,0.059,0.055,0.054,0.117,0.117,0.173,0.173,0.195,0.194,0.183,0.206,0.206
020_AAAF,CRGRO048,19,19,2020-09-20T00:00:00Z,132,294,103,15,53,367,5,72,0,183,0.12,0,0,0,0,0.049,0.054,0.053,0.116,0.114,0.172,0.172,0.195,0.193,0.183,0.206,0.206
020_AAAF,CRGRO048,19,19,2020-09-21T00:00:00Z,133,291,99,15,53,367,5,72,0,183,0.11,0,0,0,0,0.037,0.052,0.051,0.111,0.11,0.17,0.17,0.193,0.192,0.183,0.206,0.206
020_AAAF,CRGRO048,19,19,2020-09-22T00:00:00Z,134,288,96,15,53,367,5,72,0,183,0.09,0,0,0,0,0.026,0.049,0.049,0.106,0.106,0.167,0.167,0.191,0.19,0.182,0.205,0.206
020_AAAF,CRGRO048,19,19,2020-09-23T00:00:00Z,135,286,94,15,53,367,5,72,0,183,0.08,0,0,0,0,0.019,0.048,0.048,0.104,0.104,0.165,0.166,0.19,0.189,0.182,0.205,0.206
020_AAAF,CRGRO048,19,19,2020-09-24T00:00:00Z,136,283,91,15,53,367,5,72,0,183,0.07,0,0,0,0,0.014,0.045,0.046,0.101,0.101,0.163,0.163,0.188,0.187,0.182,0.205,0.206
020_AAAF,CRGRO048,19,19,2020-09-25T00:00:00Z,137,283,91,15,53,370,5,72,0,183,0.2,0,0,0,0,0.061,0.048,0.044,0.098,0.098,0.16,0.161,0.186,0.185,0.181,0.205,0.206
020_AAAF,CRGRO048,19,19,2020-09-26T00:00:00Z,138,279,87,15,53,370,5,72,0,183,0.17,0,0,0,0,0.041,0.048,0.042,0.096,0.096,0.158,0.159,0.184,0.183,0.18,0.205,0.206
020_AAAF,CRGRO048,19,19,2020-09-27T00:00:00Z,139,279,87,15,53,370,5,72,0,183,0.21,0,0,0,0,0.051,0.048,0.042,0.095,0.095,0.157,0.158,0.183,0.183,0.179,0.205,0.206
020_AAAF,CRGRO048,19,19,2020-09-28T00:00:00Z,140,280,88,15,53,373,5,72,0,183,0.18,0,0,0,0,0.069,0.054,0.044,0.094,0.094,0.156,0.156,0.182,0.181,0.179,0.205,0.206
020_AAAF,CRGRO048,19,19,2020-09-29T00:00:00Z,141,299,107,15,53,394,5,72,0,183,0.21,0,0,0,0,0.157,0.114,0.074,0.128,0.106,0.155,0.156,0.181,0.181,0.178,0.205,0.206
020_AAAF,CRGRO048,19,19,2020-09-30T00:00:00Z,142,295,103,15,53,394,5,72,0,183,0.18,0,0,0,0,0.081,0.071,0.055,0.116,0.118,0.174,0.174,0.192,0.18,0.178,0.205,0.206
020_AAAF,CRGRO048,19,19,2020-10-01T00:00:00Z,143,292,100,15,53,394,5,72,0,183,0.16,0,0,0,0,0.049,0.053,0.053,0.115,0.114,0.172,0.172,0.195,0.181,0.178,0.205,0.206
020_AAAF,CRGRO048,19,19,2020-10-02T00:00:00Z,144,289,97,15,53,394,5,72,0,183,0.14,0,0,0,0,0.039,0.052,0.051,0.11,0.11,0.17,0.17,0.193,0.181,0.178,0.205,0.206
020_AAAF,CRGRO048,19,19,2020-10-03T00:00:00Z,145,287,95,15,53,394,5,72,0,183,0.12,0,0,0,0,0.032,0.05,0.05,0.108,0.107,0.168,0.168,0.192,0.18,0.178,0.205,0.206
020_AAAF,CRGRO048,19,19,2020-10-04T00:00:00Z,146,284,92,15,53,394,5,72,0,183,0.1,0,0,0,0,0.023,0.048,0.048,0.104,0.104,0.166,0.166,0.19,0.18,0.178,0.205,0.206
020_AAAF,CRGRO048,20,20,2020-05-11T00:00:00Z,0,256,64,0,0,0,0,0,0,174,0,0,0,0,0,0.086,0.086,0.086,0.086,0.086,0.118,0.118,0.135,0.129,0.129,0.178,0.258
020_AAAF,CRGRO048,20,20,2020-05-12T00:00:00Z,1,252,61,0,7,0,1,8,0,179,0,0,0,0,0,0.064,0.086,0.079,0.13,0.1,0.118,0.118,0.135,0.129,0.129,0.178,0.228
020_AAAF,CRGRO048,20,20,2020-05-13T00:00:00Z,2,247,55,0,10,0,1,8,0,181,0,0,0,0,0,0.013,0.066,0.063,0.123,0.119,0.146,0.118,0.135,0.129,0.129,0.178,0.214
020_AAAF,CRGRO048,20,20,2020-05-14T00:00:00Z,3,246,54,0,12,0,1,8,0,182,0,0,0,0,0,0.014,0.058,0.057,0.121,0.119,0.162,0.118,0.135,0.129,0.13,0.178,0.209
020_AAAF,CRGRO048,20,20,2020-05-15T00:00:00Z,4,245,53,0,12,0,1,8,0,183,0,0,0,0,0,0.014,0.054,0.055,0.121,0.119,0.167,0.119,0.135,0.129,0.13,0.178,0.206
020_AAAF,CRGRO048,20,20,2020-05-16T00:00:00Z,5,245,53,0,12,0,1,8,0,183,0,0,0,0,0,0.014,0.054,0.055,0.121,0.119,0.167,0.119,0.135,0.129,0.13,0.178,0.206
020_AAAF,CRGRO048,20,20,2020-05-17T00:00:00Z,6,245,53,0,12,0,1,8,0,183,0,0,0,0,0,0.014,0.053,0.055,0.121,0.119,0.166,0.119,0.135,0.129,0.13,0.178,0.206
020_AAAF,CRGRO048,20,20,2020-05-18T00:00:00Z,7,245,53,0,12,0,1,8,0,183,0,0,0,0,0,0.014,0.053,0.055,0.121,0.119,0.166,0.12,0.135,0.129,0.13,0.178,0.206
020_AAAF,CRGRO048,20,20,2020-05-19T00:00:00Z,8,245,53,0,12,0,1,8,0,183,0,0,0,0,0,0.014,0.052,0.055,0.121,0.118,0.166,0.12,0.135,0.129,0.13,0.178,0.206
020_AAAF,CRGRO048,20,20,2020-05-20T00:00:00Z,9,262,70,0,12,17,1,8,0,183,0,0,0,0,0,0.167,0.09,0.068,0.134,0.127,0.176,0.12,0.135,0.129,0.131,0.178,0.206
020_AAAF,CRGRO048,20,20,2020-05-21T00:00:00Z,10,262,70,0,12,21,1,8,0,183,0,0,0,0,0,0.066,0.088,0.073,0.143,0.135,0.183,0.134,0.135,0.129,0.131,0.178,0.206
020_AAAF,CRGRO048,20,20,2020-05-22T00:00:00Z,11,261,69,0,12,23,1,8,0,183,0,0,0,0,0,0.025,0.073,0.069,0.143,0.138,0.188,0.155,0.135,0.129,0.131,0.178,0.205
020_AAAF,CRGRO048,20,20,2020-05-23T00:00:00Z,12,261,69,0,12,23,1,8,0,183,0,0,0,0,0,0.02,0.06,0.062,0.137,0.137,0.189,0.176,0.135,0.129,0.131,0.178,0.205
020_AAAF,CRGRO048,20,20,2020-05-24T00:00:00Z,13,260,69,0,12,23,1,8,0,183,0,0,0,0,0,0.014,0.055,0.056,0.126,0.126,0.18,0.176,0.152,0.129,0.131,0.178,0.205
020_AAAF,CRGRO048,20,20,2020-05-25T00:00:00Z,14,262,70,0,12,25,1,8,0,183,0,0,0,0,0,0.05,0.054,0.054,0.123,0.124,0.179,0.177,0.154,0.129,0.131,0.178,0.205
020_AAAF,CRGRO048,20,20,2020-05-26T00:00:00Z,15,263,72,0,12,28,1,8,0,183,0,0,0,0,0,0.045,0.06,0.056,0.124,0.124,0.179,0.178,0.157,0.129,0.132,0.178,0.205
020_AAAF,CRGRO048,20,20,2020-05-27T00:00:00Z,16,262,70,0,12,28,1,8,0,183,0,0,0,0,0,0.02,0.055,0.055,0.123,0.123,0.178,0.177,0.16,0.129,0.132,0.178,0.205
020_AAAF,CRGRO048,20,20,2020-05-28T00:00:00Z,17,262,70,0,12,28,1,8,0,183,0,0,0,0,0,0.014,0.054,0.055,0.121,0.121,0.176,0.175,0.163,0.129,0.132,0.178,0.205
020_AAAF,CRGRO048,20,20,2020-05-29T00:00:00Z,18,261,70,0,12,28,1,8,0,183,0,0,0,0,0,0.014,0.053,0.054,0.12,0.121,0.176,0.175,0.163,0.13,0.132,0.178,0.205
020_AAAF,CRGRO048,20,20,2020-05-30T00:00:00Z,19,261,69,0,12,28,1,8,0,183,0,0,0,0,0,0.014,0.052,0.054,0.12,0.121,0.176,0.175,0.164,0.13,0.132,0.178,0.205
020_AAAF,CRGRO048,20,20,2020-05-31T00:00:00Z,20,261,69,0,12,28,1,8,0,183,0,0,0,0,0,0.014,0.05,0.053,0.119,0.121,0.176,0.175,0.164,0.13,0.132,0.178,0.204
020_AAAF,CRGRO048,20,20,2020-06-01T00:00:00Z,21,261,69,0,12,28,1,8,0,183,0,0,0,0,0,0.014,0.049,0.052,0.118,0.12,0.176,0.174,0.164,0.13,0.133,0.178,0.204
020_AAAF,CRGRO048,20,20,2020-06-02T00:00:00Z,22,260,68,0,12,28,1,8,0,183,0,0,0,0,0,0.014,0.048,0.052,0.117,0.12,0.176,0.174,0.164,0.13,0.133,0.178,0.204
020_AAAF,CRGRO048,20,20,2020-06-03T00:00:00Z,23,260,68,0,12,28,1,8,0,183,0,0,0,0,0,0.014,0.048,0.051,0.116,0.119,0.176,0.174,0.164,0.13,0.133,0.178,0.204
020_AAAF,CRGRO048,20,20,2020-06-04T00:00:00Z,24,260,68,0,12,28,1,8,0,183,0,0,0,0,0,0.014,0.047,0.051,0.115,0.119,0.176,0.174,0.164,0.13,0.133,0.178,0.204
020_AAAF,CRGRO048,20,20,2020-06-05T00:00:00Z,25,259,67,0,12,28,1,8,0,183,0,0,0,0,0,0.014,0.046,0.05,0.114,0.118,0.176,0.174,0.164,0.13,0.133,0.178,0.204
020_AAAF,CRGRO048,20,20,2020-06-06T00:00:00Z,26,260,68,0,12,29,1,8,0,183,0,0,0,0,0,0.024,0.046,0.05,0.114,0.117,0.176,0.173,0.164,0.13,0.133,0.178,0.204
020_AAAF,CRGRO048,20,20,2020-06-07T00:00:00Z,27,269,77,0,12,39,1,8,0,183,0,0,0,0,0,0.125,0.069,0.058,0.121,0.12,0.175,0.173,0.164,0.131,0.134,0.178,0.204
020_AAAF,CRGRO048,20,20,2020-06-08T00:00:00Z,28,267,76,0,12,42,1,8,0,183,0,0,0,0,0,0.027,0.072,0.063,0.128,0.125,0.178,0.176,0.165,0.131,0.134,0.178,0.204
020_AAAF,CRGRO048,20,20,2020-06-09T00:00:00Z,29,275,83,0,12,50,1,8,0,183,0,0,0,0,0,0.105,0.074,0.065,0.134,0.129,0.181,0.179,0.168,0.131,0.134,0.178,0.203
020_AAAF,CRGRO048,20,20,2020-06-10T00:00:00Z,30,271,80,0,12,51,1,8,0,183,0,0,0,0,0,0.013,0.067,0.063,0.134,0.131,0.184,0.181,0.174,0.131,0.134,0.178,0.203
020_AAAF,CRGRO048,20,20,2020-06-11T00:00:00Z,31,273,81,0,12,53,1,8,0,183,0,0,0,0,0,0.057,0.057,0.058,0.129,0.129,0.184,0.182,0.179,0.131,0.134,0.178,0.203
020_AAAF,CRGRO048,20,20,2020-06-12T00:00:00Z,32,271,79,0,12,53,1,8,0,183,0,0,0,0,0,0.019,0.055,0.056,0.125,0.126,0.182,0.182,0.185,0.131,0.134,0.178,0.203
020_AAAF,CRGRO048,20,20,2020-06-13T00:00:00Z,33,270,78,0,12,53,1,8,0,183,0,0,0,0,0,0.014,0.053,0.055,0.118,0.119,0.177,0.177,0.192,0.132,0.135,0.178,0.203
020_AAAF,CRGRO048,20,20,2020-06-14T00:00:00Z,34,269,77,0,12,53,1,8,0,183,0,0,0,0,0,0.014,0.051,0.053,0.115,0.116,0.176,0.176,0.192,0.132,0.135,0.178,0.203
020_AAAF,CRGRO048,20,20,2020-06-15T00:00:00Z,35,267,76,0,12,53,1,8,0,183,0,0,0,0,0,0.014,0.049,0.052,0.112,0.114,0.175,0.176,0.192,0.132,0.135,0.178,0.203
020_AAAF,CRGRO048,20,20,2020-06-16T00:00:00Z,36,267,75,0,12,53,1,8,0,183,0,0,0,0,0,0.014,0.048,0.051,0.111,0.113,0.174,0.175,0.192,0.133,0.135,0.178,0.203
020_AAAF,CRGRO048,20,20,2020-06-17T00:00:00Z,37,266,74,0,12,53,1,8,0,183,0,0,0,0,0,0.014,0.047,0.05,0.109,0.111,0.173,0.175,0.191,0.133,0.135,0.178,0.203
020_AAAF,CRGRO048,20,20,2020-06-18T00:00:00Z,38,265,73,0,12,53,1,8,0,183,0,0,0,0,0,0.014,0.046,0.048,0.107,0.109,0.172,0.173,0.191,0.133,0.135,0.178,0.203
020_AAAF,CRGRO048,20,20,2020-06-19T00:00:00Z,39,264,73,0,12,54,1,8,0,183,0,0,0,0,0,0.03,0.044,0.047,0.105,0.107,0.17,0.172,0.191,0.133,0.136,0.178,0.202
020_AAAF,CRGRO048,20,20,2020-06-20T00:00:00Z,40,263,71,0,12,55,1,8,0,183,0,0,0,0,0,0.02,0.043,0.046,0.103,0.105,0.169,0.171,0.191,0.134,0.136,0.178,0.202
020_AAAF,CRGRO048,20,20,2020-06-21T00:00:00Z,41,261,70,0,12,55,1,8,0,183,0,0,0,0,0,0.014,0.042,0.045,0.102,0.103,0.167,0.169,0.19,0.134,0.136,0.178,0.202
020_AAAF,CRGRO048,20,20,2020-06-22T00:00:00Z,42,260,69,0,12,55,1,8,0,183,0,0,0,0,0,0.014,0.041,0.044,0.1,0.102,0.166,0.168,0.19,0.134,0.136,0.178,0.202
020_AAAF,CRGRO048,20,20,2020-06-23T00:00:00Z,43,270,79,0,12,55,2,19,0,183,0,0,0,0,0,0.137,0.067,0.054,0.104,0.1,0.164,0.166,0.189,0.135,0.136,0.178,0.202
020_AAAF,CRGRO048,20,20,2020-06-24T00:00:00Z,44,265,73,0,12,55,2,19,0,183,0,0,0,0,0,0.013,0.05,0.052,0.118,0.116,0.163,0.165,0.189,0.135,0.136,0.178,0.202
020_AAAF,CRGRO048,20,20,2020-06-25T00:00:00Z,45,264,72,0,12,55,2,19,0,183,0,0,0,0,0,0.014,0.049,0.051,0.114,0.113,0.163,0.165,0.188,0.135,0.136,0.178,0.202
020_AAAF,CRGRO048,20,20,2020-06-26T00:00:00Z,46,262,70,0,12,55,2,19,0,183,0,0,0,0,0,0.014,0.047,0.049,0.108,0.109,0.162,0.164,0.188,0.135,0.137,0.178,0.202
020_AAAF,CRGRO048,20,20,2020-06-27T00:00:00Z,47,261,69,0,12,55,2,19,0,183,0.01,0,0,0,0,0.024,0.045,0.047,0.104,0.105,0.161,0.162,0.187,0.136,0.137,0.178,0.202
020_AAAF,CRGRO048,20,20,2020-06-28T00:00:00Z,48,259,67,0,12,55,2,19,0,183,0.01,0,0,0,0,0.014,0.043,0.045,0.101,0.102,0.16,0.161,0.186,0.136,0.137,0.178,0.202
020_AAAF,CRGRO048,20,20,2020-06-29T00:00:00Z,49,269,77,0,12,55,3,30,0,183,0.01,0,0,0,0,0.142,0.068,0.055,0.107,0.099,0.158,0.16,0.185,0.136,0.137,0.178,0.201
020_AAAF,CRGRO048,20,20,2020-06-30T00:00:00Z,50,277,85,0,12,69,3,30,0,183,0.01,0,0,0,0,0.095,0.099,0.074,0.133,0.121,0.158,0.159,0.184,0.136,0.137,0.178,0.201
020_AAAF,CRGRO048,20,20,2020-07-01T00:00:00Z,51,272,80,0,12,69,3,30,0,183,0.01,0,0,0,0,0.013,0.066,0.056,0.12,0.116,0.174,0.174,0.194,0.137,0.137,0.178,0.201
020_AAAF,CRGRO048,20,20,2020-07-02T00:00:00Z,52,269,77,0,12,69,3,30,0,183,0.01,0,0,0,0,0.014,0.05,0.052,0.113,0.115,0.172,0.172,0.195,0.139,0.138,0.178,0.201
020_AAAF,CRGRO048,20,20,2020-07-03T00:00:00Z,53,265,73,0,12,69,3,30,0,183,0.01,0,0,0,0,0.014,0.047,0.049,0.107,0.107,0.169,0.169,0.193,0.139,0.138,0.178,0.201
020_AAAF,CRGRO048,20,20,2020-07-04T00:00:00Z,54,262,70,0,12,69,3,30,0,183,0.01,0,0,0,0,0.014,0.044,0.046,0.102,0.102,0.165,0.165,0.191,0.139,0.138,0.178,0.201
020_AAAF,CRGRO048,20,20,2020-07-05T00:00:00Z,55,264,72,0,12,74,3,30,0,183,0.02,0,0,0,0,0.079,0.053,0.046,0.098,0.099,0.162,0.163,0.189,0.14,0.138,0.178,0.201
020_AAAF,CRGRO048,20,20,2020-07-06T00:00:00Z,56,306,114,11,12,128,3,30,0,183,0.02,0,0,10.51,0,0.139,0.149,0.129,0.179,0.143,0.182,0.174,0.188,0.14,0.138,0.178,0.201
020_AAAF,CRGRO048,20,20,2020-07-07T00:00:00Z,57,312,120,11,12,137,3,30,0,183,0.02,0,0,0,0,0.142,0.118,0.107,0.192,0.167,0.204,0.191,0.197,0.144,0.138,0.178,0.201
020_AAAF,CRGRO048,20,20,2020-07-08T00:00:00Z,58,308,116,11,12,137,3,30,0,183,0.02,0,0,0,0,0.059,0.075,0.071,0.145,0.135,0.185,0.179,0.196,0.246,0.183,0.178,0.201
020_AAAF,CRGRO048,20,20,2020-07-09T00:00:00Z,59,307,115,11,12,139,3,30,0,183,0.02,0,0,0,0,0.048,0.064,0.062,0.138,0.134,0.187,0.183,0.198,0.218,0.203,0.187,0.2
020_AAAF,CRGRO048,20,20,2020-07-10T00:00:00Z,60,300,108,11,14,139,3,30,0,183,0.02,0,0,0,0,0.013,0.053,0.053,0.12,0.119,0.176,0.175,0.197,0.204,0.203,0.205,0.205
020_AAAF,CRGRO048,20,20,2020-07-11T00:00:00Z,61,293,101,11,16,139,3,30,0,183,0.02,0,0,0,0,0.014,0.049,0.05,0.107,0.108,0.172,0.171,0.195,0.197,0.198,0.205,0.205
020_AAAF,CRGRO048,20,20,2020-07-12T00:00:00Z,62,287,95,11,17,139,3,30,0,183,0.02,0,0,0,0,0.014,0.045,0.046,0.101,0.102,0.166,0.166,0.192,0.194,0.195,0.205,0.205
020_AAAF,CRGRO048,20,20,2020-07-13T00:00:00Z,63,283,91,11,17,139,3,30,0,183,0.02,0,0,0,0,0.014,0.042,0.043,0.097,0.098,0.161,0.162,0.188,0.192,0.194,0.205,0.205
020_AAAF,CRGRO048,20,20,2020-07-14T00:00:00Z,64,292,100,11,17,139,4,42,0,183,0.02,0,0,0,0,0.148,0.069,0.054,0.102,0.095,0.158,0.159,0.185,0.19,0.193,0.205,0.205
020_AAAF,CRGRO048,20,20,2020-07-15T00:00:00Z,65,288,96,11,17,139,4,42,0,183,0.02,0,0,0,0,0.063,0.045,0.051,0.117,0.113,0.157,0.158,0.184,0.189,0.192,0.205,0.205
020_AAAF,CRGRO048,20,20,2020-07-16T00:00:00Z,66,282,90,11,17,139,4,42,0,183,0.02,0,0,0,0,0.025,0.047,0.048,0.104,0.104,0.156,0.156,0.183,0.188,0.191,0.205,0.205
020_AAAF,CRGRO048,20,20,2020-07-17T00:00:00Z,67,288,96,11,17,139,5,53,0,183,0.02,0,0,0,0,0.128,0.066,0.054,0.108,0.097,0.154,0.154,0.181,0.186,0.189,0.205,0.205
020_AAAF,CRGRO048,20,20,2020-07-18T00:00:00Z,68,283,91,11,17,139,5,53,0,183,0.02,0,0,0,0,0.053,0.042,0.05,0.114,0.114,0.153,0.153,0.18,0.185,0.188,0.205,0.205
020_AAAF,CRGRO048,20,20,2020-07-19T00:00:00Z,69,278,86,11,17,139,5,53,0,183,0.02,0,0,0,0,0.026,0.041,0.046,0.102,0.102,0.152,0.152,0.179,0.184,0.187,0.205,0.205
020_AAAF,CRGRO048,20,20,2020-07-20T00:00:00Z,70,286,94,11,17,139,6,65,0,183,0.03,0,0,0,0,0.14,0.069,0.054,0.107,0.096,0.15,0.151,0.177,0.182,0.186,0.205,0.205
020_AAAF,CRGRO048,20,20,2020-07-21T00:00:00Z,71,281,89,11,17,139,6,65,0,183,0.03,0,0,0,0,0.058,0.04,0.049,0.114,0.116,0.15,0.15,0.177,0.181,0.185,0.205,0.205
020_AAAF,CRGRO048,20,20,2020-07-22T00:00:00Z,72,279,87,11,17,142,6,65,0,183,0.05,0,0,0,0,0.06,0.054,0.048,0.104,0.103,0.149,0.149,0.176,0.18,0.184,0.205,0.205
020_AAAF,CRGRO048,20,20,2020-07-23T00:00:00Z,73,277,85,11,17,144,6,65,0,183,0.05,0,0,0,0,0.059,0.053,0.051,0.099,0.099,0.148,0.149,0.175,0.179,0.183,0.205,0.205
020_AAAF,CRGRO048,20,20,2020-07-24T00:00:00Z,74,273,81,11,17,145,6,65,0,183,0.05,0,0,0,0,0.036,0.048,0.045,0.095,0.095,0.147,0.147,0.174,0.178,0.182,0.205,0.205
020_AAAF,CRGRO048,20,20,2020-07-25T00:00:00Z,75,283,91,11,17,145,7,79,0,183,0.05,0,0,0,0,0.155,0.072,0.056,0.107,0.092,0.146,0.146,0.173,0.177,0.18,0.205,0.205
020_AAAF,CRGRO048,20,20,2020-07-26T00:00:00Z,76,277,85,11,17,145,7,79,0,183,0.05,0,0,0,0,0.066,0.041,0.05,0.114,0.118,0.146,0.146,0.172,0.176,0.18,0.205,0.205
020_AAAF,CRGRO048,20,20,2020-07-27T00:00:00Z,77,272,80,11,17,145,7,79,0,183,0.05,0,0,0,0,0.031,0.044,0.047,0.102,0.101,0.145,0.145,0.172,0.176,0.179,0.205,0.205
020_AAAF,CRGRO048,20,20,2020-07-28T00:00:00Z,78,281,89,11,17,145,8,92,0,183,0.05,0,0,0,0,0.147,0.071,0.054,0.109,0.094,0.144,0.144,0.171,0.174,0.178,0.204,0.205
020_AAAF,CRGRO048,20,20,2020-07-29T00:00:00Z,79,284,92,11,17,151,8,92,0,183,0.07,0,0,0,0,0.14,0.074,0.063,0.123,0.104,0.144,0.144,0.17,0.174,0.178,0.204,0.205
020_AAAF,CRGRO048,20,20,2020-07-30T00:00:00Z,80,282,90,11,17,152,8,92,0,183,0.07,0,0,0,0,0.089,0.065,0.06,0.124,0.12,0.144,0.144,0.17,0.174,0.178,0.204,0.205
020_AAAF,CRGRO048,20,20,2020-07-31T00:00:00Z,81,278,86,11,17,152,8,92,0,183,0.07,0,0,0,0,0.051,0.05,0.052,0.113,0.111,0.167,0.144,0.17,0.174,0.178,0.204,0.205
020_AAAF,CRGRO048,20,20,2020-08-01T00:00:00Z,82,273,81,11,17,152,8,92,0,183,0.06,0,0,0,0,0.034,0.046,0.047,0.101,0.101,0.162,0.144,0.17,0.173,0.177,0.204,0.205
020_AAAF,CRGRO048,20,20,2020-08-02T00:00:00Z,83,279,87,11,17,152,9,103,0,183,0.06,0,0,0,0,0.133,0.067,0.053,0.106,0.094,0.157,0.143,0.169,0.172,0.176,0.204,0.205
020_AAAF,CRGRO048,20,20,2020-08-03T00:00:00Z,84,274,82,11,17,152,9,103,0,183,0.06,0,0,0,0,0.062,0.04,0.049,0.114,0.111,0.155,0.143,0.168,0.172,0.175,0.204,0.205
020_AAAF,CRGRO048,20,20,2020-08-04T00:00:00Z,85,271,79,11,17,152,9,103,0,183,0.08,0,0,0,0,0.046,0.044,0.046,0.104,0.104,0.154,0.142,0.168,0.171,0.175,0.204,0.205
020_AAAF,CRGRO048,20,20,2020-08-05T00:00:00Z,86,278,86,11,17,152,10,114,0,183,0.08,0,0,0,0,0.138,0.069,0.053,0.106,0.094,0.151,0.142,0.167,0.17,0.174,0.204,0.205
020_AAAF,CRGRO048,20,20,2020-08-06T00:00:00Z,87,277,85,11,17,156,10,114,0,183,0.09,0,0,0,0,0.106,0.06,0.059,0.118,0.098,0.15,0.142,0.167,0.17,0.174,0.204,0.205
020_AAAF,CRGRO048,20,20,2020-08-07T00:00:00Z,88,273,82,11,17,156,10,114,0,183,0.09,0,0,0,0,0.062,0.055,0.053,0.112,0.104,0.15,0.141,0.166,0.17,0.174,0.204,0.205
020_AAAF,CRGRO048,20,20,2020-08-08T00:00:00Z,89,270,78,11,17,156,10,114,0,183,0.09,0,0,0,0,0.042,0.05,0.049,0.106,0.1,0.149,0.141,0.166,0.169,0.173,0.203,0.205
020_AAAF,CRGRO048,20,20,2020-08-09T00:00:00Z,90,283,91,11,17,162,11,125,0,183,0.1,0,0,0,0,0.158,0.088,0.063,0.118,0.107,0.148,0.141,0.166,0.169,0.173,0.203,0.205
020_AAAF,CRGRO048,20,20,2020-08-10T00:00:00Z,91,291,99,11,17,172,11,125,0,183,0.1,0,0,0,0,0.158,0.1,0.074,0.136,0.125,0.158,0.141,0.166,0.169,0.173,0.203,0.205
020_AAAF,CRGRO048,20,20,2020-08-11T00:00:00Z,92,286,94,11,17,172,11,125,0,183,0.1,0,0,0,0,0.08,0.064,0.054,0.118,0.114,0.173,0.174,0.176,0.168,0.173,0.203,0.205
020_AAAF,CRGRO048,20,20,2020-08-12T00:00:00Z,93,293,101,11,17,182,11,125,0,183,0.11,0,0,0,0,0.144,0.076,0.063,0.123,0.119,0.173,0.174,0.176,0.168,0.173,0.203,0.205
020_AAAF,CRGRO048,20,20,2020-08-13T00:00:00Z,94,289,97,11,17,182,11,125,0,183,0.11,0,0,0,0,0.083,0.065,0.06,0.124,0.119,0.175,0.173,0.177,0.168,0.173,0.203,0.205
020_AAAF,CRGRO048,20,20,2020-08-14T00:00:00Z,95,293,101,11,17,190,11,125,0,183,0.11,0,0,0,0,0.124,0.071,0.062,0.125,0.12,0.176,0.174,0.178,0.168,0.173,0.203,0.205
020_AAAF,CRGRO048,20,20,2020-08-15T00:00:00Z,96,288,96,11,17,190,11,125,0,183,0.11,0,0,0,0,0.067,0.053,0.052,0.114,0.113,0.173,0.172,0.193,0.168,0.173,0.203,0.205
020_AAAF,CRGRO048,20,20,2020-08-16T00:00:00Z,97,284,92,11,17,190,11,125,0,183,0.1,0,0,0,0,0.041,0.05,0.05,0.11,0.107,0.169,0.168,0.191,0.168,0.172,0.203,0.205
020_AAAF,CRGRO048,20,20,2020-08-17T00:00:00Z,98,279,87,11,17,190,11,125,0,183,0.09,0,0,0,0,0.03,0.047,0.047,0.102,0.101,0.164,0.164,0.188,0.168,0.172,0.203,0.205
020_AAAF,CRGRO048,20,20,2020-08-18T00:00:00Z,99,311,120,13,17,229,11,125,0,183,0.13,0,0,2.42,0,0.158,0.149,0.1,0.152,0.128,0.173,0.165,0.185,0.168,0.172,0.202,0.205
020_AAAF,CRGRO048,20,20,2020-08-19T00:00:00Z,100,304,112,13,20,229,11,125,0,183,0.12,0,0,0,0,0.081,0.084,0.065,0.126,0.116,0.172,0.173,0.195,0.195,0.194,0.205,0.205
020_AAAF,CRGRO048,20,20,2020-08-20T00:00:00Z,101,302,110,13,20,231,11,125,0,183,0.13,0,0,0,0,0.068,0.066,0.06,0.127,0.121,0.175,0.175,0.194,0.194,0.193,0.205,0.205
020_AAAF,CRGRO048,20,20,2020-08-21T00:00:00Z,102,300,108,13,20,231,11,125,0,183,0.13,0,0,0,0,0.055,0.057,0.057,0.124,0.121,0.176,0.175,0.195,0.194,0.193,0.205,0.205
020_AAAF,CRGRO048,20,20,2020-08-22T00:00:00Z,103,299,107,13,20,232,11,125,0,183,0.14,0,0,0,0,0.058,0.056,0.055,0.121,0.12,0.176,0.175,0.196,0.193,0.193,0.205,0.205
020_AAAF,CRGRO048,20,20,2020-08-23T00:00:00Z,104,298,106,13,20,233,11,125,0,183,0.14,0,0,0,0,0.058,0.055,0.054,0.118,0.118,0.174,0.174,0.196,0.193,0.192,0.205,0.205
020_AAAF,CRGRO048,20,20,2020-08-24T00:00:00Z,105,325,133,13,20,261,11,125,0,183,0.14,0,0,0.33,0,0.163,0.145,0.09,0.15,0.135,0.183,0.179,0.197,0.195,0.194,0.205,0.205
020_AAAF,CRGRO048,20,20,2020-08-25T00:00:00Z,106,340,148,13,20,281,11,125,0,183,0.14,0,0,0.11,0,0.155,0.147,0.111,0.184,0.158,0.199,0.189,0.2,0.2,0.197,0.206,0.207
020_AAAF,CRGRO048,20,20,2020-08-26T00:00:00Z,107,336,144,13,21,281,11,125,0,182,0.15,0,0,0,0,0.091,0.098,0.091,0.179,0.165,0.21,0.199,0.204,0.206,0.202,0.209,0.208
020_AAAF,CRGRO048,20,20,2020-08-27T00:00:00Z,108,324,132,13,28,281,11,125,0,182,0.13,0,0,0,0,0.055,0.065,0.063,0.138,0.132,0.186,0.181,0.198,0.289,0.201,0.209,0.208
020_AAAF,CRGRO048,20,20,2020-08-28T00:00:00Z,109,312,120,13,35,281,11,125,0,182,0.12,0,0,0,0,0.044,0.052,0.053,0.12,0.118,0.176,0.174,0.196,0.274,0.2,0.209,0.208
020_AAAF,CRGRO048,20,20,2020-08-29T00:00:00Z,110,302,110,13,42,281,11,125,0,182,0.11,0,0,0,0,0.037,0.051,0.051,0.114,0.113,0.173,0.172,0.195,0.225,0.199,0.209,0.208
020_AAAF,CRGRO048,20,20,2020-08-30T00:00:00Z,111,334,142,16,44,320,11,125,0,182,0.16,0,0,2.17,0,0.161,0.15,0.104,0.16,0.138,0.183,0.178,0.197,0.205,0.202,0.21,0.209
020_AAAF,CRGRO048,20,20,2020-08-31T00:00:00Z,112,332,140,16,46,323,11,125,0,182,0.15,0,0,0,0,0.12,0.106,0.093,0.171,0.153,0.197,0.187,0.2,0.203,0.202,0.211,0.21
020_AAAF,CRGRO048,20,20,2020-09-01T00:00:00Z,113,321,129,16,53,323,11,125,0,182,0.14,0,0,0,0,0.066,0.069,0.063,0.134,0.127,0.181,0.177,0.196,0.271,0.202,0.211,0.21
020_AAAF,CRGRO048,20,20,2020-09-02T00:00:00Z,114,309,117,16,60,323,11,125,0,182,0.12,0,0,0,0,0.046,0.054,0.053,0.12,0.117,0.174,0.175,0.195,0.251,0.201,0.211,0.21
020_AAAF,CRGRO048,20,20,2020-09-03T00:00:00Z,115,298,106,16,67,323,11,125,0,183,0.11,0,0,0,0,0.035,0.051,0.051,0.11,0.11,0.171,0.171,0.193,0.215,0.196,0.207,0.207
020_AAAF,CRGRO048,20,20,2020-09-04T00:00:00Z,116,291,99,16,69,323,11,125,0,183,0.1,0,0,0,0,0.024,0.048,0.048,0.104,0.104,0.167,0.167,0.191,0.2,0.193,0.207,0.207
020_AAAF,CRGRO048,20,20,2020-09-05T00:00:00Z,117,286,94,16,70,323,11,125,0,183,0.09,0,0,0,0,0.015,0.045,0.046,0.1,0.1,0.163,0.163,0.188,0.193,0.191,0.207,0.207
020_AAAF,CRGRO048,20,20,2020-09-06T00:00:00Z,118,294,102,16,70,323,12,136,0,183,0.08,0,0,0,0,0.137,0.068,0.055,0.106,0.098,0.161,0.161,0.186,0.191,0.189,0.207,0.207
020_AAAF,CRGRO048,20,20,2020-09-07T00:00:00Z,119,290,98,16,70,323,12,136,0,183,0.07,0,0,0,0,0.07,0.047,0.052,0.116,0.116,0.159,0.16,0.185,0.189,0.188,0.207,0.207
020_AAAF,CRGRO048,20,20,2020-09-08T00:00:00Z,120,287,95,16,70,323,12,136,0,183,0.06,0,0,0,0,0.045,0.051,0.05,0.109,0.109,0.159,0.159,0.184,0.188,0.187,0.207,0.207
020_AAAF,CRGRO048,20,20,2020-09-09T00:00:00Z,121,295,103,16,70,333,12,136,0,183,0.17,0,0,0,0,0.142,0.072,0.059,0.118,0.109,0.158,0.158,0.183,0.187,0.187,0.207,0.207
020_AAAF,CRGRO048,20,20,2020-09-10T00:00:00Z,122,304,112,16,70,344,12,136,0,183,0.16,0,0,0,0,0.158,0.093,0.071,0.133,0.123,0.166,0.158,0.183,0.186,0.186,0.207,0.207
020_AAAF,CRGRO048,20,20,2020-09-11T00:00:00Z,123,303,111,16,70,346,12,136,0,183,0.18,0,0,0,0,0.111,0.081,0.069,0.139,0.13,0.178,0.164,0.183,0.186,0.186,0.207,0.207
020_AAAF,CRGRO048,20,20,2020-09-12T00:00:00Z,124,300,108,16,70,346,12,136,0,183,0.17,0,0,0,0,0.072,0.066,0.062,0.134,0.129,0.182,0.175,0.184,0.186,0.186,0.207,0.207
020_AAAF,CRGRO048,20,20,2020-09-13T00:00:00Z,125,298,107,16,70,347,12,136,0,183,0.18,0,0,0,0,0.059,0.058,0.058,0.128,0.126,0.181,0.178,0.187,0.185,0.186,0.207,0.207
020_AAAF,CRGRO048,20,20,2020-09-14T00:00:00Z,126,296,105,16,70,348,12,136,0,183,0.18,0,0,0,0,0.055,0.055,0.055,0.121,0.121,0.178,0.177,0.191,0.185,0.185,0.207,0.207
020_AAAF,CRGRO048,20,20,2020-09-15T00:00:00Z,127,297,106,16,70,350,12,136,0,183,0.19,0,0,0,0,0.073,0.059,0.056,0.12,0.119,0.176,0.176,0.192,0.185,0.185,0.207,0.207
020_AAAF,CRGRO048,20,20,2020-09-16T00:00:00Z,128,307,115,16,70,360,12,136,0,183,0.19,0,0,0,0,0.151,0.078,0.064,0.128,0.124,0.177,0.176,0.194,0.185,0.185,0.207,0.207
020_AAAF,CRGRO048,20,20,2020-09-17T00:00:00Z,129,311,119,16,70,367,12,136,0,183,0.17,0,0,0,0,0.15,0.084,0.069,0.136,0.128,0.181,0.178,0.197,0.185,0.185,0.207,0.207
020_AAAF,CRGRO048,20,20,2020-09-18T00:00:00Z,130,304,112,16,75,367,12,136,0,183,0.16,0,0,0,0,0.088,0.064,0.058,0.124,0.121,0.176,0.175,0.197,0.194,0.194,0.207,0.207
020_AAAF,CRGRO048,20,20,2020-09-19T00:00:00Z,131,299,107,16,78,367,12,136,0,183,0.14,0,0,0,0,0.061,0.055,0.054,0.118,0.118,0.175,0.174,0.196,0.194,0.194,0.207,0.207
020_AAAF,CRGRO048,20,20,2020-09-20T00:00:00Z,132,298,106,16,78,367,12,136,0,183,0.13,0,0,0,0,0.051,0.054,0.053,0.116,0.116,0.173,0.173,0.195,0.193,0.193,0.207,0.207
020_AAAF,CRGRO048,20,20,2020-09-21T00:00:00Z,133,294,102,16,78,367,12,136,0,183,0.11,0,0,0,0,0.042,0.052,0.051,0.111,0.111,0.171,0.171,0.194,0.192,0.192,0.207,0.207
020_AAAF,CRGRO048,20,20,2020-09-22T00:00:00Z,134,291,99,16,78,367,12,136,0,183,0.1,0,0,0,0,0.034,0.05,0.049,0.107,0.107,0.168,0.168,0.192,0.191,0.191,0.207,0.207
020_AAAF,CRGRO048,20,20,2020-09-23T00:00:00Z,135,289,97,16,78,367,12,136,0,183,0.09,0,0,0,0,0.029,0.048,0.048,0.105,0.105,0.166,0.166,0.191,0.19,0.19,0.207,0.207
020_AAAF,CRGRO048,20,20,2020-09-24T00:00:00Z,136,286,94,16,78,367,12,136,0,183,0.08,0,0,0,0,0.023,0.046,0.046,0.102,0.102,0.164,0.164,0.189,0.188,0.189,0.207,0.207
020_AAAF,CRGRO048,20,20,2020-09-25T00:00:00Z,137,286,94,16,78,370,12,136,0,183,0.19,0,0,0,0,0.059,0.051,0.044,0.099,0.099,0.162,0.162,0.187,0.186,0.187,0.207,0.207
020_AAAF,CRGRO048,20,20,2020-09-26T00:00:00Z,138,282,90,16,78,370,12,136,0,183,0.17,0,0,0,0,0.043,0.049,0.043,0.097,0.097,0.159,0.16,0.185,0.185,0.186,0.206,0.207
020_AAAF,CRGRO048,20,20,2020-09-27T00:00:00Z,139,293,101,16,78,370,13,148,0,183,0.21,0,0,0,0,0.154,0.075,0.058,0.108,0.097,0.159,0.159,0.184,0.184,0.185,0.206,0.207
020_AAAF,CRGRO048,20,20,2020-09-28T00:00:00Z,140,294,102,16,78,373,13,148,0,183,0.19,0,0,0,0,0.115,0.071,0.062,0.123,0.105,0.158,0.158,0.184,0.184,0.185,0.206,0.207
020_AAAF,CRGRO048,20,20,2020-09-29T00:00:00Z,141,313,121,16,78,394,13,148,0,183,0.2,0,0,0,0,0.161,0.129,0.087,0.149,0.131,0.175,0.158,0.184,0.183,0.184,0.206,0.207
020_AAAF,CRGRO048,20,20,2020-09-30T00:00:00Z,142,304,113,16,83,394,13,148,0,183,0.17,0,0,0,0,0.085,0.078,0.061,0.126,0.119,0.173,0.174,0.196,0.194,0.194,0.206,0.207
020_AAAF,CRGRO048,20,20,2020-10-01T00:00:00Z,143,298,106,16,86,394,13,148,0,183,0.15,0,0,0,0,0.054,0.058,0.053,0.117,0.114,0.172,0.172,0.195,0.193,0.193,0.206,0.207
020_AAAF,CRGRO048,20,20,2020-10-02T00:00:00Z,144,295,103,16,86,394,13,148,0,183,0.13,0,0,0,0,0.046,0.052,0.052,0.114,0.111,0.17,0.17,0.194,0.192,0.192,0.206,0.207
020_AAAF,CRGRO048,20,20,2020-10-03T00:00:00Z,145,292,101,16,86,394,13,148,0,183,0.12,0,0,0,0,0.04,0.051,0.051,0.111,0.109,0.169,0.169,0.193,0.191,0.192,0.206,0.207
020_AAAF,CRGRO048,20,20,2020-10-04T00:00:00Z,146,290,98,16,86,394,13,148,0,183,0.1,0,0,0,0,0.034,0.049,0.049,0.107,0.106,0.167,0.167,0.191,0.19,0.19,0.206,0.207
020_AAAF,CRGRO048,21,21,2020-05-18T00:00:00Z,0,256,64,0,0,0,0,0,0,174,0,0,0,0,0,0.086,0.086,0.086,0.086,0.086,0.118,0.118,0.135,0.129,0.129,0.178,0.258
020_AAAF,CRGRO048,21,21,2020-05-19T00:00:00Z,1,252,61,0,7,0,1,8,0,179,0,0,0,0,0,0.064,0.086,0.079,0.13,0.1,0.118,0.118,0.135,0.129,0.129,0.178,0.228
020_AAAF,CRGRO048,21,21,2020-05-20T00:00:00Z,2,265,73,0,10,17,1,8,0,181,0,0,0,0,0,0.145,0.114,0.088,0.154,0.131,0.135,0.118,0.135,0.129,0.129,0.178,0.214
020_AAAF,CRGRO048,21,21,2020-05-21T00:00:00Z,3,264,72,0,12,21,1,8,0,182,0,0,0,0,0,0.055,0.095,0.084,0.161,0.146,0.173,0.118,0.135,0.129,0.13,0.178,0.209
020_AAAF,CRGRO048,21,21,2020-05-22T00:00:00Z,4,263,71,0,12,23,1,8,0,183,0,0,0,0,0,0.03,0.074,0.074,0.154,0.149,0.19,0.141,0.135,0.129,0.13,0.178,0.206
020_AAAF,CRGRO048,21,21,2020-05-23T00:00:00Z,5,263,71,0,12,23,1,8,0,183,0,0,0,0,0,0.02,0.061,0.065,0.144,0.145,0.194,0.169,0.135,0.129,0.13,0.178,0.206
020_AAAF,CRGRO048,21,21,2020-05-24T00:00:00Z,6,262,70,0,12,23,1,8,0,183,0,0,0,0,0,0.014,0.056,0.058,0.129,0.129,0.182,0.174,0.155,0.129,0.13,0.178,0.206
020_AAAF,CRGRO048,21,21,2020-05-25T00:00:00Z,7,264,72,0,12,25,1,8,0,183,0,0,0,0,0,0.05,0.055,0.055,0.125,0.126,0.181,0.178,0.158,0.129,0.13,0.178,0.206
020_AAAF,CRGRO048,21,21,2020-05-26T00:00:00Z,8,265,73,0,12,28,1,8,0,183,0,0,0,0,0,0.045,0.061,0.057,0.125,0.125,0.18,0.179,0.161,0.129,0.13,0.178,0.206
020_AAAF,CRGRO048,21,21,2020-05-27T00:00:00Z,9,264,72,0,12,28,1,8,0,183,0,0,0,0,0,0.02,0.056,0.056,0.124,0.124,0.179,0.179,0.164,0.129,0.131,0.178,0.206
020_AAAF,CRGRO048,21,21,2020-05-28T00:00:00Z,10,264,72,0,12,28,1,8,0,183,0,0,0,0,0,0.014,0.055,0.056,0.121,0.121,0.176,0.176,0.169,0.129,0.131,0.178,0.206
020_AAAF,CRGRO048,21,21,2020-05-29T00:00:00Z,11,264,72,0,12,28,1,8,0,183,0,0,0,0,0,0.014,0.055,0.056,0.121,0.121,0.176,0.175,0.169,0.13,0.131,0.178,0.205
020_AAAF,CRGRO048,21,21,2020-05-30T00:00:00Z,12,264,72,0,12,28,1,8,0,183,0,0,0,0,0,0.014,0.054,0.056,0.121,0.121,0.176,0.175,0.169,0.13,0.131,0.178,0.205
020_AAAF,CRGRO048,21,21,2020-05-31T00:00:00Z,13,264,72,0,12,28,1,8,0,183,0,0,0,0,0,0.014,0.054,0.056,0.121,0.121,0.176,0.175,0.169,0.13,0.131,0.178,0.205
020_AAAF,CRGRO048,21,21,2020-06-01T00:00:00Z,14,263,72,0,12,28,1,8,0,183,0,0,0,0,0,0.014,0.053,0.055,0.121,0.121,0.176,0.175,0.169,0.13,0.132,0.178,0.205
020_AAAF,CRGRO048,21,21,2020-06-02T00:00:00Z,15,263,71,0,12,28,1,8,0,183,0,0,0,0,0,0.014,0.052,0.055,0.121,0.121,0.176,0.175,0.169,0.13,0.132,0.178,0.205
020_AAAF,CRGRO048,21,21,2020-06-03T00:00:00Z,16,263,71,0,12,28,1,8,0,183,0,0,0,0,0,0.014,0.051,0.055,0.121,0.121,0.176,0.175,0.169,0.13,0.132,0.178,0.205
020_AAAF,CRGRO048,21,21,2020-06-04T00:00:00Z,17,263,71,0,12,28,1,8,0,183,0,0,0,0,0,0.014,0.05,0.054,0.121,0.121,0.176,0.174,0.169,0.13,0.132,0.178,0.205
020_AAAF,CRGRO048,21,21,2020-06-05T00:00:00Z,18,263,71,0,12,28,1,8,0,183,0,0,0,0,0,0.014,0.049,0.054,0.121,0.121,0.176,0.174,0.169,0.131,0.132,0.178,0.205
020_AAAF,CRGRO048,21,21,2020-06-06T00:00:00Z,19,263,71,0,12,29,1,8,0,183,0,0,0,0,0,0.024,0.048,0.053,0.12,0.121,0.176,0.174,0.169,0.131,0.132,0.178,0.205
020_AAAF,CRGRO048,21,21,2020-06-07T00:00:00Z,20,273,81,0,12,39,1,8,0,183,0,0,0,0,0,0.125,0.07,0.06,0.126,0.124,0.177,0.176,0.171,0.131,0.133,0.178,0.204
020_AAAF,CRGRO048,21,21,2020-06-08T00:00:00Z,21,271,79,0,12,42,1,8,0,183,0,0,0,0,0,0.024,0.072,0.064,0.131,0.128,0.18,0.178,0.173,0.131,0.133,0.178,0.204
020_AAAF,CRGRO048,21,21,2020-06-09T00:00:00Z,22,279,87,0,12,50,1,8,0,183,0,0,0,0,0,0.107,0.074,0.066,0.136,0.132,0.183,0.181,0.178,0.131,0.133,0.178,0.204
020_AAAF,CRGRO048,21,21,2020-06-10T00:00:00Z,23,276,84,0,12,51,1,8,0,183,0,0,0,0,0,0.013,0.068,0.064,0.136,0.133,0.186,0.183,0.184,0.131,0.133,0.178,0.204
020_AAAF,CRGRO048,21,21,2020-06-11T00:00:00Z,24,278,86,0,12,53,1,8,0,183,0,0,0,0,0,0.057,0.058,0.059,0.132,0.132,0.186,0.184,0.191,0.132,0.133,0.178,0.204
020_AAAF,CRGRO048,21,21,2020-06-12T00:00:00Z,25,276,84,0,12,53,1,8,0,183,0,0,0,0,0,0.015,0.056,0.057,0.127,0.128,0.184,0.183,0.198,0.132,0.133,0.178,0.204
020_AAAF,CRGRO048,21,21,2020-06-13T00:00:00Z,26,275,83,0,12,53,1,8,0,183,0,0,0,0,0,0.014,0.054,0.054,0.121,0.122,0.178,0.178,0.198,0.152,0.134,0.178,0.204
020_AAAF,CRGRO048,21,21,2020-06-14T00:00:00Z,27,275,83,0,12,53,1,8,0,183,0,0,0,0,0,0.014,0.053,0.053,0.119,0.121,0.176,0.176,0.197,0.156,0.134,0.178,0.204
020_AAAF,CRGRO048,21,21,2020-06-15T00:00:00Z,28,274,82,0,12,53,1,8,0,183,0,0,0,0,0,0.014,0.052,0.052,0.118,0.12,0.175,0.176,0.197,0.156,0.134,0.178,0.204
020_AAAF,CRGRO048,21,21,2020-06-16T00:00:00Z,29,274,82,0,12,53,1,8,0,183,0,0,0,0,0,0.014,0.051,0.052,0.117,0.119,0.175,0.176,0.197,0.156,0.134,0.178,0.203
020_AAAF,CRGRO048,21,21,2020-06-17T00:00:00Z,30,273,81,0,12,53,1,8,0,183,0,0,0,0,0,0.014,0.049,0.051,0.115,0.117,0.175,0.176,0.197,0.156,0.135,0.178,0.203
020_AAAF,CRGRO048,21,21,2020-06-18T00:00:00Z,31,273,81,0,12,53,1,8,0,183,0,0,0,0,0,0.014,0.048,0.05,0.114,0.116,0.175,0.175,0.197,0.156,0.135,0.178,0.203
020_AAAF,CRGRO048,21,21,2020-06-19T00:00:00Z,32,273,81,0,12,54,1,8,0,183,0,0,0,0,0,0.03,0.047,0.049,0.112,0.114,0.174,0.175,0.197,0.156,0.135,0.178,0.203
020_AAAF,CRGRO048,21,21,2020-06-20T00:00:00Z,33,271,79,0,12,55,1,8,0,183,0,0,0,0,0,0.02,0.046,0.049,0.11,0.112,0.173,0.175,0.197,0.156,0.135,0.178,0.203
020_AAAF,CRGRO048,21,21,2020-06-21T00:00:00Z,34,270,78,0,12,55,1,8,0,183,0,0,0,0,0,0.014,0.045,0.048,0.108,0.11,0.172,0.175,0.197,0.157,0.136,0.178,0.203
020_AAAF,CRGRO048,21,21,2020-06-22T00:00:00Z,35,269,78,0,12,55,1,8,0,183,0,0,0,0,0,0.014,0.044,0.047,0.107,0.109,0.171,0.174,0.196,0.157,0.136,0.178,0.203
020_AAAF,CRGRO048,21,21,2020-06-23T00:00:00Z,36,269,77,0,12,55,1,8,0,183,0,0,0,0,0,0.014,0.043,0.046,0.105,0.107,0.17,0.173,0.196,0.157,0.136,0.178,0.203
020_AAAF,CRGRO048,21,21,2020-06-24T00:00:00Z,37,268,76,0,12,55,1,8,0,183,0,0,0,0,0,0.014,0.042,0.045,0.104,0.106,0.169,0.172,0.196,0.157,0.136,0.178,0.203
020_AAAF,CRGRO048,21,21,2020-06-25T00:00:00Z,38,267,75,0,12,55,1,8,0,183,0,0,0,0,0,0.014,0.041,0.044,0.103,0.104,0.168,0.171,0.196,0.157,0.137,0.178,0.203
020_AAAF,CRGRO048,21,21,2020-06-26T00:00:00Z,39,266,74,0,12,55,1,8,0,183,0,0,0,0,0,0.014,0.04,0.043,0.101,0.103,0.166,0.17,0.196,0.157,0.137,0.178,0.202
020_AAAF,CRGRO048,21,21,2020-06-27T00:00:00Z,40,266,74,0,12,55,1,8,0,183,0,0,0,0,0,0.024,0.039,0.043,0.1,0.102,0.165,0.169,0.195,0.157,0.137,0.178,0.202
020_AAAF,CRGRO048,21,21,2020-06-28T00:00:00Z,41,265,73,0,12,55,1,8,0,183,0,0,0,0,0,0.014,0.039,0.042,0.099,0.101,0.164,0.168,0.195,0.157,0.137,0.178,0.202
020_AAAF,CRGRO048,21,21,2020-06-29T00:00:00Z,42,271,80,0,12,55,2,15,0,183,0,0,0,0,0,0.105,0.059,0.047,0.098,0.099,0.163,0.167,0.194,0.158,0.138,0.178,0.202
020_AAAF,CRGRO048,21,21,2020-06-30T00:00:00Z,43,279,88,0,12,69,2,15,0,183,0,0,0,0,0,0.073,0.094,0.068,0.124,0.106,0.162,0.166,0.194,0.158,0.138,0.178,0.202
020_AAAF,CRGRO048,21,21,2020-07-01T00:00:00Z,44,275,84,0,12,69,2,15,0,183,0,0,0,0,0,0.013,0.065,0.055,0.117,0.119,0.174,0.174,0.196,0.159,0.138,0.178,0.202
020_AAAF,CRGRO048,21,21,2020-07-02T00:00:00Z,45,274,82,0,12,69,2,15,0,183,0,0,0,0,0,0.014,0.052,0.053,0.115,0.115,0.173,0.173,0.196,0.161,0.138,0.178,0.202
020_AAAF,CRGRO048,21,21,2020-07-03T00:00:00Z,46,271,79,0,12,69,2,15,0,183,0,0,0,0,0,0.014,0.049,0.051,0.11,0.11,0.17,0.171,0.195,0.161,0.139,0.178,0.202
020_AAAF,CRGRO048,21,21,2020-07-04T00:00:00Z,47,269,77,0,12,69,2,15,0,183,0.01,0,0,0,0,0.014,0.047,0.049,0.106,0.106,0.168,0.169,0.194,0.162,0.139,0.178,0.202
020_AAAF,CRGRO048,21,21,2020-07-05T00:00:00Z,48,272,80,0,12,74,2,15,0,183,0.01,0,0,0,0,0.079,0.055,0.05,0.103,0.104,0.166,0.167,0.193,0.162,0.139,0.178,0.202
020_AAAF,CRGRO048,21,21,2020-07-06T00:00:00Z,49,313,121,11,12,128,2,15,0,183,0.01,0,0,10.65,0,0.131,0.15,0.13,0.182,0.147,0.186,0.177,0.195,0.162,0.14,0.178,0.201
020_AAAF,CRGRO048,21,21,2020-07-07T00:00:00Z,50,319,127,11,12,137,2,15,0,183,0.01,0,0,0,0,0.132,0.117,0.108,0.194,0.17,0.207,0.194,0.201,0.177,0.14,0.178,0.201
020_AAAF,CRGRO048,21,21,2020-07-08T00:00:00Z,51,315,123,11,12,137,2,15,0,183,0.01,0,0,0,0,0.044,0.076,0.072,0.147,0.137,0.186,0.181,0.198,0.287,0.185,0.178,0.201
020_AAAF,CRGRO048,21,21,2020-07-09T00:00:00Z,52,314,122,11,12,139,2,15,0,183,0.01,0,0,0,0,0.04,0.062,0.062,0.138,0.135,0.188,0.184,0.199,0.25,0.208,0.192,0.201
020_AAAF,CRGRO048,21,21,2020-07-10T00:00:00Z,53,306,114,11,16,139,2,15,0,183,0.01,0,0,0,0,0.014,0.052,0.053,0.12,0.119,0.177,0.175,0.196,0.24,0.208,0.205,0.205
020_AAAF,CRGRO048,21,21,2020-07-11T00:00:00Z,54,296,104,11,21,139,2,15,0,183,0.01,0,0,0,0,0.014,0.049,0.05,0.108,0.109,0.172,0.172,0.195,0.212,0.2,0.205,0.205
020_AAAF,CRGRO048,21,21,2020-07-12T00:00:00Z,55,290,98,11,23,139,2,15,0,183,0.01,0,0,0,0,0.014,0.046,0.047,0.103,0.104,0.167,0.168,0.193,0.2,0.196,0.205,0.205
020_AAAF,CRGRO048,21,21,2020-07-13T00:00:00Z,56,286,94,11,24,139,2,15,0,183,0.01,0,0,0,0,0.014,0.043,0.044,0.099,0.1,0.164,0.165,0.191,0.195,0.195,0.205,0.205
020_AAAF,CRGRO048,21,21,2020-07-14T00:00:00Z,57,283,91,11,24,139,2,15,0,183,0.01,0,0,0,0,0.014,0.041,0.042,0.097,0.097,0.161,0.162,0.189,0.192,0.193,0.205,0.205
020_AAAF,CRGRO048,21,21,2020-07-15T00:00:00Z,58,280,88,11,24,139,2,15,0,183,0.01,0,0,0,0,0.014,0.039,0.041,0.094,0.095,0.158,0.159,0.186,0.19,0.191,0.205,0.205
020_AAAF,CRGRO048,21,21,2020-07-16T00:00:00Z,59,285,93,11,24,139,3,23,0,183,0.01,0,0,0,0,0.105,0.058,0.046,0.092,0.093,0.156,0.157,0.184,0.187,0.189,0.205,0.205
020_AAAF,CRGRO048,21,21,2020-07-17T00:00:00Z,60,280,88,11,24,139,3,23,0,183,0.01,0,0,0,0,0.025,0.045,0.051,0.099,0.092,0.154,0.156,0.183,0.186,0.188,0.205,0.205
020_AAAF,CRGRO048,21,21,2020-07-18T00:00:00Z,61,276,84,11,24,139,3,23,0,183,0.01,0,0,0,0,0.014,0.042,0.045,0.095,0.09,0.152,0.154,0.181,0.184,0.186,0.205,0.205
020_AAAF,CRGRO048,21,21,2020-07-19T00:00:00Z,62,273,81,11,24,139,3,23,0,183,0.01,0,0,0,0,0.014,0.039,0.042,0.093,0.089,0.151,0.152,0.179,0.182,0.184,0.205,0.205
020_AAAF,CRGRO048,21,21,2020-07-20T00:00:00Z,63,278,86,11,24,139,4,30,0,183,0.02,0,0,0,0,0.104,0.057,0.046,0.09,0.087,0.149,0.151,0.178,0.18,0.182,0.205,0.205
020_AAAF,CRGRO048,21,21,2020-07-21T00:00:00Z,64,273,81,11,24,139,4,30,0,183,0.02,0,0,0,0,0.025,0.043,0.05,0.096,0.086,0.148,0.149,0.177,0.178,0.181,0.205,0.205
020_AAAF,CRGRO048,21,21,2020-07-22T00:00:00Z,65,272,80,11,24,142,4,30,0,183,0.03,0,0,0,0,0.054,0.047,0.043,0.093,0.085,0.147,0.148,0.175,0.177,0.179,0.205,0.205
020_AAAF,CRGRO048,21,21,2020-07-23T00:00:00Z,66,271,79,11,24,144,4,30,0,183,0.03,0,0,0,0,0.046,0.051,0.043,0.09,0.084,0.145,0.147,0.174,0.175,0.178,0.205,0.205
020_AAAF,CRGRO048,21,21,2020-07-24T00:00:00Z,67,266,75,11,24,145,4,30,0,183,0.04,0,0,0,0,0.02,0.043,0.04,0.088,0.083,0.144,0.146,0.173,0.174,0.176,0.205,0.205
020_AAAF,CRGRO048,21,21,2020-07-25T00:00:00Z,68,264,72,11,24,145,4,30,0,183,0.04,0,0,0,0,0.014,0.039,0.038,0.086,0.082,0.143,0.145,0.171,0.173,0.175,0.204,0.205
020_AAAF,CRGRO048,21,21,2020-07-26T00:00:00Z,69,270,78,11,24,145,5,38,0,183,0.04,0,0,0,0,0.108,0.058,0.043,0.085,0.082,0.142,0.144,0.17,0.171,0.174,0.204,0.205
020_AAAF,CRGRO048,21,21,2020-07-27T00:00:00Z,70,265,73,11,24,145,5,38,0,183,0.04,0,0,0,0,0.025,0.038,0.05,0.089,0.081,0.141,0.143,0.169,0.17,0.173,0.204,0.205
020_AAAF,CRGRO048,21,21,2020-07-28T00:00:00Z,71,262,70,11,24,145,5,38,0,183,0.04,0,0,0,0,0.014,0.036,0.042,0.087,0.08,0.14,0.142,0.168,0.169,0.172,0.204,0.205
020_AAAF,CRGRO048,21,21,2020-07-29T00:00:00Z,72,274,82,11,24,151,6,46,0,183,0.06,0,0,0,0,0.162,0.07,0.053,0.092,0.079,0.139,0.141,0.167,0.168,0.171,0.204,0.205
020_AAAF,CRGRO048,21,21,2020-07-30T00:00:00Z,73,271,79,11,24,152,6,46,0,183,0.06,0,0,0,0,0.088,0.06,0.058,0.11,0.079,0.139,0.141,0.167,0.168,0.17,0.204,0.205
020_AAAF,CRGRO048,21,21,2020-07-31T00:00:00Z,74,267,75,11,24,152,6,46,0,183,0.06,0,0,0,0,0.037,0.048,0.049,0.113,0.089,0.139,0.14,0.167,0.168,0.17,0.204,0.205
020_AAAF,CRGRO048,21,21,2020-08-01T00:00:00Z,75,262,70,11,24,152,6,46,0,183,0.06,0,0,0,0,0.014,0.042,0.043,0.092,0.087,0.138,0.14,0.166,0.167,0.17,0.204,0.205
020_AAAF,CRGRO048,21,21,2020-08-02T00:00:00Z,76,260,68,11,24,152,6,46,0,183,0.06,0,0,0,0,0.014,0.038,0.039,0.089,0.086,0.138,0.139,0.165,0.166,0.169,0.204,0.205
020_AAAF,CRGRO048,21,21,2020-08-03T00:00:00Z,77,266,74,11,24,152,7,54,0,183,0.06,0,0,0,0,0.107,0.057,0.043,0.087,0.084,0.137,0.138,0.165,0.165,0.168,0.203,0.205
020_AAAF,CRGRO048,21,21,2020-08-04T00:00:00Z,78,263,71,11,24,152,7,54,0,183,0.09,0,0,0,0,0.053,0.05,0.05,0.086,0.083,0.137,0.138,0.164,0.165,0.168,0.203,0.205
020_AAAF,CRGRO048,21,21,2020-08-05T00:00:00Z,79,258,66,11,24,152,7,54,0,183,0.08,0,0,0,0,0.023,0.041,0.041,0.084,0.082,0.136,0.137,0.163,0.164,0.167,0.203,0.205
020_AAAF,CRGRO048,21,21,2020-08-06T00:00:00Z,80,259,67,11,24,156,7,54,0,183,0.09,0,0,0,0,0.063,0.049,0.038,0.083,0.081,0.135,0.137,0.163,0.163,0.166,0.203,0.205
020_AAAF,CRGRO048,21,21,2020-08-07T00:00:00Z,81,256,64,11,24,156,7,54,0,183,0.09,0,0,0,0,0.027,0.045,0.035,0.082,0.08,0.135,0.136,0.162,0.162,0.165,0.203,0.205
020_AAAF,CRGRO048,21,21,2020-08-08T00:00:00Z,82,254,62,11,24,156,7,54,0,183,0.09,0,0,0,0,0.014,0.039,0.034,0.08,0.079,0.134,0.135,0.161,0.162,0.165,0.203,0.205
020_AAAF,CRGRO048,21,21,2020-08-09T00:00:00Z,83,266,74,11,24,162,8,62,0,183,0.11,0,0,0,0,0.161,0.07,0.052,0.079,0.078,0.133,0.135,0.161,0.161,0.164,0.203,0.205
020_AAAF,CRGRO048,21,21,2020-08-10T00:00:00Z,84,274,82,11,24,172,8,62,0,183,0.11,0,0,0,0,0.15,0.088,0.069,0.12,0.078,0.133,0.135,0.161,0.161,0.164,0.203,0.205
020_AAAF,CRGRO048,21,21,2020-08-11T00:00:00Z,85,269,77,11,24,172,8,62,0,183,0.1,0,0,0,0,0.066,0.058,0.05,0.111,0.119,0.149,0.135,0.16,0.161,0.164,0.202,0.205
020_AAAF,CRGRO048,21,21,2020-08-12T00:00:00Z,86,276,84,11,24,182,8,62,0,183,0.12,0,0,0,0,0.13,0.073,0.06,0.12,0.111,0.153,0.135,0.16,0.161,0.164,0.202,0.205
020_AAAF,CRGRO048,21,21,2020-08-13T00:00:00Z,87,272,80,11,24,182,8,62,0,183,0.13,0,0,0,0,0.067,0.06,0.058,0.118,0.117,0.155,0.135,0.16,0.161,0.164,0.202,0.205
020_AAAF,CRGRO048,21,21,2020-08-14T00:00:00Z,88,275,84,11,24,190,8,62,0,183,0.14,0,0,0,0,0.108,0.069,0.06,0.12,0.116,0.16,0.135,0.16,0.161,0.164,0.202,0.205
020_AAAF,CRGRO048,21,21,2020-08-15T00:00:00Z,89,271,79,11,24,190,8,62,0,183,0.13,0,0,0,0,0.051,0.05,0.051,0.111,0.113,0.173,0.144,0.16,0.16,0.164,0.202,0.205
020_AAAF,CRGRO048,21,21,2020-08-16T00:00:00Z,90,267,75,11,24,190,8,62,0,183,0.12,0,0,0,0,0.031,0.047,0.048,0.103,0.104,0.167,0.144,0.16,0.16,0.164,0.202,0.205
020_AAAF,CRGRO048,21,21,2020-08-17T00:00:00Z,91,262,70,11,24,190,8,62,0,183,0.1,0,0,0,0,0.014,0.042,0.043,0.096,0.096,0.159,0.143,0.16,0.16,0.164,0.202,0.205
020_AAAF,CRGRO048,21,21,2020-08-18T00:00:00Z,92,296,104,13,24,229,8,62,0,183,0.15,0,0,2.06,0,0.167,0.148,0.095,0.146,0.122,0.165,0.142,0.159,0.159,0.163,0.202,0.205
020_AAAF,CRGRO048,21,21,2020-08-19T00:00:00Z,93,291,100,13,24,229,8,62,0,183,0.14,0,0,0,0,0.078,0.084,0.063,0.123,0.113,0.173,0.174,0.193,0.159,0.164,0.201,0.205
020_AAAF,CRGRO048,21,21,2020-08-20T00:00:00Z,94,289,97,13,24,231,8,62,0,183,0.16,0,0,0,0,0.06,0.065,0.06,0.124,0.12,0.174,0.174,0.192,0.159,0.164,0.201,0.205
020_AAAF,CRGRO048,21,21,2020-08-21T00:00:00Z,95,287,95,13,24,231,8,62,0,183,0.15,0,0,0,0,0.049,0.056,0.056,0.122,0.12,0.175,0.174,0.192,0.16,0.164,0.201,0.205
020_AAAF,CRGRO048,21,21,2020-08-22T00:00:00Z,96,286,94,13,24,232,8,62,0,183,0.16,0,0,0,0,0.053,0.054,0.054,0.12,0.118,0.175,0.175,0.192,0.16,0.164,0.201,0.205
020_AAAF,CRGRO048,21,21,2020-08-23T00:00:00Z,97,285,93,13,24,233,8,62,0,183,0.16,0,0,0,0,0.053,0.054,0.054,0.117,0.118,0.173,0.174,0.191,0.16,0.164,0.201,0.205
020_AAAF,CRGRO048,21,21,2020-08-24T00:00:00Z,98,312,120,13,24,261,8,62,0,183,0.17,0,0,0.25,0,0.162,0.144,0.089,0.149,0.134,0.182,0.178,0.194,0.16,0.164,0.201,0.205
020_AAAF,CRGRO048,21,21,2020-08-25T00:00:00Z,99,328,136,13,24,281,8,62,0,183,0.16,0,0,0.06,0,0.15,0.147,0.111,0.182,0.157,0.199,0.188,0.199,0.171,0.164,0.201,0.205
020_AAAF,CRGRO048,21,21,2020-08-26T00:00:00Z,100,324,132,13,24,281,8,62,0,183,0.17,0,0,0,0,0.084,0.097,0.091,0.178,0.165,0.209,0.198,0.203,0.195,0.164,0.201,0.205
020_AAAF,CRGRO048,21,21,2020-08-27T00:00:00Z,101,318,126,13,25,281,8,62,0,183,0.15,0,0,0,0,0.046,0.065,0.063,0.137,0.132,0.186,0.181,0.197,0.274,0.194,0.205,0.205
020_AAAF,CRGRO048,21,21,2020-08-28T00:00:00Z,102,307,115,13,32,281,8,62,0,183,0.13,0,0,0,0,0.03,0.053,0.053,0.121,0.119,0.176,0.174,0.196,0.258,0.194,0.205,0.205
020_AAAF,CRGRO048,21,21,2020-08-29T00:00:00Z,103,298,106,13,38,281,8,62,0,183,0.12,0,0,0,0,0.02,0.051,0.052,0.115,0.114,0.174,0.172,0.195,0.219,0.193,0.205,0.205
020_AAAF,CRGRO048,21,21,2020-08-30T00:00:00Z,104,331,139,15,38,320,8,62,0,183,0.18,0,0,1.89,0,0.162,0.15,0.103,0.159,0.137,0.184,0.178,0.196,0.204,0.199,0.207,0.206
020_AAAF,CRGRO048,21,21,2020-08-31T00:00:00Z,105,330,138,15,39,323,8,62,0,183,0.17,0,0,0,0,0.118,0.106,0.092,0.17,0.153,0.197,0.187,0.199,0.202,0.2,0.209,0.208
020_AAAF,CRGRO048,21,21,2020-09-01T00:00:00Z,106,319,127,15,47,323,8,62,0,183,0.15,0,0,0,0,0.061,0.069,0.064,0.135,0.128,0.181,0.177,0.196,0.268,0.199,0.209,0.208
020_AAAF,CRGRO048,21,21,2020-09-02T00:00:00Z,107,307,115,15,54,323,8,62,0,183,0.13,0,0,0,0,0.041,0.054,0.053,0.12,0.118,0.174,0.173,0.195,0.249,0.199,0.209,0.208
020_AAAF,CRGRO048,21,21,2020-09-03T00:00:00Z,108,297,105,15,60,323,8,62,0,183,0.12,0,0,0,0,0.025,0.052,0.051,0.111,0.111,0.171,0.17,0.193,0.214,0.194,0.206,0.208
020_AAAF,CRGRO048,21,21,2020-09-04T00:00:00Z,109,290,98,15,62,323,8,62,0,183,0.1,0,0,0,0,0.014,0.048,0.049,0.105,0.105,0.167,0.167,0.191,0.2,0.192,0.206,0.208
020_AAAF,CRGRO048,21,21,2020-09-05T00:00:00Z,110,286,94,15,62,323,8,62,0,183,0.09,0,0,0,0,0.014,0.045,0.046,0.101,0.101,0.163,0.163,0.188,0.193,0.191,0.206,0.208
020_AAAF,CRGRO048,21,21,2020-09-06T00:00:00Z,111,283,91,15,62,323,8,62,0,183,0.08,0,0,0,0,0.014,0.043,0.044,0.098,0.099,0.161,0.161,0.186,0.19,0.188,0.206,0.208
020_AAAF,CRGRO048,21,21,2020-09-07T00:00:00Z,112,279,87,15,62,323,8,62,0,183,0.07,0,0,0,0,0.014,0.041,0.042,0.095,0.096,0.158,0.158,0.184,0.186,0.185,0.206,0.208
020_AAAF,CRGRO048,21,21,2020-09-08T00:00:00Z,113,276,84,15,62,323,8,62,0,183,0.06,0,0,0,0,0.014,0.039,0.04,0.093,0.093,0.155,0.156,0.181,0.183,0.183,0.206,0.208
020_AAAF,CRGRO048,21,21,2020-09-09T00:00:00Z,114,292,100,15,62,333,9,70,0,183,0.19,0,0,0,0,0.167,0.089,0.061,0.113,0.092,0.154,0.154,0.18,0.181,0.181,0.206,0.208
020_AAAF,CRGRO048,21,21,2020-09-10T00:00:00Z,115,301,109,15,62,344,9,70,0,183,0.18,0,0,0,0,0.156,0.104,0.076,0.137,0.121,0.153,0.154,0.18,0.181,0.181,0.206,0.208
020_AAAF,CRGRO048,21,21,2020-09-11T00:00:00Z,116,300,108,15,62,346,9,70,0,183,0.2,0,0,0,0,0.109,0.085,0.072,0.143,0.131,0.176,0.154,0.179,0.18,0.181,0.206,0.208
020_AAAF,CRGRO048,21,21,2020-09-12T00:00:00Z,117,297,105,15,62,346,9,70,0,183,0.19,0,0,0,0,0.068,0.067,0.063,0.138,0.132,0.182,0.168,0.179,0.18,0.181,0.206,0.208
020_AAAF,CRGRO048,21,21,2020-09-13T00:00:00Z,118,295,103,15,62,347,9,70,0,183,0.2,0,0,0,0,0.056,0.058,0.058,0.13,0.129,0.183,0.177,0.182,0.18,0.181,0.206,0.208
020_AAAF,CRGRO048,21,21,2020-09-14T00:00:00Z,119,293,101,15,62,348,9,70,0,183,0.2,0,0,0,0,0.052,0.055,0.055,0.122,0.122,0.179,0.177,0.185,0.18,0.18,0.206,0.208
020_AAAF,CRGRO048,21,21,2020-09-15T00:00:00Z,120,294,103,15,62,350,9,70,0,183,0.21,0,0,0,0,0.07,0.058,0.055,0.12,0.12,0.177,0.176,0.187,0.18,0.18,0.206,0.208
020_AAAF,CRGRO048,21,21,2020-09-16T00:00:00Z,121,304,112,15,62,360,9,70,0,183,0.21,0,0,0,0,0.149,0.078,0.064,0.128,0.124,0.178,0.177,0.19,0.18,0.18,0.206,0.208
020_AAAF,CRGRO048,21,21,2020-09-17T00:00:00Z,122,308,116,15,62,367,9,70,0,183,0.18,0,0,0,0,0.148,0.084,0.068,0.135,0.128,0.181,0.178,0.193,0.179,0.18,0.206,0.208
020_AAAF,CRGRO048,21,21,2020-09-18T00:00:00Z,123,303,111,15,65,367,9,70,0,183,0.17,0,0,0,0,0.086,0.064,0.057,0.124,0.121,0.176,0.175,0.196,0.194,0.194,0.206,0.208
020_AAAF,CRGRO048,21,21,2020-09-19T00:00:00Z,124,299,107,15,67,367,9,70,0,183,0.15,0,0,0,0,0.059,0.055,0.054,0.118,0.118,0.175,0.174,0.195,0.194,0.194,0.206,0.208
020_AAAF,CRGRO048,21,21,2020-09-20T00:00:00Z,125,297,105,15,67,367,9,70,0,183,0.13,0,0,0,0,0.049,0.054,0.053,0.116,0.116,0.174,0.173,0.195,0.193,0.193,0.206,0.208
020_AAAF,CRGRO048,21,21,2020-09-21T00:00:00Z,126,294,102,15,67,367,9,70,0,183,0.11,0,0,0,0,0.038,0.052,0.051,0.111,0.112,0.171,0.171,0.193,0.192,0.192,0.206,0.208
020_AAAF,CRGRO048,21,21,2020-09-22T00:00:00Z,127,290,98,15,67,367,9,70,0,183,0.1,0,0,0,0,0.026,0.05,0.05,0.107,0.108,0.169,0.168,0.192,0.19,0.19,0.206,0.208
020_AAAF,CRGRO048,21,21,2020-09-23T00:00:00Z,128,288,96,15,67,367,9,70,0,183,0.08,0,0,0,0,0.02,0.048,0.048,0.105,0.106,0.167,0.167,0.191,0.189,0.189,0.206,0.208
020_AAAF,CRGRO048,21,21,2020-09-24T00:00:00Z,129,285,93,15,67,367,9,70,0,183,0.07,0,0,0,0,0.014,0.046,0.047,0.103,0.103,0.165,0.165,0.189,0.188,0.188,0.205,0.208
020_AAAF,CRGRO048,21,21,2020-09-25T00:00:00Z,130,285,93,15,67,370,9,70,0,183,0.22,0,0,0,0,0.061,0.049,0.045,0.1,0.1,0.162,0.162,0.187,0.186,0.186,0.205,0.208
020_AAAF,CRGRO048,21,21,2020-09-26T00:00:00Z,131,282,90,15,67,370,9,70,0,183,0.19,0,0,0,0,0.042,0.049,0.043,0.097,0.098,0.16,0.16,0.185,0.184,0.184,0.205,0.208
020_AAAF,CRGRO048,21,21,2020-09-27T00:00:00Z,132,282,90,15,67,370,9,70,0,183,0.23,0,0,0,0,0.051,0.049,0.043,0.097,0.097,0.159,0.159,0.184,0.183,0.184,0.205,0.208
020_AAAF,CRGRO048,21,21,2020-09-28T00:00:00Z,133,282,90,15,67,373,9,70,0,183,0.2,0,0,0,0,0.069,0.055,0.046,0.095,0.096,0.157,0.158,0.183,0.182,0.183,0.205,0.208
020_AAAF,CRGRO048,21,21,2020-09-29T00:00:00Z,134,301,109,15,67,394,9,70,0,183,0.23,0,0,0,0,0.158,0.114,0.075,0.129,0.11,0.157,0.157,0.182,0.181,0.182,0.205,0.208
020_AAAF,CRGRO048,21,21,2020-09-30T00:00:00Z,135,298,106,15,67,394,9,70,0,183,0.2,0,0,0,0,0.081,0.071,0.056,0.117,0.117,0.174,0.174,0.196,0.183,0.182,0.205,0.208
020_AAAF,CRGRO048,21,21,2020-10-01T00:00:00Z,136,294,102,15,67,394,9,70,0,183,0.17,0,0,0,0,0.049,0.054,0.054,0.115,0.115,0.172,0.172,0.195,0.191,0.181,0.205,0.208
020_AAAF,CRGRO048,21,21,2020-10-02T00:00:00Z,137,291,99,15,67,394,9,70,0,183,0.14,0,0,0,0,0.039,0.052,0.052,0.11,0.111,0.17,0.17,0.193,0.19,0.181,0.205,0.208
020_AAAF,CRGRO048,21,21,2020-10-03T00:00:00Z,138,289,97,15,67,394,9,70,0,183,0.12,0,0,0,0,0.032,0.051,0.051,0.108,0.108,0.168,0.169,0.192,0.189,0.181,0.205,0.208
020_AAAF,CRGRO048,21,21,2020-10-04T00:00:00Z,139,286,95,15,67,394,9,70,0,183,0.11,0,0,0,0,0.023,0.049,0.049,0.105,0.105,0.166,0.166,0.191,0.187,0.181,0.205,0.208
020_AAAF,CRGRO048,21,21,2020-10-05T00:00:00Z,140,284,92,15,67,394,9,70,0,183,0.09,0,0,0,0,0.016,0.047,0.047,0.103,0.103,0.164,0.165,0.189,0.186,0.18,0.205,0.208
020_AAAF,CRGRO048,21,21,2020-10-06T00:00:00Z,141,282,90,15,67,394,9,70,0,183,0.08,0,0,0,0,0.014,0.045,0.046,0.101,0.101,0.162,0.163,0.188,0.185,0.18,0.205,0.208
020_AAAF,CRGRO048,21,21,2020-10-07T00:00:00Z,142,278,86,15,67,394,9,70,0,183,0.07,0,0,0,0,0.014,0.042,0.043,0.097,0.097,0.159,0.159,0.185,0.182,0.178,0.205,0.208
020_AAAF,CRGRO048,21,21,2020-10-08T00:00:00Z,143,274,82,15,67,394,9,70,0,183,0.06,0,0,0,0,0.014,0.039,0.04,0.093,0.093,0.155,0.156,0.181,0.179,0.176,0.205,0.208
020_AAAF,CRGRO048,21,21,2020-10-09T00:00:00Z,144,279,87,15,67,394,10,78,0,183,0.05,0,0,0,0,0.106,0.058,0.045,0.091,0.091,0.153,0.153,0.179,0.177,0.175,0.204,0.208
020_AAAF,CRGRO048,21,21,2020-10-10T00:00:00Z,145,286,94,15,67,405,10,78,0,183,0.23,0,0,0,0,0.145,0.076,0.06,0.111,0.09,0.151,0.152,0.178,0.176,0.174,0.204,0.208
020_AAAF,CRGRO048,21,21,2020-10-11T00:00:00Z,146,282,90,15,67,405,10,78,0,183,0.21,0,0,0,0,0.08,0.061,0.058,0.121,0.099,0.151,0.152,0.177,0.176,0.174,0.204,0.208
020_AAAF,CRGRO048,22,22,2020-05-18T00:00:00Z,0,256,64,0,0,0,0,0,0,174,0,0,0,0,0,0.086,0.086,0.086,0.086,0.086,0.118,0.118,0.135,0.129,0.129,0.178,0.258
020_AAAF,CRGRO048,22,22,2020-05-19T00:00:00Z,1,252,61,0,7,0,1,8,0,179,0,0,0,0,0,0.064,0.086,0.079,0.13,0.1,0.118,0.118,0.135,0.129,0.129,0.178,0.228
020_AAAF,CRGRO048,22,22,2020-05-20T00:00:00Z,2,265,73,0,10,17,1,8,0,181,0,0,0,0,0,0.145,0.114,0.088,0.154,0.131,0.135,0.118,0.135,0.129,0.129,0.178,0.214
020_AAAF,CRGRO048,22,22,2020-05-21T00:00:00Z,3,264,72,0,12,21,1,8,0,182,0,0,0,0,0,0.055,0.095,0.084,0.161,0.146,0.173,0.118,0.135,0.129,0.13,0.178,0.209
020_AAAF,CRGRO048,22,22,2020-05-22T00:00:00Z,4,263,71,0,12,23,1,8,0,183,0,0,0,0,0,0.03,0.074,0.074,0.154,0.149,0.19,0.141,0.135,0.129,0.13,0.178,0.206
020_AAAF,CRGRO048,22,22,2020-05-23T00:00:00Z,5,263,71,0,12,23,1,8,0,183,0,0,0,0,0,0.02,0.061,0.065,0.144,0.145,0.194,0.169,0.135,0.129,0.13,0.178,0.206
020_AAAF,CRGRO048,22,22,2020-05-24T00:00:00Z,6,262,70,0,12,23,1,8,0,183,0,0,0,0,0,0.014,0.056,0.058,0.129,0.129,0.182,0.174,0.155,0.129,0.13,0.178,0.206
020_AAAF,CRGRO048,22,22,2020-05-25T00:00:00Z,7,264,72,0,12,25,1,8,0,183,0,0,0,0,0,0.05,0.055,0.055,0.125,0.126,0.181,0.178,0.158,0.129,0.13,0.178,0.206
020_AAAF,CRGRO048,22,22,2020-05-26T00:00:00Z,8,265,73,0,12,28,1,8,0,183,0,0,0,0,0,0.045,0.061,0.057,0.125,0.125,0.18,0.179,0.161,0.129,0.13,0.178,0.206
020_AAAF,CRGRO048,22,22,2020-05-27T00:00:00Z,9,264,72,0,12,28,1,8,0,183,0,0,0,0,0,0.02,0.056,0.056,0.124,0.124,0.179,0.179,0.164,0.129,0.131,0.178,0.206
020_AAAF,CRGRO048,22,22,2020-05-28T00:00:00Z,10,264,72,0,12,28,1,8,0,183,0,0,0,0,0,0.014,0.055,0.056,0.121,0.121,0.176,0.176,0.169,0.129,0.131,0.178,0.206
020_AAAF,CRGRO048,22,22,2020-05-29T00:00:00Z,11,264,72,0,12,28,1,8,0,183,0,0,0,0,0,0.014,0.055,0.056,0.121,0.121,0.176,0.175,0.169,0.13,0.131,0.178,0.205
020_AAAF,CRGRO048,22,22,2020-05-30T00:00:00Z,12,264,72,0,12,28,1,8,0,183,0,0,0,0,0,0.014,0.054,0.056,0.121,0.121,0.176,0.175,0.169,0.13,0.131,0.178,0.205
020_AAAF,CRGRO048,22,22,2020-05-31T00:00:00Z,13,264,72,0,12,28,1,8,0,183,0,0,0,0,0,0.014,0.054,0.056,0.121,0.121,0.176,0.175,0.169,0.13,0.131,0.178,0.205
020_AAAF,CRGRO048,22,22,2020-06-01T00:00:00Z,14,263,72,0,12,28,1,8,0,183,0,0,0,0,0,0.014,0.053,0.055,0.121,0.121,0.176,0.175,0.169,0.13,0.132,0.178,0.205
020_AAAF,CRGRO048,22,22,2020-06-02T00:00:00Z,15,263,71,0,12,28,1,8,0,183,0,0,0,0,0,0.014,0.052,0.055,0.121,0.121,0.176,0.175,0.169,0.13,0.132,0.178,0.205
020_AAAF,CRGRO048,22,22,2020-06-03T00:00:00Z,16,263,71,0,12,28,1,8,0,183,0,0,0,0,0,0.014,0.051,0.055,0.121,0.121,0.176,0.175,0.169,0.13,0.132,0.178,0.205
020_AAAF,CRGRO048,22,22,2020-06-04T00:00:00Z,17,263,71,0,12,28,1,8,0,183,0,0,0,0,0,0.014,0.05,0.054,0.121,0.121,0.176,0.174,0.169,0.13,0.132,0.178,0.205
020_AAAF,CRGRO048,22,22,2020-06-05T00:00:00Z,18,263,71,0,12,28,1,8,0,183,0,0,0,0,0,0.014,0.049,0.054,0.121,0.121,0.176,0.174,0.169,0.131,0.132,0.178,0.205
020_AAAF,CRGRO048,22,22,2020-06-06T00:00:00Z,19,263,71,0,12,29,1,8,0,183,0,0,0,0,0,0.024,0.048,0.053,0.12,0.121,0.176,0.174,0.169,0.131,0.132,0.178,0.205
020_AAAF,CRGRO048,22,22,2020-06-07T00:00:00Z,20,273,81,0,12,39,1,8,0,183,0,0,0,0,0,0.125,0.07,0.06,0.126,0.124,0.177,0.176,0.171,0.131,0.133,0.178,0.204
020_AAAF,CRGRO048,22,22,2020-06-08T00:00:00Z,21,271,79,0,12,42,1,8,0,183,0,0,0,0,0,0.024,0.072,0.064,0.131,0.128,0.18,0.178,0.173,0.131,0.133,0.178,0.204
020_AAAF,CRGRO048,22,22,2020-06-09T00:00:00Z,22,279,87,0,12,50,1,8,0,183,0,0,0,0,0,0.107,0.074,0.066,0.136,0.132,0.183,0.181,0.178,0.131,0.133,0.178,0.204
020_AAAF,CRGRO048,22,22,2020-06-10T00:00:00Z,23,276,84,0,12,51,1,8,0,183,0,0,0,0,0,0.013,0.068,0.064,0.136,0.133,0.186,0.183,0.184,0.131,0.133,0.178,0.204
020_AAAF,CRGRO048,22,22,2020-06-11T00:00:00Z,24,278,86,0,12,53,1,8,0,183,0,0,0,0,0,0.057,0.058,0.059,0.132,0.132,0.186,0.184,0.191,0.132,0.133,0.178,0.204
020_AAAF,CRGRO048,22,22,2020-06-12T00:00:00Z,25,276,84,0,12,53,1,8,0,183,0,0,0,0,0,0.015,0.056,0.057,0.127,0.128,0.184,0.183,0.198,0.132,0.133,0.178,0.204
020_AAAF,CRGRO048,22,22,2020-06-13T00:00:00Z,26,275,83,0,12,53,1,8,0,183,0,0,0,0,0,0.014,0.054,0.054,0.121,0.122,0.178,0.178,0.198,0.152,0.134,0.178,0.204
020_AAAF,CRGRO048,22,22,2020-06-14T00:00:00Z,27,275,83,0,12,53,1,8,0,183,0,0,0,0,0,0.014,0.053,0.053,0.119,0.121,0.176,0.176,0.197,0.156,0.134,0.178,0.204
020_AAAF,CRGRO048,22,22,2020-06-15T00:00:00Z,28,274,82,0,12,53,1,8,0,183,0,0,0,0,0,0.014,0.052,0.052,0.118,0.12,0.175,0.176,0.197,0.156,0.134,0.178,0.204
020_AAAF,CRGRO048,22,22,2020-06-16T00:00:00Z,29,274,82,0,12,53,1,8,0,183,0,0,0,0,0,0.014,0.051,0.052,0.117,0.119,0.175,0.176,0.197,0.156,0.134,0.178,0.203
020_AAAF,CRGRO048,22,22,2020-06-17T00:00:00Z,30,273,81,0,12,53,1,8,0,183,0,0,0,0,0,0.014,0.049,0.051,0.115,0.117,0.175,0.176,0.197,0.156,0.135,0.178,0.203
020_AAAF,CRGRO048,22,22,2020-06-18T00:00:00Z,31,273,81,0,12,53,1,8,0,183,0,0,0,0,0,0.014,0.048,0.05,0.114,0.116,0.175,0.175,0.197,0.156,0.135,0.178,0.203
020_AAAF,CRGRO048,22,22,2020-06-19T00:00:00Z,32,273,81,0,12,54,1,8,0,183,0,0,0,0,0,0.03,0.047,0.049,0.112,0.114,0.174,0.175,0.197,0.156,0.135,0.178,0.203
020_AAAF,CRGRO048,22,22,2020-06-20T00:00:00Z,33,271,79,0,12,55,1,8,0,183,0,0,0,0,0,0.02,0.046,0.049,0.11,0.112,0.173,0.175,0.197,0.156,0.135,0.178,0.203
020_AAAF,CRGRO048,22,22,2020-06-21T00:00:00Z,34,270,78,0,12,55,1,8,0,183,0,0,0,0,0,0.014,0.045,0.048,0.108,0.11,0.172,0.175,0.197,0.157,0.136,0.178,0.203
020_AAAF,CRGRO048,22,22,2020-06-22T00:00:00Z,35,269,78,0,12,55,1,8,0,183,0,0,0,0,0,0.014,0.044,0.047,0.107,0.109,0.171,0.174,0.196,0.157,0.136,0.178,0.203
020_AAAF,CRGRO048,22,22,2020-06-23T00:00:00Z,36,269,77,0,12,55,1,8,0,183,0,0,0,0,0,0.014,0.043,0.046,0.105,0.107,0.17,0.173,0.196,0.157,0.136,0.178,0.203
020_AAAF,CRGRO048,22,22,2020-06-24T00:00:00Z,37,268,76,0,12,55,1,8,0,183,0,0,0,0,0,0.014,0.042,0.045,0.104,0.106,0.169,0.172,0.196,0.157,0.136,0.178,0.203
020_AAAF,CRGRO048,22,22,2020-06-25T00:00:00Z,38,267,75,0,12,55,1,8,0,183,0,0,0,0,0,0.014,0.041,0.044,0.103,0.104,0.168,0.171,0.196,0.157,0.137,0.178,0.203
020_AAAF,CRGRO048,22,22,2020-06-26T00:00:00Z,39,266,74,0,12,55,1,8,0,183,0,0,0,0,0,0.014,0.04,0.043,0.101,0.103,0.166,0.17,0.196,0.157,0.137,0.178,0.202
020_AAAF,CRGRO048,22,22,2020-06-27T00:00:00Z,40,266,74,0,12,55,1,8,0,183,0,0,0,0,0,0.024,0.039,0.043,0.1,0.102,0.165,0.169,0.195,0.157,0.137,0.178,0.202
020_AAAF,CRGRO048,22,22,2020-06-28T00:00:00Z,41,265,73,0,12,55,1,8,0,183,0,0,0,0,0,0.014,0.039,0.042,0.099,0.101,0.164,0.168,0.195,0.157,0.137,0.178,0.202
020_AAAF,CRGRO048,22,22,2020-06-29T00:00:00Z,42,264,72,0,12,55,1,8,0,183,0,0,0,0,0,0.014,0.038,0.041,0.098,0.099,0.163,0.167,0.194,0.158,0.138,0.178,0.202
020_AAAF,CRGRO048,22,22,2020-06-30T00:00:00Z,43,277,85,0,12,69,1,8,0,183,0,0,0,0,0,0.161,0.072,0.055,0.103,0.098,0.162,0.165,0.194,0.158,0.138,0.178,0.202
020_AAAF,CRGRO048,22,22,2020-07-01T00:00:00Z,44,271,79,0,12,69,1,8,0,183,0,0,0,0,0,0.013,0.053,0.053,0.118,0.119,0.165,0.165,0.193,0.158,0.138,0.178,0.202
020_AAAF,CRGRO048,22,22,2020-07-02T00:00:00Z,45,269,78,0,12,69,1,8,0,183,0,0,0,0,0,0.014,0.051,0.052,0.113,0.113,0.165,0.164,0.193,0.158,0.138,0.178,0.202
020_AAAF,CRGRO048,22,22,2020-07-03T00:00:00Z,46,267,76,0,12,69,1,8,0,183,0,0,0,0,0,0.014,0.048,0.05,0.108,0.109,0.163,0.163,0.192,0.158,0.139,0.178,0.202
020_AAAF,CRGRO048,22,22,2020-07-04T00:00:00Z,47,266,74,0,12,69,1,8,0,183,0.01,0,0,0,0,0.014,0.046,0.047,0.104,0.105,0.162,0.162,0.191,0.158,0.139,0.178,0.202
020_AAAF,CRGRO048,22,22,2020-07-05T00:00:00Z,48,269,77,0,12,74,1,8,0,183,0.01,0,0,0,0,0.079,0.054,0.049,0.102,0.102,0.161,0.161,0.19,0.158,0.139,0.178,0.202
020_AAAF,CRGRO048,22,22,2020-07-06T00:00:00Z,49,310,118,11,12,128,1,8,0,183,0.01,0,0,10.63,0,0.127,0.15,0.13,0.181,0.146,0.183,0.174,0.19,0.158,0.139,0.178,0.201
020_AAAF,CRGRO048,22,22,2020-07-07T00:00:00Z,50,316,124,11,12,137,1,8,0,183,0.01,0,0,0,0,0.129,0.116,0.108,0.193,0.17,0.206,0.192,0.198,0.166,0.14,0.178,0.201
020_AAAF,CRGRO048,22,22,2020-07-08T00:00:00Z,51,312,120,11,12,137,1,8,0,183,0.01,0,0,0,0,0.039,0.076,0.072,0.146,0.137,0.186,0.18,0.198,0.267,0.185,0.178,0.201
020_AAAF,CRGRO048,22,22,2020-07-09T00:00:00Z,52,311,119,11,12,139,1,8,0,183,0.01,0,0,0,0,0.042,0.061,0.062,0.138,0.135,0.188,0.184,0.199,0.23,0.208,0.192,0.201
020_AAAF,CRGRO048,22,22,2020-07-10T00:00:00Z,53,303,111,11,16,139,1,8,0,183,0.01,0,0,0,0,0.014,0.052,0.053,0.12,0.119,0.177,0.175,0.196,0.22,0.208,0.205,0.205
020_AAAF,CRGRO048,22,22,2020-07-11T00:00:00Z,54,295,103,11,19,139,1,8,0,183,0.01,0,0,0,0,0.014,0.049,0.05,0.109,0.11,0.173,0.172,0.195,0.204,0.2,0.205,0.205
020_AAAF,CRGRO048,22,22,2020-07-12T00:00:00Z,55,289,98,11,21,139,1,8,0,183,0.01,0,0,0,0,0.014,0.046,0.047,0.103,0.104,0.168,0.168,0.193,0.197,0.196,0.205,0.205
020_AAAF,CRGRO048,22,22,2020-07-13T00:00:00Z,56,286,94,11,21,139,1,8,0,183,0.01,0,0,0,0,0.014,0.043,0.045,0.1,0.1,0.164,0.165,0.191,0.195,0.195,0.205,0.205
020_AAAF,CRGRO048,22,22,2020-07-14T00:00:00Z,57,283,91,11,21,139,1,8,0,183,0.01,0,0,0,0,0.014,0.041,0.043,0.097,0.097,0.161,0.162,0.189,0.193,0.194,0.205,0.205
020_AAAF,CRGRO048,22,22,2020-07-15T00:00:00Z,58,280,88,11,21,139,1,8,0,183,0.01,0,0,0,0,0.014,0.039,0.041,0.095,0.095,0.158,0.159,0.186,0.19,0.192,0.205,0.205
020_AAAF,CRGRO048,22,22,2020-07-16T00:00:00Z,59,278,86,11,21,139,1,8,0,183,0.01,0,0,0,0,0.014,0.038,0.039,0.093,0.093,0.156,0.157,0.184,0.188,0.19,0.205,0.205
020_AAAF,CRGRO048,22,22,2020-07-17T00:00:00Z,60,275,83,11,21,139,1,8,0,183,0.01,0,0,0,0,0.014,0.036,0.038,0.091,0.091,0.154,0.155,0.183,0.186,0.188,0.205,0.205
020_AAAF,CRGRO048,22,22,2020-07-18T00:00:00Z,61,273,81,11,21,139,1,8,0,183,0.01,0,0,0,0,0.014,0.035,0.036,0.089,0.09,0.152,0.153,0.181,0.184,0.186,0.205,0.205
020_AAAF,CRGRO048,22,22,2020-07-19T00:00:00Z,62,271,79,11,21,139,1,8,0,183,0.01,0,0,0,0,0.014,0.034,0.035,0.088,0.088,0.15,0.152,0.179,0.182,0.184,0.205,0.205
020_AAAF,CRGRO048,22,22,2020-07-20T00:00:00Z,63,269,77,11,21,139,1,8,0,183,0.02,0,0,0,0,0.014,0.033,0.034,0.086,0.087,0.149,0.15,0.178,0.18,0.182,0.205,0.205
020_AAAF,CRGRO048,22,22,2020-07-21T00:00:00Z,64,267,75,11,21,139,1,8,0,183,0.02,0,0,0,0,0.014,0.032,0.033,0.085,0.086,0.148,0.149,0.176,0.178,0.181,0.205,0.205
020_AAAF,CRGRO048,22,22,2020-07-22T00:00:00Z,65,277,85,11,21,142,2,17,0,183,0.03,0,0,0,0,0.144,0.065,0.045,0.084,0.085,0.146,0.148,0.175,0.177,0.179,0.205,0.205
020_AAAF,CRGRO048,22,22,2020-07-23T00:00:00Z,66,276,84,11,21,144,2,17,0,183,0.03,0,0,0,0,0.08,0.057,0.056,0.095,0.084,0.146,0.147,0.174,0.176,0.179,0.205,0.205
020_AAAF,CRGRO048,22,22,2020-07-24T00:00:00Z,67,271,79,11,21,145,2,17,0,183,0.04,0,0,0,0,0.026,0.05,0.049,0.101,0.084,0.145,0.147,0.174,0.175,0.178,0.205,0.205
020_AAAF,CRGRO048,22,22,2020-07-25T00:00:00Z,68,268,76,11,21,145,2,17,0,183,0.04,0,0,0,0,0.014,0.043,0.044,0.095,0.083,0.144,0.146,0.173,0.174,0.177,0.205,0.205
020_AAAF,CRGRO048,22,22,2020-07-26T00:00:00Z,69,265,73,11,21,145,2,17,0,183,0.04,0,0,0,0,0.014,0.04,0.04,0.092,0.083,0.143,0.145,0.172,0.173,0.176,0.204,0.205
020_AAAF,CRGRO048,22,22,2020-07-27T00:00:00Z,70,263,72,11,21,145,2,17,0,183,0.04,0,0,0,0,0.014,0.037,0.038,0.089,0.082,0.142,0.144,0.17,0.172,0.174,0.204,0.205
020_AAAF,CRGRO048,22,22,2020-07-28T00:00:00Z,71,262,70,11,21,145,2,17,0,183,0.04,0,0,0,0,0.014,0.035,0.036,0.087,0.081,0.141,0.143,0.169,0.171,0.173,0.204,0.205
020_AAAF,CRGRO048,22,22,2020-07-29T00:00:00Z,72,266,74,11,21,151,2,17,0,183,0.07,0,0,0,0,0.091,0.053,0.036,0.086,0.08,0.14,0.142,0.169,0.17,0.172,0.204,0.205
020_AAAF,CRGRO048,22,22,2020-07-30T00:00:00Z,73,264,72,11,21,152,2,17,0,183,0.07,0,0,0,0,0.049,0.051,0.041,0.084,0.08,0.14,0.141,0.168,0.169,0.172,0.204,0.205
020_AAAF,CRGRO048,22,22,2020-07-31T00:00:00Z,74,260,68,11,21,152,2,17,0,183,0.06,0,0,0,0,0.02,0.042,0.039,0.083,0.079,0.139,0.14,0.167,0.168,0.171,0.204,0.205
020_AAAF,CRGRO048,22,22,2020-08-01T00:00:00Z,75,258,67,11,21,152,2,17,0,183,0.06,0,0,0,0,0.014,0.039,0.036,0.082,0.079,0.138,0.14,0.166,0.167,0.17,0.204,0.205
020_AAAF,CRGRO048,22,22,2020-08-02T00:00:00Z,76,257,65,11,21,152,2,17,0,183,0.06,0,0,0,0,0.014,0.036,0.035,0.081,0.078,0.137,0.139,0.165,0.166,0.169,0.204,0.205
020_AAAF,CRGRO048,22,22,2020-08-03T00:00:00Z,77,256,64,11,21,152,2,17,0,183,0.06,0,0,0,0,0.014,0.034,0.033,0.08,0.077,0.137,0.138,0.165,0.166,0.168,0.204,0.205
020_AAAF,CRGRO048,22,22,2020-08-04T00:00:00Z,78,255,63,11,21,152,2,17,0,183,0.09,0,0,0,0,0.023,0.033,0.032,0.079,0.077,0.136,0.138,0.164,0.165,0.168,0.203,0.205
020_AAAF,CRGRO048,22,22,2020-08-05T00:00:00Z,79,254,62,11,21,152,2,17,0,183,0.09,0,0,0,0,0.014,0.031,0.031,0.079,0.076,0.136,0.137,0.163,0.164,0.167,0.203,0.205
020_AAAF,CRGRO048,22,22,2020-08-06T00:00:00Z,80,266,74,11,21,156,3,26,0,183,0.1,0,0,0,0,0.154,0.067,0.045,0.078,0.076,0.135,0.137,0.163,0.163,0.167,0.203,0.205
020_AAAF,CRGRO048,22,22,2020-08-07T00:00:00Z,81,262,70,11,21,156,3,26,0,183,0.1,0,0,0,0,0.068,0.05,0.055,0.086,0.076,0.135,0.136,0.163,0.163,0.166,0.203,0.205
020_AAAF,CRGRO048,22,22,2020-08-08T00:00:00Z,82,258,67,11,21,156,3,26,0,183,0.1,0,0,0,0,0.028,0.048,0.047,0.087,0.076,0.134,0.136,0.162,0.163,0.166,0.203,0.205
020_AAAF,CRGRO048,22,22,2020-08-09T00:00:00Z,83,261,69,11,21,162,3,26,0,183,0.12,0,0,0,0,0.076,0.053,0.048,0.085,0.075,0.134,0.136,0.162,0.162,0.166,0.203,0.205
020_AAAF,CRGRO048,22,22,2020-08-10T00:00:00Z,84,268,77,11,21,172,3,26,0,183,0.13,0,0,0,0,0.134,0.072,0.057,0.102,0.075,0.134,0.135,0.161,0.162,0.166,0.203,0.205
020_AAAF,CRGRO048,22,22,2020-08-11T00:00:00Z,85,264,72,11,21,172,3,26,0,183,0.12,0,0,0,0,0.051,0.045,0.049,0.116,0.096,0.133,0.135,0.161,0.162,0.166,0.203,0.205
020_AAAF,CRGRO048,22,22,2020-08-12T00:00:00Z,86,270,79,11,21,182,3,26,0,183,0.15,0,0,0,0,0.12,0.069,0.056,0.109,0.1,0.133,0.135,0.161,0.162,0.165,0.202,0.205
020_AAAF,CRGRO048,22,22,2020-08-13T00:00:00Z,87,266,74,11,21,182,3,26,0,183,0.14,0,0,0,0,0.054,0.053,0.056,0.117,0.102,0.134,0.135,0.161,0.162,0.165,0.202,0.205
020_AAAF,CRGRO048,22,22,2020-08-14T00:00:00Z,88,270,78,11,21,190,3,26,0,183,0.15,0,0,0,0,0.099,0.066,0.056,0.113,0.108,0.134,0.135,0.161,0.161,0.165,0.202,0.205
020_AAAF,CRGRO048,22,22,2020-08-15T00:00:00Z,89,265,74,11,21,190,3,26,0,183,0.13,0,0,0,0,0.041,0.045,0.052,0.112,0.115,0.136,0.135,0.161,0.161,0.165,0.202,0.205
020_AAAF,CRGRO048,22,22,2020-08-16T00:00:00Z,90,261,69,11,21,190,3,26,0,183,0.12,0,0,0,0,0.016,0.043,0.048,0.103,0.103,0.136,0.135,0.16,0.161,0.165,0.202,0.205
020_AAAF,CRGRO048,22,22,2020-08-17T00:00:00Z,91,257,65,11,21,190,3,26,0,183,0.11,0,0,0,0,0.014,0.039,0.041,0.094,0.095,0.136,0.134,0.16,0.161,0.165,0.202,0.205
020_AAAF,CRGRO048,22,22,2020-08-18T00:00:00Z,92,293,101,13,21,229,3,26,0,183,0.16,0,0,2.01,0,0.167,0.15,0.095,0.146,0.122,0.145,0.134,0.159,0.16,0.164,0.202,0.205
020_AAAF,CRGRO048,22,22,2020-08-19T00:00:00Z,93,288,96,13,21,229,3,26,0,183,0.14,0,0,0,0,0.072,0.085,0.063,0.123,0.114,0.174,0.174,0.181,0.16,0.164,0.202,0.205
020_AAAF,CRGRO048,22,22,2020-08-20T00:00:00Z,94,286,94,13,21,231,3,26,0,183,0.16,0,0,0,0,0.053,0.065,0.06,0.124,0.12,0.174,0.173,0.182,0.16,0.164,0.201,0.205
020_AAAF,CRGRO048,22,22,2020-08-21T00:00:00Z,95,284,92,13,21,231,3,26,0,183,0.16,0,0,0,0,0.043,0.055,0.056,0.122,0.12,0.175,0.175,0.181,0.16,0.165,0.201,0.205
020_AAAF,CRGRO048,22,22,2020-08-22T00:00:00Z,96,283,91,13,21,232,3,26,0,183,0.16,0,0,0,0,0.049,0.053,0.054,0.119,0.118,0.174,0.176,0.181,0.16,0.165,0.201,0.205
020_AAAF,CRGRO048,22,22,2020-08-23T00:00:00Z,97,282,90,13,21,233,3,26,0,183,0.16,0,0,0,0,0.049,0.053,0.054,0.115,0.115,0.173,0.174,0.181,0.16,0.165,0.201,0.205
020_AAAF,CRGRO048,22,22,2020-08-24T00:00:00Z,98,309,117,13,21,261,3,26,0,183,0.17,0,0,0.22,0,0.16,0.143,0.089,0.148,0.133,0.181,0.177,0.184,0.16,0.165,0.201,0.205
020_AAAF,CRGRO048,22,22,2020-08-25T00:00:00Z,99,324,132,13,21,281,3,26,0,183,0.17,0,0,0.05,0,0.145,0.147,0.11,0.182,0.157,0.198,0.188,0.195,0.161,0.165,0.201,0.205
020_AAAF,CRGRO048,22,22,2020-08-26T00:00:00Z,100,321,129,13,21,281,3,26,0,183,0.17,0,0,0,0,0.078,0.097,0.091,0.178,0.164,0.209,0.198,0.202,0.179,0.165,0.201,0.205
020_AAAF,CRGRO048,22,22,2020-08-27T00:00:00Z,101,315,123,13,22,281,3,26,0,183,0.15,0,0,0,0,0.039,0.065,0.063,0.137,0.132,0.185,0.181,0.197,0.255,0.194,0.205,0.205
020_AAAF,CRGRO048,22,22,2020-08-28T00:00:00Z,102,303,111,13,29,281,3,26,0,183,0.14,0,0,0,0,0.019,0.053,0.053,0.121,0.119,0.176,0.174,0.196,0.239,0.193,0.205,0.205
020_AAAF,CRGRO048,22,22,2020-08-29T00:00:00Z,103,296,104,13,33,281,3,26,0,183,0.12,0,0,0,0,0.014,0.051,0.052,0.115,0.114,0.173,0.172,0.194,0.211,0.193,0.205,0.205
020_AAAF,CRGRO048,22,22,2020-08-30T00:00:00Z,104,330,138,15,33,320,3,26,0,183,0.18,0,0,1.81,0,0.167,0.15,0.102,0.158,0.137,0.183,0.178,0.197,0.199,0.196,0.206,0.207
020_AAAF,CRGRO048,22,22,2020-08-31T00:00:00Z,105,330,138,15,34,323,3,26,0,183,0.17,0,0,0,0,0.118,0.107,0.092,0.17,0.153,0.196,0.187,0.2,0.201,0.198,0.208,0.207
020_AAAF,CRGRO048,22,22,2020-09-01T00:00:00Z,106,318,126,15,41,323,3,26,0,183,0.15,0,0,0,0,0.058,0.07,0.064,0.135,0.128,0.181,0.177,0.196,0.267,0.198,0.208,0.207
020_AAAF,CRGRO048,22,22,2020-09-02T00:00:00Z,107,307,115,15,49,323,3,26,0,183,0.14,0,0,0,0,0.036,0.055,0.054,0.12,0.118,0.174,0.173,0.195,0.248,0.197,0.208,0.207
020_AAAF,CRGRO048,22,22,2020-09-03T00:00:00Z,108,297,105,15,53,323,3,26,0,183,0.12,0,0,0,0,0.017,0.052,0.052,0.112,0.112,0.171,0.171,0.194,0.214,0.196,0.208,0.207
020_AAAF,CRGRO048,22,22,2020-09-04T00:00:00Z,109,291,99,15,55,323,3,26,0,183,0.11,0,0,0,0,0.014,0.048,0.049,0.105,0.106,0.167,0.167,0.191,0.2,0.193,0.208,0.207
020_AAAF,CRGRO048,22,22,2020-09-05T00:00:00Z,110,286,94,15,56,323,3,26,0,183,0.09,0,0,0,0,0.014,0.045,0.046,0.101,0.101,0.163,0.163,0.188,0.193,0.191,0.208,0.207
020_AAAF,CRGRO048,22,22,2020-09-06T00:00:00Z,111,283,91,15,56,323,3,26,0,183,0.08,0,0,0,0,0.014,0.043,0.044,0.099,0.099,0.161,0.161,0.187,0.19,0.189,0.207,0.207
020_AAAF,CRGRO048,22,22,2020-09-07T00:00:00Z,112,280,88,15,56,323,3,26,0,183,0.07,0,0,0,0,0.014,0.041,0.042,0.096,0.096,0.158,0.159,0.184,0.186,0.186,0.207,0.207
020_AAAF,CRGRO048,22,22,2020-09-08T00:00:00Z,113,276,85,15,56,323,3,26,0,183,0.06,0,0,0,0,0.014,0.039,0.04,0.093,0.094,0.156,0.156,0.182,0.183,0.183,0.207,0.207
020_AAAF,CRGRO048,22,22,2020-09-09T00:00:00Z,114,285,93,15,56,333,3,26,0,183,0.2,0,0,0,0,0.132,0.065,0.052,0.092,0.093,0.154,0.155,0.18,0.182,0.182,0.207,0.207
020_AAAF,CRGRO048,22,22,2020-09-10T00:00:00Z,115,294,102,15,56,344,3,26,0,183,0.18,0,0,0,0,0.155,0.085,0.067,0.122,0.097,0.154,0.154,0.18,0.181,0.181,0.207,0.207
020_AAAF,CRGRO048,22,22,2020-09-11T00:00:00Z,116,293,101,15,56,346,3,26,0,183,0.2,0,0,0,0,0.107,0.076,0.065,0.13,0.12,0.153,0.154,0.18,0.181,0.181,0.207,0.207
020_AAAF,CRGRO048,22,22,2020-09-12T00:00:00Z,117,290,98,15,56,346,3,26,0,183,0.2,0,0,0,0,0.065,0.063,0.059,0.128,0.122,0.164,0.154,0.179,0.18,0.181,0.207,0.207
020_AAAF,CRGRO048,22,22,2020-09-13T00:00:00Z,118,288,96,15,56,347,3,26,0,183,0.2,0,0,0,0,0.054,0.056,0.056,0.123,0.12,0.172,0.154,0.179,0.18,0.181,0.207,0.207
020_AAAF,CRGRO048,22,22,2020-09-14T00:00:00Z,119,286,94,15,56,348,3,26,0,183,0.2,0,0,0,0,0.049,0.054,0.053,0.116,0.116,0.173,0.154,0.179,0.18,0.181,0.207,0.207
020_AAAF,CRGRO048,22,22,2020-09-15T00:00:00Z,120,287,95,15,56,350,3,26,0,183,0.21,0,0,0,0,0.068,0.057,0.054,0.119,0.113,0.172,0.154,0.179,0.179,0.18,0.207,0.207
020_AAAF,CRGRO048,22,22,2020-09-16T00:00:00Z,121,297,105,15,56,360,3,26,0,183,0.22,0,0,0,0,0.148,0.077,0.063,0.127,0.121,0.174,0.154,0.179,0.179,0.18,0.207,0.207
020_AAAF,CRGRO048,22,22,2020-09-17T00:00:00Z,122,300,109,15,56,367,3,26,0,183,0.19,0,0,0,0,0.146,0.083,0.068,0.134,0.126,0.178,0.162,0.178,0.179,0.18,0.207,0.207
020_AAAF,CRGRO048,22,22,2020-09-18T00:00:00Z,123,299,107,15,56,367,3,26,0,183,0.17,0,0,0,0,0.084,0.063,0.057,0.123,0.12,0.175,0.174,0.196,0.186,0.18,0.207,0.207
020_AAAF,CRGRO048,22,22,2020-09-19T00:00:00Z,124,297,105,15,56,367,3,26,0,183,0.15,0,0,0,0,0.058,0.055,0.054,0.118,0.117,0.174,0.173,0.195,0.194,0.186,0.207,0.207
020_AAAF,CRGRO048,22,22,2020-09-20T00:00:00Z,125,296,104,15,56,367,3,26,0,183,0.13,0,0,0,0,0.047,0.054,0.053,0.116,0.115,0.172,0.172,0.195,0.193,0.186,0.207,0.207
020_AAAF,CRGRO048,22,22,2020-09-21T00:00:00Z,126,292,100,15,56,367,3,26,0,183,0.11,0,0,0,0,0.034,0.052,0.051,0.111,0.111,0.17,0.17,0.193,0.192,0.186,0.206,0.207
020_AAAF,CRGRO048,22,22,2020-09-22T00:00:00Z,127,289,97,15,56,367,3,26,0,183,0.1,0,0,0,0,0.021,0.05,0.049,0.107,0.107,0.168,0.168,0.192,0.19,0.185,0.206,0.207
020_AAAF,CRGRO048,22,22,2020-09-23T00:00:00Z,128,287,95,15,56,367,3,26,0,183,0.08,0,0,0,0,0.014,0.048,0.048,0.105,0.105,0.166,0.166,0.19,0.189,0.184,0.206,0.207
020_AAAF,CRGRO048,22,22,2020-09-24T00:00:00Z,129,284,92,15,56,367,3,26,0,183,0.07,0,0,0,0,0.014,0.046,0.046,0.102,0.102,0.164,0.164,0.188,0.187,0.183,0.206,0.207
020_AAAF,CRGRO048,22,22,2020-09-25T00:00:00Z,130,284,92,15,56,370,3,26,0,183,0.22,0,0,0,0,0.061,0.048,0.044,0.099,0.099,0.161,0.161,0.186,0.185,0.182,0.206,0.207
020_AAAF,CRGRO048,22,22,2020-09-26T00:00:00Z,131,281,89,15,56,370,3,26,0,183,0.19,0,0,0,0,0.041,0.048,0.043,0.097,0.097,0.159,0.159,0.184,0.183,0.181,0.206,0.207
020_AAAF,CRGRO048,22,22,2020-09-27T00:00:00Z,132,280,88,15,56,370,3,26,0,183,0.24,0,0,0,0,0.052,0.047,0.042,0.096,0.097,0.158,0.159,0.184,0.183,0.181,0.206,0.207
020_AAAF,CRGRO048,22,22,2020-09-28T00:00:00Z,133,281,89,15,56,373,3,26,0,183,0.21,0,0,0,0,0.068,0.054,0.044,0.094,0.095,0.156,0.157,0.182,0.181,0.18,0.206,0.207
020_AAAF,CRGRO048,22,22,2020-09-29T00:00:00Z,134,300,108,15,56,394,3,26,0,183,0.23,0,0,0,0,0.158,0.114,0.074,0.128,0.108,0.156,0.156,0.182,0.18,0.179,0.206,0.207
020_AAAF,CRGRO048,22,22,2020-09-30T00:00:00Z,135,296,105,15,56,394,3,26,0,183,0.2,0,0,0,0,0.079,0.071,0.055,0.116,0.117,0.174,0.174,0.194,0.18,0.179,0.206,0.207
020_AAAF,CRGRO048,22,22,2020-10-01T00:00:00Z,136,293,101,15,56,394,3,26,0,183,0.17,0,0,0,0,0.048,0.054,0.053,0.115,0.115,0.172,0.172,0.195,0.185,0.179,0.206,0.207
020_AAAF,CRGRO048,22,22,2020-10-02T00:00:00Z,137,290,98,15,56,394,3,26,0,183,0.15,0,0,0,0,0.036,0.052,0.052,0.111,0.111,0.17,0.17,0.193,0.184,0.179,0.206,0.207
020_AAAF,CRGRO048,22,22,2020-10-03T00:00:00Z,138,288,96,15,56,394,3,26,0,183,0.12,0,0,0,0,0.028,0.05,0.05,0.108,0.108,0.168,0.168,0.192,0.184,0.179,0.206,0.207
020_AAAF,CRGRO048,22,22,2020-10-04T00:00:00Z,139,285,93,15,56,394,3,26,0,183,0.11,0,0,0,0,0.017,0.048,0.049,0.105,0.105,0.166,0.166,0.191,0.183,0.178,0.205,0.207
020_AAAF,CRGRO048,22,22,2020-10-05T00:00:00Z,140,283,91,15,56,394,3,26,0,183,0.09,0,0,0,0,0.014,0.046,0.047,0.102,0.103,0.164,0.164,0.189,0.182,0.178,0.205,0.207
020_AAAF,CRGRO048,22,22,2020-10-06T00:00:00Z,141,281,89,15,56,394,3,26,0,183,0.08,0,0,0,0,0.014,0.044,0.045,0.1,0.101,0.162,0.162,0.187,0.181,0.178,0.205,0.207
020_AAAF,CRGRO048,22,22,2020-10-07T00:00:00Z,142,277,85,15,56,394,3,26,0,183,0.07,0,0,0,0,0.014,0.042,0.043,0.096,0.097,0.158,0.159,0.184,0.179,0.176,0.205,0.207
020_AAAF,CRGRO048,22,22,2020-10-08T00:00:00Z,143,273,81,15,56,394,3,26,0,183,0.06,0,0,0,0,0.014,0.039,0.04,0.092,0.093,0.155,0.155,0.181,0.177,0.175,0.205,0.207
020_AAAF,CRGRO048,22,22,2020-10-09T00:00:00Z,144,270,78,15,56,394,3,26,0,183,0.05,0,0,0,0,0.014,0.037,0.038,0.09,0.091,0.152,0.153,0.179,0.175,0.174,0.205,0.207
020_AAAF,CRGRO048,22,22,2020-10-10T00:00:00Z,145,278,86,15,56,405,3,26,0,183,0.24,0,0,0,0,0.131,0.063,0.048,0.088,0.089,0.15,0.151,0.176,0.173,0.172,0.205,0.207
020_AAAF,CRGRO048,22,22,2020-10-11T00:00:00Z,146,275,83,15,56,405,3,26,0,183,0.21,0,0,0,0,0.07,0.051,0.053,0.095,0.088,0.149,0.15,0.175,0.173,0.172,0.205,0.207
020_AAAF,CRGRO048,23,23,2020-05-18T00:00:00Z,0,256,64,0,0,0,0,0,0,174,0,0,0,0,0,0.086,0.086,0.086,0.086,0.086,0.118,0.118,0.135,0.129,0.129,0.178,0.258
020_AAAF,CRGRO048,23,23,2020-05-19T00:00:00Z,1,252,61,0,7,0,1,8,0,179,0,0,0,0,0,0.064,0.086,0.079,0.13,0.1,0.118,0.118,0.135,0.129,0.129,0.178,0.228
020_AAAF,CRGRO048,23,23,2020-05-20T00:00:00Z,2,265,73,0,10,17,1,8,0,181,0,0,0,0,0,0.145,0.114,0.088,0.154,0.131,0.135,0.118,0.135,0.129,0.129,0.178,0.214
020_AAAF,CRGRO048,23,23,2020-05-21T00:00:00Z,3,264,72,0,12,21,1,8,0,182,0,0,0,0,0,0.055,0.095,0.084,0.161,0.146,0.173,0.118,0.135,0.129,0.13,0.178,0.209
020_AAAF,CRGRO048,23,23,2020-05-22T00:00:00Z,4,263,71,0,12,23,1,8,0,183,0,0,0,0,0,0.03,0.074,0.074,0.154,0.149,0.19,0.141,0.135,0.129,0.13,0.178,0.206
020_AAAF,CRGRO048,23,23,2020-05-23T00:00:00Z,5,263,71,0,12,23,1,8,0,183,0,0,0,0,0,0.02,0.061,0.065,0.144,0.145,0.194,0.169,0.135,0.129,0.13,0.178,0.206
020_AAAF,CRGRO048,23,23,2020-05-24T00:00:00Z,6,262,70,0,12,23,1,8,0,183,0,0,0,0,0,0.014,0.056,0.058,0.129,0.129,0.182,0.174,0.155,0.129,0.13,0.178,0.206
020_AAAF,CRGRO048,23,23,2020-05-25T00:00:00Z,7,264,72,0,12,25,1,8,0,183,0,0,0,0,0,0.05,0.055,0.055,0.125,0.126,0.181,0.178,0.158,0.129,0.13,0.178,0.206
020_AAAF,CRGRO048,23,23,2020-05-26T00:00:00Z,8,265,73,0,12,28,1,8,0,183,0,0,0,0,0,0.045,0.061,0.057,0.125,0.125,0.18,0.179,0.161,0.129,0.13,0.178,0.206
020_AAAF,CRGRO048,23,23,2020-05-27T00:00:00Z,9,264,72,0,12,28,1,8,0,183,0,0,0,0,0,0.02,0.056,0.056,0.124,0.124,0.179,0.179,0.164,0.129,0.131,0.178,0.206
020_AAAF,CRGRO048,23,23,2020-05-28T00:00:00Z,10,264,72,0,12,28,1,8,0,183,0,0,0,0,0,0.014,0.055,0.056,0.121,0.121,0.176,0.176,0.169,0.129,0.131,0.178,0.206
020_AAAF,CRGRO048,23,23,2020-05-29T00:00:00Z,11,264,72,0,12,28,1,8,0,183,0,0,0,0,0,0.014,0.055,0.056,0.121,0.121,0.176,0.175,0.169,0.13,0.131,0.178,0.205
020_AAAF,CRGRO048,23,23,2020-05-30T00:00:00Z,12,264,72,0,12,28,1,8,0,183,0,0,0,0,0,0.014,0.054,0.056,0.121,0.121,0.176,0.175,0.169,0.13,0.131,0.178,0.205
020_AAAF,CRGRO048,23,23,2020-05-31T00:00:00Z,13,264,72,0,12,28,1,8,0,183,0,0,0,0,0,0.014,0.054,0.056,0.121,0.121,0.176,0.175,0.169,0.13,0.131,0.178,0.205
020_AAAF,CRGRO048,23,23,2020-06-01T00:00:00Z,14,263,72,0,12,28,1,8,0,183,0,0,0,0,0,0.014,0.053,0.055,0.121,0.121,0.176,0.175,0.169,0.13,0.132,0.178,0.205
020_AAAF,CRGRO048,23,23,2020-06-02T00:00:00Z,15,263,71,0,12,28,1,8,0,183,0,0,0,0,0,0.014,0.052,0.055,0.121,0.121,0.176,0.175,0.169,0.13,0.132,0.178,0.205
020_AAAF,CRGRO048,23,23,2020-06-03T00:00:00Z,16,263,71,0,12,28,1,8,0,183,0,0,0,0,0,0.014,0.051,0.055,0.121,0.121,0.176,0.175,0.169,0.13,0.132,0.178,0.205
020_AAAF,CRGRO048,23,23,2020-06-04T00:00:00Z,17,263,71,0,12,28,1,8,0,183,0,0,0,0,0,0.014,0.05,0.054,0.121,0.121,0.176,0.174,0.169,0.13,0.132,0.178,0.205
020_AAAF,CRGRO048,23,23,2020-06-05T00:00:00Z,18,263,71,0,12,28,1,8,0,183,0,0,0,0,0,0.014,0.049,0.054,0.121,0.121,0.176,0.174,0.169,0.131,0.132,0.178,0.205
020_AAAF,CRGRO048,23,23,2020-06-06T00:00:00Z,19,263,71,0,12,29,1,8,0,183,0,0,0,0,0,0.024,0.048,0.053,0.12,0.121,0.176,0.174,0.169,0.131,0.132,0.178,0.205
020_AAAF,CRGRO048,23,23,2020-06-07T00:00:00Z,20,273,81,0,12,39,1,8,0,183,0,0,0,0,0,0.125,0.07,0.06,0.126,0.124,0.177,0.176,0.171,0.131,0.133,0.178,0.204
020_AAAF,CRGRO048,23,23,2020-06-08T00:00:00Z,21,271,79,0,12,42,1,8,0,183,0,0,0,0,0,0.024,0.072,0.064,0.131,0.128,0.18,0.178,0.173,0.131,0.133,0.178,0.204
020_AAAF,CRGRO048,23,23,2020-06-09T00:00:00Z,22,279,87,0,12,50,1,8,0,183,0,0,0,0,0,0.107,0.074,0.066,0.136,0.132,0.183,0.181,0.178,0.131,0.133,0.178,0.204
020_AAAF,CRGRO048,23,23,2020-06-10T00:00:00Z,23,276,84,0,12,51,1,8,0,183,0,0,0,0,0,0.013,0.068,0.064,0.136,0.133,0.186,0.183,0.184,0.131,0.133,0.178,0.204
020_AAAF,CRGRO048,23,23,2020-06-11T00:00:00Z,24,278,86,0,12,53,1,8,0,183,0,0,0,0,0,0.057,0.058,0.059,0.132,0.132,0.186,0.184,0.191,0.132,0.133,0.178,0.204
020_AAAF,CRGRO048,23,23,2020-06-12T00:00:00Z,25,276,84,0,12,53,1,8,0,183,0,0,0,0,0,0.015,0.056,0.057,0.127,0.128,0.184,0.183,0.198,0.132,0.133,0.178,0.204
020_AAAF,CRGRO048,23,23,2020-06-13T00:00:00Z,26,275,83,0,12,53,1,8,0,183,0,0,0,0,0,0.014,0.054,0.054,0.121,0.122,0.178,0.178,0.198,0.152,0.134,0.178,0.204
020_AAAF,CRGRO048,23,23,2020-06-14T00:00:00Z,27,275,83,0,12,53,1,8,0,183,0,0,0,0,0,0.014,0.053,0.053,0.119,0.121,0.176,0.176,0.197,0.156,0.134,0.178,0.204
020_AAAF,CRGRO048,23,23,2020-06-15T00:00:00Z,28,274,82,0,12,53,1,8,0,183,0,0,0,0,0,0.014,0.052,0.052,0.118,0.12,0.175,0.176,0.197,0.156,0.134,0.178,0.204
020_AAAF,CRGRO048,23,23,2020-06-16T00:00:00Z,29,274,82,0,12,53,1,8,0,183,0,0,0,0,0,0.014,0.051,0.052,0.117,0.119,0.175,0.176,0.197,0.156,0.134,0.178,0.203
020_AAAF,CRGRO048,23,23,2020-06-17T00:00:00Z,30,273,81,0,12,53,1,8,0,183,0,0,0,0,0,0.014,0.049,0.051,0.115,0.117,0.175,0.176,0.197,0.156,0.135,0.178,0.203
020_AAAF,CRGRO048,23,23,2020-06-18T00:00:00Z,31,273,81,0,12,53,1,8,0,183,0,0,0,0,0,0.014,0.048,0.05,0.114,0.116,0.175,0.175,0.197,0.156,0.135,0.178,0.203
020_AAAF,CRGRO048,23,23,2020-06-19T00:00:00Z,32,273,81,0,12,54,1,8,0,183,0,0,0,0,0,0.03,0.047,0.049,0.112,0.114,0.174,0.175,0.197,0.156,0.135,0.178,0.203
020_AAAF,CRGRO048,23,23,2020-06-20T00:00:00Z,33,271,79,0,12,55,1,8,0,183,0,0,0,0,0,0.02,0.046,0.049,0.11,0.112,0.173,0.175,0.197,0.156,0.135,0.178,0.203
020_AAAF,CRGRO048,23,23,2020-06-21T00:00:00Z,34,270,78,0,12,55,1,8,0,183,0,0,0,0,0,0.014,0.045,0.048,0.108,0.11,0.172,0.175,0.197,0.157,0.136,0.178,0.203
020_AAAF,CRGRO048,23,23,2020-06-22T00:00:00Z,35,269,78,0,12,55,1,8,0,183,0,0,0,0,0,0.014,0.044,0.047,0.107,0.109,0.171,0.174,0.196,0.157,0.136,0.178,0.203
020_AAAF,CRGRO048,23,23,2020-06-23T00:00:00Z,36,269,77,0,12,55,1,8,0,183,0,0,0,0,0,0.014,0.043,0.046,0.105,0.107,0.17,0.173,0.196,0.157,0.136,0.178,0.203
020_AAAF,CRGRO048,23,23,2020-06-24T00:00:00Z,37,268,76,0,12,55,1,8,0,183,0,0,0,0,0,0.014,0.042,0.045,0.104,0.106,0.169,0.172,0.196,0.157,0.136,0.178,0.203
020_AAAF,CRGRO048,23,23,2020-06-25T00:00:00Z,38,267,75,0,12,55,1,8,0,183,0,0,0,0,0,0.014,0.041,0.044,0.103,0.104,0.168,0.171,0.196,0.157,0.137,0.178,0.203
020_AAAF,CRGRO048,23,23,2020-06-26T00:00:00Z,39,266,74,0,12,55,1,8,0,183,0,0,0,0,0,0.014,0.04,0.043,0.101,0.103,0.166,0.17,0.196,0.157,0.137,0.178,0.202
020_AAAF,CRGRO048,23,23,2020-06-27T00:00:00Z,40,266,74,0,12,55,1,8,0,183,0,0,0,0,0,0.024,0.039,0.043,0.1,0.102,0.165,0.169,0.195,0.157,0.137,0.178,0.202
020_AAAF,CRGRO048,23,23,2020-06-28T00:00:00Z,41,265,73,0,12,55,1,8,0,183,0,0,0,0,0,0.014,0.039,0.042,0.099,0.101,0.164,0.168,0.195,0.157,0.137,0.178,0.202
020_AAAF,CRGRO048,23,23,2020-06-29T00:00:00Z,42,271,80,0,12,55,2,15,0,183,0,0,0,0,0,0.105,0.059,0.047,0.098,0.099,0.163,0.167,0.194,0.158,0.138,0.178,0.202
020_AAAF,CRGRO048,23,23,2020-06-30T00:00:00Z,43,279,88,0,12,69,2,15,0,183,0,0,0,0,0,0.073,0.094,0.068,0.124,0.106,0.162,0.166,0.194,0.158,0.138,0.178,0.202
020_AAAF,CRGRO048,23,23,2020-07-01T00:00:00Z,44,275,84,0,12,69,2,15,0,183,0,0,0,0,0,0.013,0.065,0.055,0.117,0.119,0.174,0.174,0.196,0.159,0.138,0.178,0.202
020_AAAF,CRGRO048,23,23,2020-07-02T00:00:00Z,45,274,82,0,12,69,2,15,0,183,0,0,0,0,0,0.014,0.052,0.053,0.115,0.115,0.173,0.173,0.196,0.161,0.138,0.178,0.202
020_AAAF,CRGRO048,23,23,2020-07-03T00:00:00Z,46,271,79,0,12,69,2,15,0,183,0,0,0,0,0,0.014,0.049,0.051,0.11,0.11,0.17,0.171,0.195,0.161,0.139,0.178,0.202
020_AAAF,CRGRO048,23,23,2020-07-04T00:00:00Z,47,269,77,0,12,69,2,15,0,183,0.01,0,0,0,0,0.014,0.047,0.049,0.106,0.106,0.168,0.169,0.194,0.162,0.139,0.178,0.202
020_AAAF,CRGRO048,23,23,2020-07-05T00:00:00Z,48,272,80,0,12,74,2,15,0,183,0.01,0,0,0,0,0.079,0.055,0.05,0.103,0.104,0.166,0.167,0.193,0.162,0.139,0.178,0.202
020_AAAF,CRGRO048,23,23,2020-07-06T00:00:00Z,49,313,121,11,12,128,2,15,0,183,0.01,0,0,10.65,0,0.131,0.15,0.13,0.182,0.147,0.186,0.177,0.195,0.162,0.14,0.178,0.201
020_AAAF,CRGRO048,23,23,2020-07-07T00:00:00Z,50,319,127,11,12,137,2,15,0,183,0.01,0,0,0,0,0.132,0.117,0.108,0.194,0.17,0.207,0.194,0.201,0.177,0.14,0.178,0.201
020_AAAF,CRGRO048,23,23,2020-07-08T00:00:00Z,51,315,123,11,12,137,2,15,0,183,0.01,0,0,0,0,0.044,0.076,0.072,0.147,0.137,0.186,0.181,0.198,0.287,0.185,0.178,0.201
020_AAAF,CRGRO048,23,23,2020-07-09T00:00:00Z,52,314,122,11,12,139,2,15,0,183,0.01,0,0,0,0,0.04,0.062,0.062,0.138,0.135,0.188,0.184,0.199,0.25,0.208,0.192,0.201
020_AAAF,CRGRO048,23,23,2020-07-10T00:00:00Z,53,306,114,11,16,139,2,15,0,183,0.01,0,0,0,0,0.014,0.052,0.053,0.12,0.119,0.177,0.175,0.196,0.24,0.208,0.205,0.205
020_AAAF,CRGRO048,23,23,2020-07-11T00:00:00Z,54,296,104,11,21,139,2,15,0,183,0.01,0,0,0,0,0.014,0.049,0.05,0.108,0.109,0.172,0.172,0.195,0.212,0.2,0.205,0.205
020_AAAF,CRGRO048,23,23,2020-07-12T00:00:00Z,55,290,98,11,23,139,2,15,0,183,0.01,0,0,0,0,0.014,0.046,0.047,0.103,0.104,0.167,0.168,0.193,0.2,0.196,0.205,0.205
020_AAAF,CRGRO048,23,23,2020-07-13T00:00:00Z,56,286,94,11,24,139,2,15,0,183,0.01,0,0,0,0,0.014,0.043,0.044,0.099,0.1,0.164,0.165,0.191,0.195,0.195,0.205,0.205
020_AAAF,CRGRO048,23,23,2020-07-14T00:00:00Z,57,283,91,11,24,139,2,15,0,183,0.01,0,0,0,0,0.014,0.041,0.042,0.097,0.097,0.161,0.162,0.189,0.192,0.193,0.205,0.205
020_AAAF,CRGRO048,23,23,2020-07-15T00:00:00Z,58,280,88,11,24,139,2,15,0,183,0.01,0,0,0,0,0.014,0.039,0.041,0.094,0.095,0.158,0.159,0.186,0.19,0.191,0.205,0.205
020_AAAF,CRGRO048,23,23,2020-07-16T00:00:00Z,59,285,93,11,24,139,3,23,0,183,0.01,0,0,0,0,0.105,0.058,0.046,0.092,0.093,0.156,0.157,0.184,0.187,0.189,0.205,0.205
020_AAAF,CRGRO048,23,23,2020-07-17T00:00:00Z,60,280,88,11,24,139,3,23,0,183,0.01,0,0,0,0,0.025,0.045,0.051,0.099,0.092,0.154,0.156,0.183,0.186,0.188,0.205,0.205
020_AAAF,CRGRO048,23,23,2020-07-18T00:00:00Z,61,276,84,11,24,139,3,23,0,183,0.01,0,0,0,0,0.014,0.042,0.045,0.095,0.09,0.152,0.154,0.181,0.184,0.186,0.205,0.205
020_AAAF,CRGRO048,23,23,2020-07-19T00:00:00Z,62,273,81,11,24,139,3,23,0,183,0.01,0,0,0,0,0.014,0.039,0.042,0.093,0.089,0.151,0.152,0.179,0.182,0.184,0.205,0.205
020_AAAF,CRGRO048,23,23,2020-07-20T00:00:00Z,63,278,86,11,24,139,4,30,0,183,0.02,0,0,0,0,0.104,0.057,0.046,0.09,0.087,0.149,0.151,0.178,0.18,0.182,0.205,0.205
020_AAAF,CRGRO048,23,23,2020-07-21T00:00:00Z,64,273,81,11,24,139,4,30,0,183,0.02,0,0,0,0,0.025,0.043,0.05,0.096,0.086,0.148,0.149,0.177,0.178,0.181,0.205,0.205
020_AAAF,CRGRO048,23,23,2020-07-22T00:00:00Z,65,272,80,11,24,142,4,30,0,183,0.03,0,0,0,0,0.054,0.047,0.043,0.093,0.085,0.147,0.148,0.175,0.177,0.179,0.205,0.205
020_AAAF,CRGRO048,23,23,2020-07-23T00:00:00Z,66,271,79,11,24,144,4,30,0,183,0.03,0,0,0,0,0.046,0.051,0.043,0.09,0.084,0.145,0.147,0.174,0.175,0.178,0.205,0.205
020_AAAF,CRGRO048,23,23,2020-07-24T00:00:00Z,67,266,75,11,24,145,4,30,0,183,0.04,0,0,0,0,0.02,0.043,0.04,0.088,0.083,0.144,0.146,0.173,0.174,0.176,0.205,0.205
020_AAAF,CRGRO048,23,23,2020-07-25T00:00:00Z,68,264,72,11,24,145,4,30,0,183,0.04,0,0,0,0,0.014,0.039,0.038,0.086,0.082,0.143,0.145,0.171,0.173,0.175,0.204,0.205
020_AAAF,CRGRO048,23,23,2020-07-26T00:00:00Z,69,270,78,11,24,145,5,38,0,183,0.04,0,0,0,0,0.108,0.058,0.043,0.085,0.082,0.142,0.144,0.17,0.171,0.174,0.204,0.205
020_AAAF,CRGRO048,23,23,2020-07-27T00:00:00Z,70,265,73,11,24,145,5,38,0,183,0.04,0,0,0,0,0.025,0.038,0.05,0.089,0.081,0.141,0.143,0.169,0.17,0.173,0.204,0.205
020_AAAF,CRGRO048,23,23,2020-07-28T00:00:00Z,71,262,70,11,24,145,5,38,0,183,0.04,0,0,0,0,0.014,0.036,0.042,0.087,0.08,0.14,0.142,0.168,0.169,0.172,0.204,0.205
020_AAAF,CRGRO048,23,23,2020-07-29T00:00:00Z,72,274,82,11,24,151,6,46,0,183,0.06,0,0,0,0,0.162,0.07,0.053,0.092,0.079,0.139,0.141,0.167,0.168,0.171,0.204,0.205
020_AAAF,CRGRO048,23,23,2020-07-30T00:00:00Z,73,271,79,11,24,152,6,46,0,183,0.06,0,0,0,0,0.088,0.06,0.058,0.11,0.079,0.139,0.141,0.167,0.168,0.17,0.204,0.205
020_AAAF,CRGRO048,23,23,2020-07-31T00:00:00Z,74,267,75,11,24,152,6,46,0,183,0.06,0,0,0,0,0.037,0.048,0.049,0.113,0.089,0.139,0.14,0.167,0.168,0.17,0.204,0.205
020_AAAF,CRGRO048,23,23,2020-08-01T00:00:00Z,75,262,70,11,24,152,6,46,0,183,0.06,0,0,0,0,0.014,0.042,0.043,0.092,0.087,0.138,0.14,0.166,0.167,0.17,0.204,0.205
020_AAAF,CRGRO048,23,23,2020-08-02T00:00:00Z,76,260,68,11,24,152,6,46,0,183,0.06,0,0,0,0,0.014,0.038,0.039,0.089,0.086,0.138,0.139,0.165,0.166,0.169,0.204,0.205
020_AAAF,CRGRO048,23,23,2020-08-03T00:00:00Z,77,266,74,11,24,152,7,54,0,183,0.06,0,0,0,0,0.107,0.057,0.043,0.087,0.084,0.137,0.138,0.165,0.165,0.168,0.203,0.205
020_AAAF,CRGRO048,23,23,2020-08-04T00:00:00Z,78,263,71,11,24,152,7,54,0,183,0.09,0,0,0,0,0.053,0.05,0.05,0.086,0.083,0.137,0.138,0.164,0.165,0.168,0.203,0.205
020_AAAF,CRGRO048,23,23,2020-08-05T00:00:00Z,79,258,66,11,24,152,7,54,0,183,0.08,0,0,0,0,0.023,0.041,0.041,0.084,0.082,0.136,0.137,0.163,0.164,0.167,0.203,0.205
020_AAAF,CRGRO048,23,23,2020-08-06T00:00:00Z,80,259,67,11,24,156,7,54,0,183,0.09,0,0,0,0,0.063,0.049,0.038,0.083,0.081,0.135,0.137,0.163,0.163,0.166,0.203,0.205
020_AAAF,CRGRO048,23,23,2020-08-07T00:00:00Z,81,256,64,11,24,156,7,54,0,183,0.09,0,0,0,0,0.027,0.045,0.035,0.082,0.08,0.135,0.136,0.162,0.162,0.165,0.203,0.205
020_AAAF,CRGRO048,23,23,2020-08-08T00:00:00Z,82,254,62,11,24,156,7,54,0,183,0.09,0,0,0,0,0.014,0.039,0.034,0.08,0.079,0.134,0.135,0.161,0.162,0.165,0.203,0.205
020_AAAF,CRGRO048,23,23,2020-08-09T00:00:00Z,83,266,74,11,24,162,8,62,0,183,0.11,0,0,0,0,0.161,0.07,0.052,0.079,0.078,0.133,0.135,0.161,0.161,0.164,0.203,0.205
020_AAAF,CRGRO048,23,23,2020-08-10T00:00:00Z,84,274,82,11,24,172,8,62,0,183,0.11,0,0,0,0,0.15,0.088,0.069,0.12,0.078,0.133,0.135,0.161,0.161,0.164,0.203,0.205
020_AAAF,CRGRO048,23,23,2020-08-11T00:00:00Z,85,269,77,11,24,172,8,62,0,183,0.1,0,0,0,0,0.066,0.058,0.05,0.111,0.119,0.149,0.135,0.16,0.161,0.164,0.202,0.205
020_AAAF,CRGRO048,23,23,2020-08-12T00:00:00Z,86,276,84,11,24,182,8,62,0,183,0.12,0,0,0,0,0.13,0.073,0.06,0.12,0.111,0.153,0.135,0.16,0.161,0.164,0.202,0.205
020_AAAF,CRGRO048,23,23,2020-08-13T00:00:00Z,87,272,80,11,24,182,8,62,0,183,0.13,0,0,0,0,0.067,0.06,0.058,0.118,0.117,0.155,0.135,0.16,0.161,0.164,0.202,0.205
020_AAAF,CRGRO048,23,23,2020-08-14T00:00:00Z,88,275,84,11,24,190,8,62,0,183,0.14,0,0,0,0,0.108,0.069,0.06,0.12,0.116,0.16,0.135,0.16,0.161,0.164,0.202,0.205
020_AAAF,CRGRO048,23,23,2020-08-15T00:00:00Z,89,271,79,11,24,190,8,62,0,183,0.13,0,0,0,0,0.051,0.05,0.051,0.111,0.113,0.173,0.144,0.16,0.16,0.164,0.202,0.205
020_AAAF,CRGRO048,23,23,2020-08-16T00:00:00Z,90,267,75,11,24,190,8,62,0,183,0.12,0,0,0,0,0.031,0.047,0.048,0.103,0.104,0.167,0.144,0.16,0.16,0.164,0.202,0.205
020_AAAF,CRGRO048,23,23,2020-08-17T00:00:00Z,91,262,70,11,24,190,8,62,0,183,0.1,0,0,0,0,0.014,0.042,0.043,0.096,0.096,0.159,0.143,0.16,0.16,0.164,0.202,0.205
020_AAAF,CRGRO048,23,23,2020-08-18T00:00:00Z,92,296,104,13,24,229,8,62,0,183,0.15,0,0,2.06,0,0.167,0.148,0.095,0.146,0.122,0.165,0.142,0.159,0.159,0.163,0.202,0.205
020_AAAF,CRGRO048,23,23,2020-08-19T00:00:00Z,93,291,100,13,24,229,8,62,0,183,0.14,0,0,0,0,0.078,0.084,0.063,0.123,0.113,0.173,0.174,0.193,0.159,0.164,0.201,0.205
020_AAAF,CRGRO048,23,23,2020-08-20T00:00:00Z,94,289,97,13,24,231,8,62,0,183,0.16,0,0,0,0,0.06,0.065,0.06,0.124,0.12,0.174,0.174,0.192,0.159,0.164,0.201,0.205
020_AAAF,CRGRO048,23,23,2020-08-21T00:00:00Z,95,287,95,13,24,231,8,62,0,183,0.15,0,0,0,0,0.049,0.056,0.056,0.122,0.12,0.175,0.174,0.192,0.16,0.164,0.201,0.205
020_AAAF,CRGRO048,23,23,2020-08-22T00:00:00Z,96,286,94,13,24,232,8,62,0,183,0.16,0,0,0,0,0.053,0.054,0.054,0.12,0.118,0.175,0.175,0.192,0.16,0.164,0.201,0.205
020_AAAF,CRGRO048,23,23,2020-08-23T00:00:00Z,97,285,93,13,24,233,8,62,0,183,0.16,0,0,0,0,0.053,0.054,0.054,0.117,0.118,0.173,0.174,0.191,0.16,0.164,0.201,0.205
020_AAAF,CRGRO048,23,23,2020-08-24T00:00:00Z,98,312,120,13,24,261,8,62,0,183,0.17,0,0,0.25,0,0.162,0.144,0.089,0.149,0.134,0.182,0.178,0.194,0.16,0.164,0.201,0.205
020_AAAF,CRGRO048,23,23,2020-08-25T00:00:00Z,99,328,136,13,24,281,8,62,0,183,0.16,0,0,0.06,0,0.15,0.147,0.111,0.182,0.157,0.199,0.188,0.199,0.171,0.164,0.201,0.205
020_AAAF,CRGRO048,23,23,2020-08-26T00:00:00Z,100,324,132,13,24,281,8,62,0,183,0.17,0,0,0,0,0.084,0.097,0.091,0.178,0.165,0.209,0.198,0.203,0.195,0.164,0.201,0.205
020_AAAF,CRGRO048,23,23,2020-08-27T00:00:00Z,101,318,126,13,25,281,8,62,0,183,0.15,0,0,0,0,0.046,0.065,0.063,0.137,0.132,0.186,0.181,0.197,0.274,0.194,0.205,0.205
020_AAAF,CRGRO048,23,23,2020-08-28T00:00:00Z,102,307,115,13,32,281,8,62,0,183,0.13,0,0,0,0,0.03,0.053,0.053,0.121,0.119,0.176,0.174,0.196,0.258,0.194,0.205,0.205
020_AAAF,CRGRO048,23,23,2020-08-29T00:00:00Z,103,298,106,13,38,281,8,62,0,183,0.12,0,0,0,0,0.02,0.051,0.052,0.115,0.114,0.174,0.172,0.195,0.219,0.193,0.205,0.205
020_AAAF,CRGRO048,23,23,2020-08-30T00:00:00Z,104,331,139,15,38,320,8,62,0,183,0.18,0,0,1.89,0,0.162,0.15,0.103,0.159,0.137,0.184,0.178,0.196,0.204,0.199,0.207,0.206
020_AAAF,CRGRO048,23,23,2020-08-31T00:00:00Z,105,330,138,15,39,323,8,62,0,183,0.17,0,0,0,0,0.118,0.106,0.092,0.17,0.153,0.197,0.187,0.199,0.202,0.2,0.209,0.208
020_AAAF,CRGRO048,23,23,2020-09-01T00:00:00Z,106,319,127,15,47,323,8,62,0,183,0.15,0,0,0,0,0.061,0.069,0.064,0.135,0.128,0.181,0.177,0.196,0.268,0.199,0.209,0.208
020_AAAF,CRGRO048,23,23,2020-09-02T00:00:00Z,107,307,115,15,54,323,8,62,0,183,0.13,0,0,0,0,0.041,0.054,0.053,0.12,0.118,0.174,0.173,0.195,0.249,0.199,0.209,0.208
020_AAAF,CRGRO048,23,23,2020-09-03T00:00:00Z,108,297,105,15,60,323,8,62,0,183,0.12,0,0,0,0,0.025,0.052,0.051,0.111,0.111,0.171,0.17,0.193,0.214,0.194,0.206,0.208
020_AAAF,CRGRO048,23,23,2020-09-04T00:00:00Z,109,290,98,15,62,323,8,62,0,183,0.1,0,0,0,0,0.014,0.048,0.049,0.105,0.105,0.167,0.167,0.191,0.2,0.192,0.206,0.208
020_AAAF,CRGRO048,23,23,2020-09-05T00:00:00Z,110,286,94,15,62,323,8,62,0,183,0.09,0,0,0,0,0.014,0.045,0.046,0.101,0.101,0.163,0.163,0.188,0.193,0.191,0.206,0.208
020_AAAF,CRGRO048,23,23,2020-09-06T00:00:00Z,111,283,91,15,62,323,8,62,0,183,0.08,0,0,0,0,0.014,0.043,0.044,0.098,0.099,0.161,0.161,0.186,0.19,0.188,0.206,0.208
020_AAAF,CRGRO048,23,23,2020-09-07T00:00:00Z,112,279,87,15,62,323,8,62,0,183,0.07,0,0,0,0,0.014,0.041,0.042,0.095,0.096,0.158,0.158,0.184,0.186,0.185,0.206,0.208
020_AAAF,CRGRO048,23,23,2020-09-08T00:00:00Z,113,276,84,15,62,323,8,62,0,183,0.06,0,0,0,0,0.014,0.039,0.04,0.093,0.093,0.155,0.156,0.181,0.183,0.183,0.206,0.208
020_AAAF,CRGRO048,23,23,2020-09-09T00:00:00Z,114,292,100,15,62,333,9,70,0,183,0.19,0,0,0,0,0.167,0.089,0.061,0.113,0.092,0.154,0.154,0.18,0.181,0.181,0.206,0.208
020_AAAF,CRGRO048,23,23,2020-09-10T00:00:00Z,115,301,109,15,62,344,9,70,0,183,0.18,0,0,0,0,0.156,0.104,0.076,0.137,0.121,0.153,0.154,0.18,0.181,0.181,0.206,0.208
020_AAAF,CRGRO048,23,23,2020-09-11T00:00:00Z,116,300,108,15,62,346,9,70,0,183,0.2,0,0,0,0,0.109,0.085,0.072,0.143,0.131,0.176,0.154,0.179,0.18,0.181,0.206,0.208
020_AAAF,CRGRO048,23,23,2020-09-12T00:00:00Z,117,297,105,15,62,346,9,70,0,183,0.19,0,0,0,0,0.068,0.067,0.063,0.138,0.132,0.182,0.168,0.179,0.18,0.181,0.206,0.208
020_AAAF,CRGRO048,23,23,2020-09-13T00:00:00Z,118,295,103,15,62,347,9,70,0,183,0.2,0,0,0,0,0.056,0.058,0.058,0.13,0.129,0.183,0.177,0.182,0.18,0.181,0.206,0.208
020_AAAF,CRGRO048,23,23,2020-09-14T00:00:00Z,119,293,101,15,62,348,9,70,0,183,0.2,0,0,0,0,0.052,0.055,0.055,0.122,0.122,0.179,0.177,0.185,0.18,0.18,0.206,0.208
020_AAAF,CRGRO048,23,23,2020-09-15T00:00:00Z,120,294,103,15,62,350,9,70,0,183,0.21,0,0,0,0,0.07,0.058,0.055,0.12,0.12,0.177,0.176,0.187,0.18,0.18,0.206,0.208
020_AAAF,CRGRO048,23,23,2020-09-16T00:00:00Z,121,304,112,15,62,360,9,70,0,183,0.21,0,0,0,0,0.149,0.078,0.064,0.128,0.124,0.178,0.177,0.19,0.18,0.18,0.206,0.208
020_AAAF,CRGRO048,23,23,2020-09-17T00:00:00Z,122,308,116,15,62,367,9,70,0,183,0.18,0,0,0,0,0.148,0.084,0.068,0.135,0.128,0.181,0.178,0.193,0.179,0.18,0.206,0.208
020_AAAF,CRGRO048,23,23,2020-09-18T00:00:00Z,123,303,111,15,65,367,9,70,0,183,0.17,0,0,0,0,0.086,0.064,0.057,0.124,0.121,0.176,0.175,0.196,0.194,0.194,0.206,0.208
020_AAAF,CRGRO048,23,23,2020-09-19T00:00:00Z,124,299,107,15,67,367,9,70,0,183,0.15,0,0,0,0,0.059,0.055,0.054,0.118,0.118,0.175,0.174,0.195,0.194,0.194,0.206,0.208
020_AAAF,CRGRO048,23,23,2020-09-20T00:00:00Z,125,297,105,15,67,367,9,70,0,183,0.13,0,0,0,0,0.049,0.054,0.053,0.116,0.116,0.174,0.173,0.195,0.193,0.193,0.206,0.208
020_AAAF,CRGRO048,23,23,2020-09-21T00:00:00Z,126,294,102,15,67,367,9,70,0,183,0.11,0,0,0,0,0.038,0.052,0.051,0.111,0.112,0.171,0.171,0.193,0.192,0.192,0.206,0.208
020_AAAF,CRGRO048,23,23,2020-09-22T00:00:00Z,127,290,98,15,67,367,9,70,0,183,0.1,0,0,0,0,0.026,0.05,0.05,0.107,0.108,0.169,0.168,0.192,0.19,0.19,0.206,0.208
020_AAAF,CRGRO048,23,23,2020-09-23T00:00:00Z,128,288,96,15,67,367,9,70,0,183,0.08,0,0,0,0,0.02,0.048,0.048,0.105,0.106,0.167,0.167,0.191,0.189,0.189,0.206,0.208
020_AAAF,CRGRO048,23,23,2020-09-24T00:00:00Z,129,285,93,15,67,367,9,70,0,183,0.07,0,0,0,0,0.014,0.046,0.047,0.103,0.103,0.165,0.165,0.189,0.188,0.188,0.205,0.208
020_AAAF,CRGRO048,23,23,2020-09-25T00:00:00Z,130,285,93,15,67,370,9,70,0,183,0.22,0,0,0,0,0.061,0.049,0.045,0.1,0.1,0.162,0.162,0.187,0.186,0.186,0.205,0.208
020_AAAF,CRGRO048,23,23,2020-09-26T00:00:00Z,131,282,90,15,67,370,9,70,0,183,0.19,0,0,0,0,0.042,0.049,0.043,0.097,0.098,0.16,0.16,0.185,0.184,0.184,0.205,0.208
020_AAAF,CRGRO048,23,23,2020-09-27T00:00:00Z,132,282,90,15,67,370,9,70,0,183,0.23,0,0,0,0,0.051,0.049,0.043,0.097,0.097,0.159,0.159,0.184,0.183,0.184,0.205,0.208
020_AAAF,CRGRO048,23,23,2020-09-28T00:00:00Z,133,282,90,15,67,373,9,70,0,183,0.2,0,0,0,0,0.069,0.055,0.046,0.095,0.096,0.157,0.158,0.183,0.182,0.183,0.205,0.208
020_AAAF,CRGRO048,23,23,2020-09-29T00:00:00Z,134,301,109,15,67,394,9,70,0,183,0.23,0,0,0,0,0.158,0.114,0.075,0.129,0.11,0.157,0.157,0.182,0.181,0.182,0.205,0.208
020_AAAF,CRGRO048,23,23,2020-09-30T00:00:00Z,135,298,106,15,67,394,9,70,0,183,0.2,0,0,0,0,0.081,0.071,0.056,0.117,0.117,0.174,0.174,0.196,0.183,0.182,0.205,0.208
020_AAAF,CRGRO048,23,23,2020-10-01T00:00:00Z,136,294,102,15,67,394,9,70,0,183,0.17,0,0,0,0,0.049,0.054,0.054,0.115,0.115,0.172,0.172,0.195,0.191,0.181,0.205,0.208
020_AAAF,CRGRO048,23,23,2020-10-02T00:00:00Z,137,291,99,15,67,394,9,70,0,183,0.14,0,0,0,0,0.039,0.052,0.052,0.11,0.111,0.17,0.17,0.193,0.19,0.181,0.205,0.208
020_AAAF,CRGRO048,23,23,2020-10-03T00:00:00Z,138,289,97,15,67,394,9,70,0,183,0.12,0,0,0,0,0.032,0.051,0.051,0.108,0.108,0.168,0.169,0.192,0.189,0.181,0.205,0.208
020_AAAF,CRGRO048,23,23,2020-10-04T00:00:00Z,139,286,95,15,67,394,9,70,0,183,0.11,0,0,0,0,0.023,0.049,0.049,0.105,0.105,0.166,0.166,0.191,0.187,0.181,0.205,0.208
020_AAAF,CRGRO048,23,23,2020-10-05T00:00:00Z,140,284,92,15,67,394,9,70,0,183,0.09,0,0,0,0,0.016,0.047,0.047,0.103,0.103,0.164,0.165,0.189,0.186,0.18,0.205,0.208
020_AAAF,CRGRO048,23,23,2020-10-06T00:00:00Z,141,282,90,15,67,394,9,70,0,183,0.08,0,0,0,0,0.014,0.045,0.046,0.101,0.101,0.162,0.163,0.188,0.185,0.18,0.205,0.208
020_AAAF,CRGRO048,23,23,2020-10-07T00:00:00Z,142,278,86,15,67,394,9,70,0,183,0.07,0,0,0,0,0.014,0.042,0.043,0.097,0.097,0.159,0.159,0.185,0.182,0.178,0.205,0.208
020_AAAF,CRGRO048,23,23,2020-10-08T00:00:00Z,143,274,82,15,67,394,9,70,0,183,0.06,0,0,0,0,0.014,0.039,0.04,0.093,0.093,0.155,0.156,0.181,0.179,0.176,0.205,0.208
020_AAAF,CRGRO048,23,23,2020-10-09T00:00:00Z,144,279,87,15,67,394,10,78,0,183,0.05,0,0,0,0,0.106,0.058,0.045,0.091,0.091,0.153,0.153,0.179,0.177,0.175,0.204,0.208
020_AAAF,CRGRO048,23,23,2020-10-10T00:00:00Z,145,286,94,15,67,405,10,78,0,183,0.23,0,0,0,0,0.145,0.076,0.06,0.111,0.09,0.151,0.152,0.178,0.176,0.174,0.204,0.208
020_AAAF,CRGRO048,23,23,2020-10-11T00:00:00Z,146,282,90,15,67,405,10,78,0,183,0.21,0,0,0,0,0.08,0.061,0.058,0.121,0.099,0.151,0.152,0.177,0.176,0.174,0.204,0.208
020_AAAF,CRGRO048,24,24,2020-05-18T00:00:00Z,0,256,64,0,0,0,0,0,0,174,0,0,0,0,0,0.086,0.086,0.086,0.086,0.086,0.118,0.118,0.135,0.129,0.129,0.178,0.258
020_AAAF,CRGRO048,24,24,2020-05-19T00:00:00Z,1,252,61,0,7,0,1,8,0,179,0,0,0,0,0,0.064,0.086,0.079,0.13,0.1,0.118,0.118,0.135,0.129,0.129,0.178,0.228
020_AAAF,CRGRO048,24,24,2020-05-20T00:00:00Z,2,265,73,0,10,17,1,8,0,181,0,0,0,0,0,0.145,0.114,0.088,0.154,0.131,0.135,0.118,0.135,0.129,0.129,0.178,0.214
020_AAAF,CRGRO048,24,24,2020-05-21T00:00:00Z,3,264,72,0,12,21,1,8,0,182,0,0,0,0,0,0.055,0.095,0.084,0.161,0.146,0.173,0.118,0.135,0.129,0.13,0.178,0.209
020_AAAF,CRGRO048,24,24,2020-05-22T00:00:00Z,4,263,71,0,12,23,1,8,0,183,0,0,0,0,0,0.03,0.074,0.074,0.154,0.149,0.19,0.141,0.135,0.129,0.13,0.178,0.206
020_AAAF,CRGRO048,24,24,2020-05-23T00:00:00Z,5,263,71,0,12,23,1,8,0,183,0,0,0,0,0,0.02,0.061,0.065,0.144,0.145,0.194,0.169,0.135,0.129,0.13,0.178,0.206
020_AAAF,CRGRO048,24,24,2020-05-24T00:00:00Z,6,262,70,0,12,23,1,8,0,183,0,0,0,0,0,0.014,0.056,0.058,0.129,0.129,0.182,0.174,0.155,0.129,0.13,0.178,0.206
020_AAAF,CRGRO048,24,24,2020-05-25T00:00:00Z,7,264,72,0,12,25,1,8,0,183,0,0,0,0,0,0.05,0.055,0.055,0.125,0.126,0.181,0.178,0.158,0.129,0.13,0.178,0.206
020_AAAF,CRGRO048,24,24,2020-05-26T00:00:00Z,8,265,73,0,12,28,1,8,0,183,0,0,0,0,0,0.045,0.061,0.057,0.125,0.125,0.18,0.179,0.161,0.129,0.13,0.178,0.206
020_AAAF,CRGRO048,24,24,2020-05-27T00:00:00Z,9,264,72,0,12,28,1,8,0,183,0,0,0,0,0,0.02,0.056,0.056,0.124,0.124,0.179,0.179,0.164,0.129,0.131,0.178,0.206
020_AAAF,CRGRO048,24,24,2020-05-28T00:00:00Z,10,264,72,0,12,28,1,8,0,183,0,0,0,0,0,0.014,0.055,0.056,0.121,0.121,0.176,0.176,0.169,0.129,0.131,0.178,0.206
020_AAAF,CRGRO048,24,24,2020-05-29T00:00:00Z,11,264,72,0,12,28,1,8,0,183,0,0,0,0,0,0.014,0.055,0.056,0.121,0.121,0.176,0.175,0.169,0.13,0.131,0.178,0.205
020_AAAF,CRGRO048,24,24,2020-05-30T00:00:00Z,12,264,72,0,12,28,1,8,0,183,0,0,0,0,0,0.014,0.054,0.056,0.121,0.121,0.176,0.175,0.169,0.13,0.131,0.178,0.205
020_AAAF,CRGRO048,24,24,2020-05-31T00:00:00Z,13,264,72,0,12,28,1,8,0,183,0,0,0,0,0,0.014,0.054,0.056,0.121,0.121,0.176,0.175,0.169,0.13,0.131,0.178,0.205
020_AAAF,CRGRO048,24,24,2020-06-01T00:00:00Z,14,263,72,0,12,28,1,8,0,183,0,0,0,0,0,0.014,0.053,0.055,0.121,0.121,0.176,0.175,0.169,0.13,0.132,0.178,0.205
020_AAAF,CRGRO048,24,24,2020-06-02T00:00:00Z,15,263,71,0,12,28,1,8,0,183,0,0,0,0,0,0.014,0.052,0.055,0.121,0.121,0.176,0.175,0.169,0.13,0.132,0.178,0.205
020_AAAF,CRGRO048,24,24,2020-06-03T00:00:00Z,16,263,71,0,12,28,1,8,0,183,0,0,0,0,0,0.014,0.051,0.055,0.121,0.121,0.176,0.175,0.169,0.13,0.132,0.178,0.205
020_AAAF,CRGRO048,24,24,2020-06-04T00:00:00Z,17,263,71,0,12,28,1,8,0,183,0,0,0,0,0,0.014,0.05,0.054,0.121,0.121,0.176,0.174,0.169,0.13,0.132,0.178,0.205
020_AAAF,CRGRO048,24,24,2020-06-05T00:00:00Z,18,263,71,0,12,28,1,8,0,183,0,0,0,0,0,0.014,0.049,0.054,0.121,0.121,0.176,0.174,0.169,0.131,0.132,0.178,0.205
020_AAAF,CRGRO048,24,24,2020-06-06T00:00:00Z,19,263,71,0,12,29,1,8,0,183,0,0,0,0,0,0.024,0.048,0.053,0.12,0.121,0.176,0.174,0.169,0.131,0.132,0.178,0.205
020_AAAF,CRGRO048,24,24,2020-06-07T00:00:00Z,20,273,81,0,12,39,1,8,0,183,0,0,0,0,0,0.125,0.07,0.06,0.126,0.124,0.177,0.176,0.171,0.131,0.133,0.178,0.204
020_AAAF,CRGRO048,24,24,2020-06-08T00:00:00Z,21,271,79,0,12,42,1,8,0,183,0,0,0,0,0,0.024,0.072,0.064,0.131,0.128,0.18,0.178,0.173,0.131,0.133,0.178,0.204
020_AAAF,CRGRO048,24,24,2020-06-09T00:00:00Z,22,279,87,0,12,50,1,8,0,183,0,0,0,0,0,0.107,0.074,0.066,0.136,0.132,0.183,0.181,0.178,0.131,0.133,0.178,0.204
020_AAAF,CRGRO048,24,24,2020-06-10T00:00:00Z,23,276,84,0,12,51,1,8,0,183,0,0,0,0,0,0.013,0.068,0.064,0.136,0.133,0.186,0.183,0.184,0.131,0.133,0.178,0.204
020_AAAF,CRGRO048,24,24,2020-06-11T00:00:00Z,24,278,86,0,12,53,1,8,0,183,0,0,0,0,0,0.057,0.058,0.059,0.132,0.132,0.186,0.184,0.191,0.132,0.133,0.178,0.204
020_AAAF,CRGRO048,24,24,2020-06-12T00:00:00Z,25,276,84,0,12,53,1,8,0,183,0,0,0,0,0,0.015,0.056,0.057,0.127,0.128,0.184,0.183,0.198,0.132,0.133,0.178,0.204
020_AAAF,CRGRO048,24,24,2020-06-13T00:00:00Z,26,275,83,0,12,53,1,8,0,183,0,0,0,0,0,0.014,0.054,0.054,0.121,0.122,0.178,0.178,0.198,0.152,0.134,0.178,0.204
020_AAAF,CRGRO048,24,24,2020-06-14T00:00:00Z,27,275,83,0,12,53,1,8,0,183,0,0,0,0,0,0.014,0.053,0.053,0.119,0.121,0.176,0.176,0.197,0.156,0.134,0.178,0.204
020_AAAF,CRGRO048,24,24,2020-06-15T00:00:00Z,28,274,82,0,12,53,1,8,0,183,0,0,0,0,0,0.014,0.052,0.052,0.118,0.12,0.175,0.176,0.197,0.156,0.134,0.178,0.204
020_AAAF,CRGRO048,24,24,2020-06-16T00:00:00Z,29,274,82,0,12,53,1,8,0,183,0,0,0,0,0,0.014,0.051,0.052,0.117,0.119,0.175,0.176,0.197,0.156,0.134,0.178,0.203
020_AAAF,CRGRO048,24,24,2020-06-17T00:00:00Z,30,273,81,0,12,53,1,8,0,183,0,0,0,0,0,0.014,0.049,0.051,0.115,0.117,0.175,0.176,0.197,0.156,0.135,0.178,0.203
020_AAAF,CRGRO048,24,24,2020-06-18T00:00:00Z,31,273,81,0,12,53,1,8,0,183,0,0,0,0,0,0.014,0.048,0.05,0.114,0.116,0.175,0.175,0.197,0.156,0.135,0.178,0.203
020_AAAF,CRGRO048,24,24,2020-06-19T00:00:00Z,32,273,81,0,12,54,1,8,0,183,0,0,0,0,0,0.03,0.047,0.049,0.112,0.114,0.174,0.175,0.197,0.156,0.135,0.178,0.203
020_AAAF,CRGRO048,24,24,2020-06-20T00:00:00Z,33,271,79,0,12,55,1,8,0,183,0,0,0,0,0,0.02,0.046,0.049,0.11,0.112,0.173,0.175,0.197,0.156,0.135,0.178,0.203
020_AAAF,CRGRO048,24,24,2020-06-21T00:00:00Z,34,276,84,0,12,55,2,14,0,183,0,0,0,0,0,0.087,0.059,0.054,0.108,0.11,0.172,0.175,0.197,0.157,0.136,0.178,0.203
020_AAAF,CRGRO048,24,24,2020-06-22T00:00:00Z,35,273,81,0,12,55,2,14,0,183,0,0,0,0,0,0.013,0.052,0.053,0.118,0.112,0.171,0.174,0.196,0.157,0.136,0.178,0.203
020_AAAF,CRGRO048,24,24,2020-06-23T00:00:00Z,36,272,80,0,12,55,2,14,0,183,0,0,0,0,0,0.014,0.051,0.051,0.114,0.11,0.17,0.174,0.196,0.157,0.136,0.178,0.203
020_AAAF,CRGRO048,24,24,2020-06-24T00:00:00Z,37,270,79,0,12,55,2,14,0,183,0,0,0,0,0,0.014,0.049,0.05,0.111,0.108,0.169,0.173,0.196,0.157,0.136,0.178,0.203
020_AAAF,CRGRO048,24,24,2020-06-25T00:00:00Z,38,270,78,0,12,55,2,14,0,183,0,0,0,0,0,0.014,0.047,0.049,0.109,0.107,0.168,0.172,0.196,0.157,0.137,0.178,0.203
020_AAAF,CRGRO048,24,24,2020-06-26T00:00:00Z,39,275,83,0,12,55,3,20,0,183,0,0,0,0,0,0.091,0.058,0.054,0.106,0.105,0.167,0.171,0.196,0.157,0.137,0.178,0.202
020_AAAF,CRGRO048,24,24,2020-06-27T00:00:00Z,40,271,79,0,12,55,3,20,0,183,0,0,0,0,0,0.013,0.056,0.054,0.112,0.104,0.166,0.17,0.195,0.157,0.137,0.178,0.202
020_AAAF,CRGRO048,24,24,2020-06-28T00:00:00Z,41,269,77,0,12,55,3,20,0,183,0,0,0,0,0,0.014,0.05,0.051,0.11,0.103,0.165,0.169,0.195,0.157,0.137,0.178,0.202
020_AAAF,CRGRO048,24,24,2020-06-29T00:00:00Z,42,267,75,0,12,55,3,20,0,183,0,0,0,0,0,0.014,0.047,0.049,0.106,0.101,0.164,0.167,0.195,0.158,0.138,0.178,0.202
020_AAAF,CRGRO048,24,24,2020-06-30T00:00:00Z,43,286,94,0,12,69,4,26,0,183,0,0,0,0,0,0.167,0.097,0.068,0.126,0.114,0.162,0.166,0.194,0.158,0.138,0.178,0.202
020_AAAF,CRGRO048,24,24,2020-07-01T00:00:00Z,44,280,88,0,12,69,4,26,0,183,0,0,0,0,0,0.018,0.067,0.056,0.119,0.118,0.174,0.174,0.196,0.185,0.138,0.178,0.202
020_AAAF,CRGRO048,24,24,2020-07-02T00:00:00Z,45,278,86,0,12,69,4,26,0,183,0,0,0,0,0,0.014,0.051,0.054,0.114,0.115,0.172,0.173,0.196,0.189,0.139,0.178,0.202
020_AAAF,CRGRO048,24,24,2020-07-03T00:00:00Z,46,275,83,0,12,69,4,26,0,183,0,0,0,0,0,0.014,0.048,0.051,0.109,0.109,0.17,0.171,0.195,0.189,0.139,0.178,0.202
020_AAAF,CRGRO048,24,24,2020-07-04T00:00:00Z,47,272,80,0,12,69,4,26,0,183,0,0,0,0,0,0.014,0.046,0.048,0.104,0.105,0.167,0.168,0.194,0.188,0.14,0.178,0.202
020_AAAF,CRGRO048,24,24,2020-07-05T00:00:00Z,48,281,89,0,12,74,5,32,0,183,0.01,0,0,0,0,0.137,0.068,0.056,0.112,0.102,0.164,0.166,0.192,0.188,0.14,0.178,0.202
020_AAAF,CRGRO048,24,24,2020-07-06T00:00:00Z,49,321,129,12,12,128,5,32,0,183,0.01,0,0,12.2,0,0.136,0.147,0.139,0.193,0.153,0.189,0.179,0.195,0.188,0.141,0.178,0.201
020_AAAF,CRGRO048,24,24,2020-07-07T00:00:00Z,50,327,135,12,12,137,5,32,0,183,0.01,0,0,0,0,0.136,0.116,0.112,0.201,0.177,0.212,0.197,0.202,0.198,0.147,0.178,0.201
020_AAAF,CRGRO048,24,24,2020-07-08T00:00:00Z,51,323,131,12,12,137,5,32,0,183,0.01,0,0,0,0,0.05,0.075,0.073,0.149,0.139,0.188,0.182,0.198,0.322,0.193,0.178,0.201
020_AAAF,CRGRO048,24,24,2020-07-09T00:00:00Z,52,322,130,12,12,139,5,32,0,183,0.01,0,0,0,0,0.038,0.063,0.063,0.14,0.137,0.19,0.185,0.2,0.286,0.211,0.196,0.201
020_AAAF,CRGRO048,24,24,2020-07-10T00:00:00Z,53,312,121,12,16,139,5,32,0,183,0.01,0,0,0,0,0.014,0.052,0.052,0.12,0.12,0.177,0.176,0.196,0.282,0.211,0.205,0.205
020_AAAF,CRGRO048,24,24,2020-07-11T00:00:00Z,54,301,109,12,23,139,5,32,0,183,0.01,0,0,0,0,0.014,0.049,0.05,0.108,0.109,0.17,0.172,0.195,0.235,0.211,0.205,0.205
020_AAAF,CRGRO048,24,24,2020-07-12T00:00:00Z,55,291,99,12,29,139,5,32,0,183,0.01,0,0,0,0,0.014,0.045,0.046,0.102,0.102,0.166,0.167,0.192,0.209,0.2,0.205,0.205
020_AAAF,CRGRO048,24,24,2020-07-13T00:00:00Z,56,293,102,12,29,139,6,39,0,183,0.01,0,0,0,0,0.095,0.057,0.051,0.098,0.099,0.162,0.163,0.19,0.198,0.199,0.207,0.206
020_AAAF,CRGRO048,24,24,2020-07-14T00:00:00Z,57,286,95,12,30,139,6,39,0,183,0.01,0,0,0,0,0.02,0.046,0.049,0.107,0.096,0.159,0.161,0.188,0.194,0.195,0.207,0.206
020_AAAF,CRGRO048,24,24,2020-07-15T00:00:00Z,58,283,91,12,30,139,6,39,0,183,0.01,0,0,0,0,0.014,0.043,0.045,0.1,0.094,0.157,0.159,0.186,0.191,0.193,0.207,0.206
020_AAAF,CRGRO048,24,24,2020-07-16T00:00:00Z,59,286,94,12,30,139,7,45,0,183,0.01,0,0,0,0,0.098,0.057,0.049,0.096,0.092,0.155,0.156,0.184,0.189,0.191,0.207,0.206
020_AAAF,CRGRO048,24,24,2020-07-17T00:00:00Z,60,281,89,12,30,139,7,45,0,183,0.01,0,0,0,0,0.028,0.045,0.049,0.104,0.091,0.153,0.155,0.182,0.187,0.189,0.207,0.206
020_AAAF,CRGRO048,24,24,2020-07-18T00:00:00Z,61,276,85,12,30,139,7,45,0,183,0.01,0,0,0,0,0.014,0.042,0.044,0.097,0.09,0.152,0.153,0.18,0.184,0.187,0.207,0.206
020_AAAF,CRGRO048,24,24,2020-07-19T00:00:00Z,62,281,89,12,30,139,8,52,0,183,0.01,0,0,0,0,0.1,0.057,0.048,0.093,0.088,0.15,0.151,0.179,0.182,0.185,0.207,0.206
020_AAAF,CRGRO048,24,24,2020-07-20T00:00:00Z,63,276,84,12,30,139,8,52,0,183,0.02,0,0,0,0,0.03,0.044,0.049,0.1,0.087,0.149,0.15,0.177,0.181,0.183,0.207,0.206
020_AAAF,CRGRO048,24,24,2020-07-21T00:00:00Z,64,271,80,12,30,139,8,52,0,183,0.02,0,0,0,0,0.014,0.04,0.043,0.095,0.086,0.147,0.149,0.176,0.179,0.182,0.207,0.206
020_AAAF,CRGRO048,24,24,2020-07-22T00:00:00Z,65,279,87,12,30,142,9,60,0,183,0.03,0,0,0,0,0.128,0.063,0.052,0.091,0.085,0.146,0.147,0.174,0.177,0.18,0.207,0.206
020_AAAF,CRGRO048,24,24,2020-07-23T00:00:00Z,66,277,86,12,30,144,9,60,0,183,0.03,0,0,0,0,0.081,0.057,0.056,0.105,0.085,0.145,0.147,0.174,0.177,0.179,0.207,0.206
020_AAAF,CRGRO048,24,24,2020-07-24T00:00:00Z,67,273,81,12,30,145,9,60,0,183,0.04,0,0,0,0,0.035,0.05,0.049,0.107,0.084,0.145,0.146,0.173,0.176,0.178,0.207,0.206
020_AAAF,CRGRO048,24,24,2020-07-25T00:00:00Z,68,269,78,12,30,145,9,60,0,183,0.04,0,0,0,0,0.019,0.045,0.045,0.098,0.084,0.144,0.145,0.172,0.175,0.178,0.207,0.206
020_AAAF,CRGRO048,24,24,2020-07-26T00:00:00Z,69,273,81,12,30,145,10,66,0,183,0.04,0,0,0,0,0.093,0.056,0.048,0.093,0.083,0.143,0.144,0.171,0.173,0.176,0.207,0.206
020_AAAF,CRGRO048,24,24,2020-07-27T00:00:00Z,70,268,76,12,30,145,10,66,0,183,0.04,0,0,0,0,0.026,0.043,0.048,0.095,0.082,0.142,0.143,0.17,0.172,0.175,0.207,0.206
020_AAAF,CRGRO048,24,24,2020-07-28T00:00:00Z,71,270,78,12,30,145,11,72,0,183,0.04,0,0,0,0,0.085,0.055,0.048,0.091,0.081,0.141,0.142,0.169,0.171,0.174,0.207,0.206
020_AAAF,CRGRO048,24,24,2020-07-29T00:00:00Z,72,274,82,12,30,151,11,72,0,183,0.06,0,0,0,0,0.104,0.065,0.055,0.101,0.081,0.141,0.142,0.169,0.171,0.174,0.206,0.206
020_AAAF,CRGRO048,24,24,2020-07-30T00:00:00Z,73,272,80,12,30,152,11,72,0,183,0.06,0,0,0,0,0.066,0.053,0.055,0.112,0.081,0.14,0.142,0.168,0.17,0.173,0.206,0.206
020_AAAF,CRGRO048,24,24,2020-07-31T00:00:00Z,74,268,76,12,30,152,11,72,0,183,0.06,0,0,0,0,0.033,0.048,0.049,0.106,0.081,0.14,0.142,0.168,0.17,0.173,0.206,0.206
020_AAAF,CRGRO048,24,24,2020-08-01T00:00:00Z,75,263,71,12,30,152,11,72,0,183,0.06,0,0,0,0,0.014,0.041,0.042,0.093,0.081,0.139,0.141,0.167,0.169,0.172,0.206,0.206
020_AAAF,CRGRO048,24,24,2020-08-02T00:00:00Z,76,268,76,12,30,152,12,80,0,183,0.06,0,0,0,0,0.103,0.057,0.045,0.09,0.08,0.138,0.14,0.166,0.168,0.171,0.206,0.206
020_AAAF,CRGRO048,24,24,2020-08-03T00:00:00Z,77,263,72,12,30,152,12,80,0,183,0.06,0,0,0,0,0.035,0.04,0.049,0.093,0.079,0.138,0.139,0.166,0.167,0.17,0.206,0.206
020_AAAF,CRGRO048,24,24,2020-08-04T00:00:00Z,78,261,69,12,30,152,12,80,0,183,0.09,0,0,0,0,0.031,0.037,0.041,0.09,0.079,0.137,0.138,0.165,0.166,0.169,0.206,0.206
020_AAAF,CRGRO048,24,24,2020-08-05T00:00:00Z,79,265,73,12,30,152,13,87,0,183,0.08,0,0,0,0,0.09,0.058,0.044,0.087,0.078,0.136,0.138,0.164,0.165,0.168,0.206,0.206
020_AAAF,CRGRO048,24,24,2020-08-06T00:00:00Z,80,265,73,12,30,156,13,87,0,183,0.09,0,0,0,0,0.07,0.053,0.052,0.09,0.078,0.136,0.137,0.163,0.165,0.168,0.205,0.206
020_AAAF,CRGRO048,24,24,2020-08-07T00:00:00Z,81,261,69,12,30,156,13,87,0,183,0.09,0,0,0,0,0.031,0.048,0.047,0.089,0.078,0.135,0.137,0.163,0.164,0.168,0.205,0.206
020_AAAF,CRGRO048,24,24,2020-08-08T00:00:00Z,82,258,66,12,30,156,13,87,0,183,0.09,0,0,0,0,0.02,0.04,0.041,0.086,0.077,0.135,0.136,0.162,0.164,0.167,0.205,0.206
020_AAAF,CRGRO048,24,24,2020-08-09T00:00:00Z,83,268,76,12,30,162,14,94,0,183,0.11,0,0,0,0,0.148,0.068,0.052,0.09,0.076,0.134,0.136,0.162,0.163,0.166,0.205,0.206
020_AAAF,CRGRO048,24,24,2020-08-10T00:00:00Z,84,276,84,12,30,172,14,94,0,183,0.11,0,0,0,0,0.153,0.084,0.067,0.122,0.082,0.134,0.136,0.162,0.163,0.166,0.205,0.206
020_AAAF,CRGRO048,24,24,2020-08-11T00:00:00Z,85,272,80,12,30,172,14,94,0,183,0.11,0,0,0,0,0.073,0.056,0.049,0.11,0.119,0.152,0.136,0.161,0.163,0.166,0.205,0.206
020_AAAF,CRGRO048,24,24,2020-08-12T00:00:00Z,86,278,86,12,30,182,14,94,0,183,0.13,0,0,0,0,0.136,0.074,0.06,0.119,0.11,0.155,0.136,0.161,0.163,0.166,0.205,0.206
020_AAAF,CRGRO048,24,24,2020-08-13T00:00:00Z,87,274,82,12,30,182,14,94,0,183,0.13,0,0,0,0,0.074,0.06,0.058,0.118,0.118,0.154,0.136,0.161,0.162,0.166,0.204,0.206
020_AAAF,CRGRO048,24,24,2020-08-14T00:00:00Z,88,278,86,12,30,190,14,94,0,183,0.13,0,0,0,0,0.115,0.069,0.06,0.12,0.115,0.16,0.136,0.161,0.162,0.166,0.204,0.206
020_AAAF,CRGRO048,24,24,2020-08-15T00:00:00Z,89,273,81,12,30,190,14,94,0,183,0.13,0,0,0,0,0.059,0.049,0.051,0.11,0.113,0.173,0.146,0.161,0.162,0.167,0.204,0.206
020_AAAF,CRGRO048,24,24,2020-08-16T00:00:00Z,90,269,77,12,30,190,14,94,0,183,0.11,0,0,0,0,0.038,0.048,0.047,0.103,0.103,0.166,0.146,0.161,0.162,0.166,0.204,0.206
020_AAAF,CRGRO048,24,24,2020-08-17T00:00:00Z,91,264,72,12,30,190,14,94,0,183,0.1,0,0,0,0,0.023,0.043,0.042,0.096,0.096,0.159,0.145,0.16,0.162,0.166,0.204,0.206
020_AAAF,CRGRO048,24,24,2020-08-18T00:00:00Z,92,305,113,14,30,229,15,101,0,183,0.15,0,0,2.16,0,0.157,0.148,0.114,0.164,0.132,0.173,0.149,0.16,0.161,0.165,0.204,0.206
020_AAAF,CRGRO048,24,24,2020-08-19T00:00:00Z,93,300,108,14,30,229,15,101,0,183,0.14,0,0,0,0,0.078,0.084,0.07,0.13,0.117,0.172,0.174,0.196,0.19,0.165,0.204,0.206
020_AAAF,CRGRO048,24,24,2020-08-20T00:00:00Z,94,298,106,14,30,231,15,101,0,183,0.16,0,0,0,0,0.064,0.066,0.062,0.131,0.124,0.176,0.174,0.196,0.189,0.166,0.203,0.206
020_AAAF,CRGRO048,24,24,2020-08-21T00:00:00Z,95,296,104,14,30,231,15,101,0,183,0.16,0,0,0,0,0.053,0.057,0.057,0.126,0.123,0.178,0.176,0.198,0.189,0.166,0.203,0.206
020_AAAF,CRGRO048,24,24,2020-08-22T00:00:00Z,96,295,103,14,30,232,15,101,0,183,0.16,0,0,0,0,0.056,0.055,0.055,0.122,0.121,0.177,0.176,0.197,0.192,0.166,0.203,0.206
020_AAAF,CRGRO048,24,24,2020-08-23T00:00:00Z,97,294,102,14,30,233,15,101,0,183,0.16,0,0,0,0,0.056,0.055,0.054,0.119,0.118,0.175,0.175,0.198,0.191,0.167,0.203,0.206
020_AAAF,CRGRO048,24,24,2020-08-24T00:00:00Z,98,321,129,15,30,261,15,101,0,183,0.17,0,0,0.26,0,0.163,0.145,0.09,0.15,0.135,0.183,0.179,0.198,0.195,0.169,0.203,0.206
020_AAAF,CRGRO048,24,24,2020-08-25T00:00:00Z,99,336,144,15,30,281,15,101,0,183,0.16,0,0,0.06,0,0.153,0.147,0.111,0.184,0.159,0.2,0.189,0.2,0.2,0.179,0.203,0.206
020_AAAF,CRGRO048,24,24,2020-08-26T00:00:00Z,100,333,141,15,30,281,15,101,0,183,0.17,0,0,0,0,0.089,0.097,0.091,0.179,0.166,0.21,0.199,0.204,0.206,0.197,0.203,0.206
020_AAAF,CRGRO048,24,24,2020-08-27T00:00:00Z,101,322,130,15,37,281,15,101,0,183,0.15,0,0,0,0,0.052,0.065,0.063,0.138,0.133,0.186,0.182,0.198,0.289,0.196,0.205,0.206
020_AAAF,CRGRO048,24,24,2020-08-28T00:00:00Z,102,310,118,15,44,281,15,101,0,183,0.14,0,0,0,0,0.039,0.053,0.053,0.121,0.119,0.176,0.174,0.196,0.274,0.195,0.205,0.206
020_AAAF,CRGRO048,24,24,2020-08-29T00:00:00Z,103,300,108,15,51,281,15,101,0,183,0.12,0,0,0,0,0.031,0.051,0.052,0.115,0.114,0.173,0.172,0.195,0.225,0.194,0.205,0.206
020_AAAF,CRGRO048,24,24,2020-08-30T00:00:00Z,104,333,141,17,52,320,15,101,0,183,0.18,0,0,1.97,0,0.16,0.15,0.104,0.16,0.138,0.184,0.178,0.196,0.207,0.201,0.208,0.207
020_AAAF,CRGRO048,24,24,2020-08-31T00:00:00Z,105,331,140,17,54,323,15,101,0,182,0.17,0,0,0,0,0.118,0.106,0.093,0.171,0.154,0.197,0.188,0.199,0.203,0.202,0.21,0.209
020_AAAF,CRGRO048,24,24,2020-09-01T00:00:00Z,106,320,128,17,61,323,15,101,0,182,0.15,0,0,0,0,0.064,0.069,0.064,0.135,0.128,0.181,0.177,0.196,0.271,0.201,0.21,0.209
020_AAAF,CRGRO048,24,24,2020-09-02T00:00:00Z,107,309,117,17,68,323,15,101,0,182,0.14,0,0,0,0,0.044,0.054,0.053,0.12,0.117,0.174,0.175,0.195,0.25,0.2,0.21,0.209
020_AAAF,CRGRO048,24,24,2020-09-03T00:00:00Z,108,297,105,17,75,323,15,101,0,183,0.12,0,0,0,0,0.031,0.051,0.051,0.111,0.111,0.171,0.171,0.193,0.215,0.195,0.207,0.206
020_AAAF,CRGRO048,24,24,2020-09-04T00:00:00Z,109,290,99,17,77,323,15,101,0,183,0.11,0,0,0,0,0.019,0.048,0.048,0.105,0.105,0.167,0.168,0.191,0.2,0.193,0.207,0.206
020_AAAF,CRGRO048,24,24,2020-09-05T00:00:00Z,110,285,93,17,77,323,15,101,0,183,0.09,0,0,0,0,0.014,0.045,0.046,0.1,0.101,0.163,0.164,0.188,0.193,0.191,0.207,0.206
020_AAAF,CRGRO048,24,24,2020-09-06T00:00:00Z,111,289,97,17,77,323,16,108,0,183,0.08,0,0,0,0,0.096,0.058,0.051,0.098,0.099,0.161,0.161,0.186,0.19,0.189,0.207,0.206
020_AAAF,CRGRO048,24,24,2020-09-07T00:00:00Z,112,285,93,17,77,323,16,108,0,183,0.07,0,0,0,0,0.051,0.048,0.05,0.109,0.097,0.159,0.16,0.185,0.188,0.187,0.207,0.206
020_AAAF,CRGRO048,24,24,2020-09-08T00:00:00Z,113,282,90,17,77,323,16,108,0,183,0.06,0,0,0,0,0.04,0.046,0.047,0.103,0.096,0.157,0.158,0.183,0.186,0.185,0.207,0.206
020_AAAF,CRGRO048,24,24,2020-09-09T00:00:00Z,114,291,99,17,77,333,16,108,0,183,0.2,0,0,0,0,0.139,0.07,0.056,0.112,0.095,0.156,0.157,0.182,0.185,0.184,0.207,0.206
020_AAAF,CRGRO048,24,24,2020-09-10T00:00:00Z,115,299,107,17,77,344,16,108,0,183,0.18,0,0,0,0,0.157,0.09,0.07,0.13,0.114,0.156,0.156,0.182,0.184,0.184,0.207,0.206
020_AAAF,CRGRO048,24,24,2020-09-11T00:00:00Z,116,298,107,17,77,346,16,108,0,183,0.2,0,0,0,0,0.11,0.079,0.068,0.136,0.126,0.169,0.156,0.182,0.184,0.184,0.207,0.206
020_AAAF,CRGRO048,24,24,2020-09-12T00:00:00Z,117,295,103,17,77,346,16,108,0,183,0.2,0,0,0,0,0.07,0.065,0.06,0.132,0.127,0.178,0.163,0.181,0.183,0.183,0.206,0.206
020_AAAF,CRGRO048,24,24,2020-09-13T00:00:00Z,118,294,102,17,77,347,16,108,0,183,0.21,0,0,0,0,0.057,0.057,0.057,0.126,0.124,0.178,0.172,0.181,0.183,0.183,0.206,0.206
020_AAAF,CRGRO048,24,24,2020-09-14T00:00:00Z,119,292,100,17,77,348,16,108,0,183,0.2,0,0,0,0,0.054,0.055,0.054,0.119,0.119,0.176,0.174,0.182,0.182,0.183,0.206,0.206
020_AAAF,CRGRO048,24,24,2020-09-15T00:00:00Z,120,293,101,17,77,350,16,108,0,183,0.22,0,0,0,0,0.072,0.058,0.055,0.119,0.118,0.174,0.175,0.182,0.182,0.183,0.206,0.206
020_AAAF,CRGRO048,24,24,2020-09-16T00:00:00Z,121,302,110,17,77,360,16,108,0,183,0.21,0,0,0,0,0.15,0.078,0.064,0.128,0.123,0.176,0.175,0.183,0.182,0.183,0.206,0.206
020_AAAF,CRGRO048,24,24,2020-09-17T00:00:00Z,122,306,114,17,77,367,16,108,0,183,0.19,0,0,0,0,0.149,0.084,0.068,0.135,0.127,0.18,0.177,0.186,0.182,0.183,0.206,0.206
020_AAAF,CRGRO048,24,24,2020-09-18T00:00:00Z,123,303,111,17,79,367,16,108,0,183,0.17,0,0,0,0,0.087,0.063,0.057,0.124,0.121,0.176,0.174,0.196,0.194,0.194,0.206,0.206
020_AAAF,CRGRO048,24,24,2020-09-19T00:00:00Z,124,299,107,17,81,367,16,108,0,183,0.16,0,0,0,0,0.06,0.055,0.054,0.118,0.118,0.174,0.173,0.195,0.194,0.194,0.206,0.206
020_AAAF,CRGRO048,24,24,2020-09-20T00:00:00Z,125,297,105,17,81,367,16,108,0,183,0.14,0,0,0,0,0.05,0.054,0.053,0.116,0.116,0.173,0.172,0.195,0.193,0.193,0.206,0.206
020_AAAF,CRGRO048,24,24,2020-09-21T00:00:00Z,126,294,102,17,81,367,16,108,0,183,0.12,0,0,0,0,0.041,0.052,0.051,0.111,0.111,0.171,0.17,0.193,0.192,0.192,0.206,0.206
020_AAAF,CRGRO048,24,24,2020-09-22T00:00:00Z,127,290,98,17,81,367,16,108,0,183,0.1,0,0,0,0,0.031,0.05,0.049,0.107,0.107,0.168,0.168,0.192,0.19,0.19,0.206,0.206
020_AAAF,CRGRO048,24,24,2020-09-23T00:00:00Z,128,288,96,17,81,367,16,108,0,183,0.09,0,0,0,0,0.026,0.048,0.048,0.105,0.105,0.166,0.166,0.19,0.189,0.189,0.206,0.206
020_AAAF,CRGRO048,24,24,2020-09-24T00:00:00Z,129,285,93,17,81,367,16,108,0,183,0.08,0,0,0,0,0.019,0.046,0.046,0.102,0.103,0.164,0.164,0.189,0.188,0.188,0.206,0.206
020_AAAF,CRGRO048,24,24,2020-09-25T00:00:00Z,130,291,99,17,81,370,17,114,0,183,0.22,0,0,0,0,0.117,0.064,0.054,0.105,0.1,0.161,0.162,0.187,0.186,0.186,0.206,0.206
020_AAAF,CRGRO048,24,24,2020-09-26T00:00:00Z,131,288,96,17,81,370,17,114,0,183,0.19,0,0,0,0,0.064,0.049,0.051,0.117,0.109,0.16,0.161,0.186,0.185,0.185,0.206,0.206
020_AAAF,CRGRO048,24,24,2020-09-27T00:00:00Z,132,288,96,17,81,370,17,114,0,183,0.24,0,0,0,0,0.06,0.055,0.05,0.114,0.108,0.16,0.16,0.185,0.184,0.185,0.206,0.206
020_AAAF,CRGRO048,24,24,2020-09-28T00:00:00Z,133,288,96,17,81,373,17,114,0,183,0.21,0,0,0,0,0.073,0.058,0.054,0.114,0.106,0.159,0.159,0.185,0.184,0.184,0.206,0.206
020_AAAF,CRGRO048,24,24,2020-09-29T00:00:00Z,134,307,115,17,81,394,17,114,0,183,0.23,0,0,0,0,0.159,0.117,0.078,0.138,0.125,0.168,0.159,0.184,0.183,0.184,0.206,0.206
020_AAAF,CRGRO048,24,24,2020-09-30T00:00:00Z,135,302,110,17,83,394,17,114,0,183,0.19,0,0,0,0,0.083,0.073,0.058,0.121,0.116,0.173,0.174,0.196,0.194,0.194,0.206,0.206
020_AAAF,CRGRO048,24,24,2020-10-01T00:00:00Z,136,297,105,17,85,394,17,114,0,183,0.17,0,0,0,0,0.052,0.055,0.053,0.116,0.115,0.172,0.172,0.195,0.193,0.193,0.206,0.206
020_AAAF,CRGRO048,24,24,2020-10-02T00:00:00Z,137,294,102,17,85,394,17,114,0,183,0.14,0,0,0,0,0.044,0.053,0.051,0.111,0.111,0.17,0.17,0.194,0.192,0.192,0.206,0.206
020_AAAF,CRGRO048,24,24,2020-10-03T00:00:00Z,138,292,100,17,85,394,17,114,0,183,0.12,0,0,0,0,0.038,0.052,0.05,0.109,0.109,0.169,0.169,0.192,0.191,0.191,0.206,0.206
020_AAAF,CRGRO048,24,24,2020-10-04T00:00:00Z,139,289,97,17,85,394,17,114,0,183,0.11,0,0,0,0,0.03,0.05,0.049,0.106,0.106,0.167,0.167,0.191,0.19,0.19,0.206,0.206
020_AAAF,CRGRO048,24,24,2020-10-05T00:00:00Z,140,286,95,17,85,394,17,114,0,183,0.09,0,0,0,0,0.024,0.048,0.047,0.103,0.104,0.165,0.165,0.19,0.188,0.189,0.206,0.206
020_AAAF,CRGRO048,24,24,2020-10-06T00:00:00Z,141,284,93,17,85,394,17,114,0,183,0.08,0,0,0,0,0.019,0.046,0.046,0.102,0.102,0.163,0.164,0.188,0.187,0.188,0.206,0.206
020_AAAF,CRGRO048,24,24,2020-10-07T00:00:00Z,142,287,95,17,85,394,18,120,0,183,0.07,0,0,0,0,0.091,0.057,0.051,0.098,0.098,0.16,0.16,0.186,0.185,0.185,0.206,0.206
020_AAAF,CRGRO048,24,24,2020-10-08T00:00:00Z,143,282,90,17,85,394,18,120,0,183,0.06,0,0,0,0,0.042,0.047,0.049,0.106,0.096,0.158,0.158,0.184,0.183,0.183,0.206,0.206
020_AAAF,CRGRO048,24,24,2020-10-09T00:00:00Z,144,279,87,17,85,394,18,120,0,183,0.05,0,0,0,0,0.034,0.045,0.047,0.102,0.095,0.156,0.157,0.182,0.181,0.182,0.205,0.206
020_AAAF,CRGRO048,24,24,2020-10-10T00:00:00Z,145,286,94,17,85,405,18,120,0,183,0.23,0,0,0,0,0.131,0.068,0.054,0.107,0.093,0.154,0.155,0.18,0.18,0.181,0.205,0.206
020_AAAF,CRGRO048,24,24,2020-10-11T00:00:00Z,146,283,91,17,85,405,18,120,0,183,0.2,0,0,0,0,0.073,0.054,0.056,0.118,0.092,0.153,0.154,0.18,0.179,0.18,0.205,0.206
020_AAAF,CRGRO048,25,25,2020-05-18T00:00:00Z,0,256,64,0,0,0,0,0,0,174,0,0,0,0,0,0.086,0.086,0.086,0.086,0.086,0.118,0.118,0.135,0.129,0.129,0.178,0.258
020_AAAF,CRGRO048,25,25,2020-05-19T00:00:00Z,1,252,61,0,7,0,1,8,0,179,0,0,0,0,0,0.064,0.086,0.079,0.13,0.1,0.118,0.118,0.135,0.129,0.129,0.178,0.228
020_AAAF,CRGRO048,25,25,2020-05-20T00:00:00Z,2,265,73,0,10,17,1,8,0,181,0,0,0,0,0,0.145,0.114,0.088,0.154,0.131,0.135,0.118,0.135,0.129,0.129,0.178,0.214
020_AAAF,CRGRO048,25,25,2020-05-21T00:00:00Z,3,264,72,0,12,21,1,8,0,182,0,0,0,0,0,0.055,0.095,0.084,0.161,0.146,0.173,0.118,0.135,0.129,0.13,0.178,0.209
020_AAAF,CRGRO048,25,25,2020-05-22T00:00:00Z,4,263,71,0,12,23,1,8,0,183,0,0,0,0,0,0.03,0.074,0.074,0.154,0.149,0.19,0.141,0.135,0.129,0.13,0.178,0.206
020_AAAF,CRGRO048,25,25,2020-05-23T00:00:00Z,5,263,71,0,12,23,1,8,0,183,0,0,0,0,0,0.02,0.061,0.065,0.144,0.145,0.194,0.169,0.135,0.129,0.13,0.178,0.206
020_AAAF,CRGRO048,25,25,2020-05-24T00:00:00Z,6,262,70,0,12,23,1,8,0,183,0,0,0,0,0,0.014,0.056,0.058,0.129,0.129,0.182,0.174,0.155,0.129,0.13,0.178,0.206
020_AAAF,CRGRO048,25,25,2020-05-25T00:00:00Z,7,264,72,0,12,25,1,8,0,183,0,0,0,0,0,0.05,0.055,0.055,0.125,0.126,0.181,0.178,0.158,0.129,0.13,0.178,0.206
020_AAAF,CRGRO048,25,25,2020-05-26T00:00:00Z,8,265,73,0,12,28,1,8,0,183,0,0,0,0,0,0.045,0.061,0.057,0.125,0.125,0.18,0.179,0.161,0.129,0.13,0.178,0.206
020_AAAF,CRGRO048,25,25,2020-05-27T00:00:00Z,9,264,72,0,12,28,1,8,0,183,0,0,0,0,0,0.02,0.056,0.056,0.124,0.124,0.179,0.179,0.164,0.129,0.131,0.178,0.206
020_AAAF,CRGRO048,25,25,2020-05-28T00:00:00Z,10,264,72,0,12,28,1,8,0,183,0,0,0,0,0,0.014,0.055,0.056,0.121,0.121,0.176,0.176,0.169,0.129,0.131,0.178,0.206
020_AAAF,CRGRO048,25,25,2020-05-29T00:00:00Z,11,264,72,0,12,28,1,8,0,183,0,0,0,0,0,0.014,0.055,0.056,0.121,0.121,0.176,0.175,0.169,0.13,0.131,0.178,0.205
020_AAAF,CRGRO048,25,25,2020-05-30T00:00:00Z,12,264,72,0,12,28,1,8,0,183,0,0,0,0,0,0.014,0.054,0.056,0.121,0.121,0.176,0.175,0.169,0.13,0.131,0.178,0.205
020_AAAF,CRGRO048,25,25,2020-05-31T00:00:00Z,13,264,72,0,12,28,1,8,0,183,0,0,0,0,0,0.014,0.054,0.056,0.121,0.121,0.176,0.175,0.169,0.13,0.131,0.178,0.205
020_AAAF,CRGRO048,25,25,2020-06-01T00:00:00Z,14,263,72,0,12,28,1,8,0,183,0,0,0,0,0,0.014,0.053,0.055,0.121,0.121,0.176,0.175,0.169,0.13,0.132,0.178,0.205
020_AAAF,CRGRO048,25,25,2020-06-02T00:00:00Z,15,263,71,0,12,28,1,8,0,183,0,0,0,0,0,0.014,0.052,0.055,0.121,0.121,0.176,0.175,0.169,0.13,0.132,0.178,0.205
020_AAAF,CRGRO048,25,25,2020-06-03T00:00:00Z,16,263,71,0,12,28,1,8,0,183,0,0,0,0,0,0.014,0.051,0.055,0.121,0.121,0.176,0.175,0.169,0.13,0.132,0.178,0.205
020_AAAF,CRGRO048,25,25,2020-06-04T00:00:00Z,17,263,71,0,12,28,1,8,0,183,0,0,0,0,0,0.014,0.05,0.054,0.121,0.121,0.176,0.174,0.169,0.13,0.132,0.178,0.205
020_AAAF,CRGRO048,25,25,2020-06-05T00:00:00Z,18,263,71,0,12,28,1,8,0,183,0,0,0,0,0,0.014,0.049,0.054,0.121,0.121,0.176,0.174,0.169,0.131,0.132,0.178,0.205
020_AAAF,CRGRO048,25,25,2020-06-06T00:00:00Z,19,263,71,0,12,29,1,8,0,183,0,0,0,0,0,0.024,0.048,0.053,0.12,0.121,0.176,0.174,0.169,0.131,0.132,0.178,0.205
020_AAAF,CRGRO048,25,25,2020-06-07T00:00:00Z,20,273,81,0,12,39,1,8,0,183,0,0,0,0,0,0.125,0.07,0.06,0.126,0.124,0.177,0.176,0.171,0.131,0.133,0.178,0.204
020_AAAF,CRGRO048,25,25,2020-06-08T00:00:00Z,21,271,79,0,12,42,1,8,0,183,0,0,0,0,0,0.024,0.072,0.064,0.131,0.128,0.18,0.178,0.173,0.131,0.133,0.178,0.204
020_AAAF,CRGRO048,25,25,2020-06-09T00:00:00Z,22,279,87,0,12,50,1,8,0,183,0,0,0,0,0,0.107,0.074,0.066,0.136,0.132,0.183,0.181,0.178,0.131,0.133,0.178,0.204
020_AAAF,CRGRO048,25,25,2020-06-10T00:00:00Z,23,276,84,0,12,51,1,8,0,183,0,0,0,0,0,0.013,0.068,0.064,0.136,0.133,0.186,0.183,0.184,0.131,0.133,0.178,0.204
020_AAAF,CRGRO048,25,25,2020-06-11T00:00:00Z,24,278,86,0,12,53,1,8,0,183,0,0,0,0,0,0.057,0.058,0.059,0.132,0.132,0.186,0.184,0.191,0.132,0.133,0.178,0.204
020_AAAF,CRGRO048,25,25,2020-06-12T00:00:00Z,25,276,84,0,12,53,1,8,0,183,0,0,0,0,0,0.015,0.056,0.057,0.127,0.128,0.184,0.183,0.198,0.132,0.133,0.178,0.204
020_AAAF,CRGRO048,25,25,2020-06-13T00:00:00Z,26,275,83,0,12,53,1,8,0,183,0,0,0,0,0,0.014,0.054,0.054,0.121,0.122,0.178,0.178,0.198,0.152,0.134,0.178,0.204
020_AAAF,CRGRO048,25,25,2020-06-14T00:00:00Z,27,275,83,0,12,53,1,8,0,183,0,0,0,0,0,0.014,0.053,0.053,0.119,0.121,0.176,0.176,0.197,0.156,0.134,0.178,0.204
020_AAAF,CRGRO048,25,25,2020-06-15T00:00:00Z,28,274,82,0,12,53,1,8,0,183,0,0,0,0,0,0.014,0.052,0.052,0.118,0.12,0.175,0.176,0.197,0.156,0.134,0.178,0.204
020_AAAF,CRGRO048,25,25,2020-06-16T00:00:00Z,29,274,82,0,12,53,1,8,0,183,0,0,0,0,0,0.014,0.051,0.052,0.117,0.119,0.175,0.176,0.197,0.156,0.134,0.178,0.203
020_AAAF,CRGRO048,25,25,2020-06-17T00:00:00Z,30,273,81,0,12,53,1,8,0,183,0,0,0,0,0,0.014,0.049,0.051,0.115,0.117,0.175,0.176,0.197,0.156,0.135,0.178,0.203
020_AAAF,CRGRO048,25,25,2020-06-18T00:00:00Z,31,273,81,0,12,53,1,8,0,183,0,0,0,0,0,0.014,0.048,0.05,0.114,0.116,0.175,0.175,0.197,0.156,0.135,0.178,0.203
020_AAAF,CRGRO048,25,25,2020-06-19T00:00:00Z,32,273,81,0,12,54,1,8,0,183,0,0,0,0,0,0.03,0.047,0.049,0.112,0.114,0.174,0.175,0.197,0.156,0.135,0.178,0.203
020_AAAF,CRGRO048,25,25,2020-06-20T00:00:00Z,33,271,79,0,12,55,1,8,0,183,0,0,0,0,0,0.02,0.046,0.049,0.11,0.112,0.173,0.175,0.197,0.156,0.135,0.178,0.203
020_AAAF,CRGRO048,25,25,2020-06-21T00:00:00Z,34,270,78,0,12,55,1,8,0,183,0,0,0,0,0,0.014,0.045,0.048,0.108,0.11,0.172,0.175,0.197,0.157,0.136,0.178,0.203
020_AAAF,CRGRO048,25,25,2020-06-22T00:00:00Z,35,269,78,0,12,55,1,8,0,183,0,0,0,0,0,0.014,0.044,0.047,0.107,0.109,0.171,0.174,0.196,0.157,0.136,0.178,0.203
020_AAAF,CRGRO048,25,25,2020-06-23T00:00:00Z,36,269,77,0,12,55,1,8,0,183,0,0,0,0,0,0.014,0.043,0.046,0.105,0.107,0.17,0.173,0.196,0.157,0.136,0.178,0.203
020_AAAF,CRGRO048,25,25,2020-06-24T00:00:00Z,37,268,76,0,12,55,1,8,0,183,0,0,0,0,0,0.014,0.042,0.045,0.104,0.106,0.169,0.172,0.196,0.157,0.136,0.178,0.203
020_AAAF,CRGRO048,25,25,2020-06-25T00:00:00Z,38,267,75,0,12,55,1,8,0,183,0,0,0,0,0,0.014,0.041,0.044,0.103,0.104,0.168,0.171,0.196,0.157,0.137,0.178,0.203
020_AAAF,CRGRO048,25,25,2020-06-26T00:00:00Z,39,266,74,0,12,55,1,8,0,183,0,0,0,0,0,0.014,0.04,0.043,0.101,0.103,0.166,0.17,0.196,0.157,0.137,0.178,0.202
020_AAAF,CRGRO048,25,25,2020-06-27T00:00:00Z,40,266,74,0,12,55,1,8,0,183,0,0,0,0,0,0.024,0.039,0.043,0.1,0.102,0.165,0.169,0.195,0.157,0.137,0.178,0.202
020_AAAF,CRGRO048,25,25,2020-06-28T00:00:00Z,41,265,73,0,12,55,1,8,0,183,0,0,0,0,0,0.014,0.039,0.042,0.099,0.101,0.164,0.168,0.195,0.157,0.137,0.178,0.202
020_AAAF,CRGRO048,25,25,2020-06-29T00:00:00Z,42,264,72,0,12,55,1,8,0,183,0,0,0,0,0,0.014,0.038,0.041,0.098,0.099,0.163,0.167,0.194,0.158,0.138,0.178,0.202
020_AAAF,CRGRO048,25,25,2020-06-30T00:00:00Z,43,277,85,0,12,69,1,8,0,183,0,0,0,0,0,0.161,0.072,0.055,0.103,0.098,0.162,0.165,0.194,0.158,0.138,0.178,0.202
020_AAAF,CRGRO048,25,25,2020-07-01T00:00:00Z,44,271,79,0,12,69,1,8,0,183,0,0,0,0,0,0.013,0.053,0.053,0.118,0.119,0.165,0.165,0.193,0.158,0.138,0.178,0.202
020_AAAF,CRGRO048,25,25,2020-07-02T00:00:00Z,45,269,78,0,12,69,1,8,0,183,0,0,0,0,0,0.014,0.051,0.052,0.113,0.113,0.165,0.164,0.193,0.158,0.138,0.178,0.202
020_AAAF,CRGRO048,25,25,2020-07-03T00:00:00Z,46,267,76,0,12,69,1,8,0,183,0,0,0,0,0,0.014,0.048,0.05,0.108,0.109,0.163,0.163,0.192,0.158,0.139,0.178,0.202
020_AAAF,CRGRO048,25,25,2020-07-04T00:00:00Z,47,266,74,0,12,69,1,8,0,183,0.01,0,0,0,0,0.014,0.046,0.047,0.104,0.105,0.162,0.162,0.191,0.158,0.139,0.178,0.202
020_AAAF,CRGRO048,25,25,2020-07-05T00:00:00Z,48,269,77,0,12,74,1,8,0,183,0.01,0,0,0,0,0.079,0.054,0.049,0.102,0.102,0.161,0.161,0.19,0.158,0.139,0.178,0.202
020_AAAF,CRGRO048,25,25,2020-07-06T00:00:00Z,49,310,118,11,12,128,1,8,0,183,0.01,0,0,10.63,0,0.127,0.15,0.13,0.181,0.146,0.183,0.174,0.19,0.158,0.139,0.178,0.201
020_AAAF,CRGRO048,25,25,2020-07-07T00:00:00Z,50,316,124,11,12,137,1,8,0,183,0.01,0,0,0,0,0.129,0.116,0.108,0.193,0.17,0.206,0.192,0.198,0.166,0.14,0.178,0.201
020_AAAF,CRGRO048,25,25,2020-07-08T00:00:00Z,51,312,120,11,12,137,1,8,0,183,0.01,0,0,0,0,0.039,0.076,0.072,0.146,0.137,0.186,0.18,0.198,0.267,0.185,0.178,0.201
020_AAAF,CRGRO048,25,25,2020-07-09T00:00:00Z,52,311,119,11,12,139,1,8,0,183,0.01,0,0,0,0,0.042,0.061,0.062,0.138,0.135,0.188,0.184,0.199,0.23,0.208,0.192,0.201
020_AAAF,CRGRO048,25,25,2020-07-10T00:00:00Z,53,303,111,11,16,139,1,8,0,183,0.01,0,0,0,0,0.014,0.052,0.053,0.12,0.119,0.177,0.175,0.196,0.22,0.208,0.205,0.205
020_AAAF,CRGRO048,25,25,2020-07-11T00:00:00Z,54,295,103,11,19,139,1,8,0,183,0.01,0,0,0,0,0.014,0.049,0.05,0.109,0.11,0.173,0.172,0.195,0.204,0.2,0.205,0.205
020_AAAF,CRGRO048,25,25,2020-07-12T00:00:00Z,55,289,98,11,21,139,1,8,0,183,0.01,0,0,0,0,0.014,0.046,0.047,0.103,0.104,0.168,0.168,0.193,0.197,0.196,0.205,0.205
020_AAAF,CRGRO048,25,25,2020-07-13T00:00:00Z,56,286,94,11,21,139,1,8,0,183,0.01,0,0,0,0,0.014,0.043,0.045,0.1,0.1,0.164,0.165,0.191,0.195,0.195,0.205,0.205
020_AAAF,CRGRO048,25,25,2020-07-14T00:00:00Z,57,283,91,11,21,139,1,8,0,183,0.01,0,0,0,0,0.014,0.041,0.043,0.097,0.097,0.161,0.162,0.189,0.193,0.194,0.205,0.205
020_AAAF,CRGRO048,25,25,2020-07-15T00:00:00Z,58,280,88,11,21,139,1,8,0,183,0.01,0,0,0,0,0.014,0.039,0.041,0.095,0.095,0.158,0.159,0.186,0.19,0.192,0.205,0.205
020_AAAF,CRGRO048,25,25,2020-07-16T00:00:00Z,59,278,86,11,21,139,1,8,0,183,0.01,0,0,0,0,0.014,0.038,0.039,0.093,0.093,0.156,0.157,0.184,0.188,0.19,0.205,0.205
020_AAAF,CRGRO048,25,25,2020-07-17T00:00:00Z,60,275,83,11,21,139,1,8,0,183,0.01,0,0,0,0,0.014,0.036,0.038,0.091,0.091,0.154,0.155,0.183,0.186,0.188,0.205,0.205
020_AAAF,CRGRO048,25,25,2020-07-18T00:00:00Z,61,273,81,11,21,139,1,8,0,183,0.01,0,0,0,0,0.014,0.035,0.036,0.089,0.09,0.152,0.153,0.181,0.184,0.186,0.205,0.205
020_AAAF,CRGRO048,25,25,2020-07-19T00:00:00Z,62,271,79,11,21,139,1,8,0,183,0.01,0,0,0,0,0.014,0.034,0.035,0.088,0.088,0.15,0.152,0.179,0.182,0.184,0.205,0.205
020_AAAF,CRGRO048,25,25,2020-07-20T00:00:00Z,63,269,77,11,21,139,1,8,0,183,0.02,0,0,0,0,0.014,0.033,0.034,0.086,0.087,0.149,0.15,0.178,0.18,0.182,0.205,0.205
020_AAAF,CRGRO048,25,25,2020-07-21T00:00:00Z,64,267,75,11,21,139,1,8,0,183,0.02,0,0,0,0,0.014,0.032,0.033,0.085,0.086,0.148,0.149,0.176,0.178,0.181,0.205,0.205
020_AAAF,CRGRO048,25,25,2020-07-22T00:00:00Z,65,268,76,11,21,142,1,8,0,183,0.03,0,0,0,0,0.06,0.035,0.032,0.084,0.085,0.146,0.148,0.175,0.177,0.179,0.205,0.205
020_AAAF,CRGRO048,25,25,2020-07-23T00:00:00Z,66,267,76,11,21,144,1,8,0,183,0.03,0,0,0,0,0.042,0.05,0.031,0.083,0.084,0.145,0.147,0.174,0.175,0.178,0.205,0.205
020_AAAF,CRGRO048,25,25,2020-07-24T00:00:00Z,67,264,72,11,21,145,1,8,0,183,0.04,0,0,0,0,0.019,0.043,0.031,0.082,0.083,0.144,0.145,0.172,0.174,0.177,0.205,0.205
020_AAAF,CRGRO048,25,25,2020-07-25T00:00:00Z,68,262,70,11,21,145,1,8,0,183,0.04,0,0,0,0,0.014,0.039,0.03,0.081,0.082,0.143,0.144,0.171,0.173,0.175,0.204,0.205
020_AAAF,CRGRO048,25,25,2020-07-26T00:00:00Z,69,275,84,11,21,145,2,22,0,183,0.04,0,0,0,0,0.167,0.072,0.051,0.08,0.081,0.142,0.143,0.17,0.172,0.174,0.204,0.205
020_AAAF,CRGRO048,25,25,2020-07-27T00:00:00Z,70,270,78,11,21,145,2,22,0,183,0.04,0,0,0,0,0.047,0.039,0.049,0.119,0.085,0.142,0.143,0.17,0.171,0.174,0.204,0.205
020_AAAF,CRGRO048,25,25,2020-07-28T00:00:00Z,71,265,73,11,21,145,2,22,0,183,0.04,0,0,0,0,0.013,0.039,0.046,0.099,0.084,0.141,0.143,0.169,0.171,0.173,0.204,0.205
020_AAAF,CRGRO048,25,25,2020-07-29T00:00:00Z,72,269,77,11,21,151,2,22,0,183,0.07,0,0,0,0,0.091,0.054,0.045,0.094,0.084,0.14,0.142,0.169,0.17,0.173,0.204,0.205
020_AAAF,CRGRO048,25,25,2020-07-30T00:00:00Z,73,267,75,11,21,152,2,22,0,183,0.07,0,0,0,0,0.049,0.053,0.05,0.092,0.083,0.14,0.142,0.168,0.169,0.172,0.204,0.205
020_AAAF,CRGRO048,25,25,2020-07-31T00:00:00Z,74,263,71,11,21,152,2,22,0,183,0.07,0,0,0,0,0.02,0.044,0.044,0.09,0.083,0.139,0.141,0.167,0.169,0.171,0.204,0.205
020_AAAF,CRGRO048,25,25,2020-08-01T00:00:00Z,75,261,69,11,21,152,2,22,0,183,0.07,0,0,0,0,0.014,0.04,0.04,0.088,0.082,0.139,0.14,0.167,0.168,0.171,0.204,0.205
020_AAAF,CRGRO048,25,25,2020-08-02T00:00:00Z,76,259,67,11,21,152,2,22,0,183,0.07,0,0,0,0,0.014,0.037,0.037,0.086,0.081,0.138,0.139,0.166,0.167,0.17,0.204,0.205
020_AAAF,CRGRO048,25,25,2020-08-03T00:00:00Z,77,257,66,11,21,152,2,22,0,183,0.06,0,0,0,0,0.014,0.035,0.035,0.085,0.08,0.137,0.139,0.165,0.166,0.169,0.204,0.205
020_AAAF,CRGRO048,25,25,2020-08-04T00:00:00Z,78,257,65,11,21,152,2,22,0,183,0.09,0,0,0,0,0.023,0.033,0.034,0.083,0.079,0.137,0.138,0.164,0.165,0.168,0.203,0.205
020_AAAF,CRGRO048,25,25,2020-08-05T00:00:00Z,79,255,63,11,21,152,2,22,0,183,0.08,0,0,0,0,0.014,0.032,0.033,0.082,0.079,0.136,0.138,0.164,0.165,0.168,0.203,0.205
020_AAAF,CRGRO048,25,25,2020-08-06T00:00:00Z,80,273,81,11,21,156,3,37,0,183,0.09,0,0,0,0,0.167,0.087,0.058,0.094,0.078,0.135,0.137,0.163,0.164,0.167,0.203,0.205
020_AAAF,CRGRO048,25,25,2020-08-07T00:00:00Z,81,269,77,11,21,156,3,37,0,183,0.1,0,0,0,0,0.076,0.065,0.06,0.119,0.08,0.135,0.137,0.163,0.164,0.167,0.203,0.205
020_AAAF,CRGRO048,25,25,2020-08-08T00:00:00Z,82,265,73,11,21,156,3,37,0,183,0.09,0,0,0,0,0.036,0.05,0.052,0.111,0.098,0.135,0.137,0.163,0.164,0.167,0.203,0.205
020_AAAF,CRGRO048,25,25,2020-08-09T00:00:00Z,83,267,75,11,21,162,3,37,0,183,0.11,0,0,0,0,0.071,0.057,0.051,0.108,0.096,0.135,0.136,0.163,0.163,0.167,0.203,0.205
020_AAAF,CRGRO048,25,25,2020-08-10T00:00:00Z,84,274,83,11,21,172,3,37,0,183,0.12,0,0,0,0,0.136,0.074,0.06,0.119,0.1,0.135,0.136,0.162,0.163,0.167,0.203,0.205
020_AAAF,CRGRO048,25,25,2020-08-11T00:00:00Z,85,270,78,11,21,172,3,37,0,183,0.11,0,0,0,0,0.055,0.051,0.051,0.11,0.118,0.154,0.136,0.162,0.163,0.167,0.203,0.205
020_AAAF,CRGRO048,25,25,2020-08-12T00:00:00Z,86,276,85,11,21,182,3,37,0,183,0.14,0,0,0,0,0.123,0.071,0.058,0.118,0.111,0.154,0.136,0.162,0.163,0.167,0.202,0.205
020_AAAF,CRGRO048,25,25,2020-08-13T00:00:00Z,87,272,80,11,21,182,3,37,0,183,0.14,0,0,0,0,0.059,0.058,0.057,0.118,0.117,0.153,0.136,0.162,0.163,0.167,0.202,0.205
020_AAAF,CRGRO048,25,25,2020-08-14T00:00:00Z,88,276,84,11,21,190,3,37,0,183,0.14,0,0,0,0,0.103,0.068,0.059,0.119,0.115,0.157,0.136,0.162,0.163,0.167,0.202,0.205
020_AAAF,CRGRO048,25,25,2020-08-15T00:00:00Z,89,271,80,11,21,190,3,37,0,183,0.13,0,0,0,0,0.046,0.049,0.051,0.111,0.113,0.173,0.14,0.162,0.163,0.167,0.202,0.205
020_AAAF,CRGRO048,25,25,2020-08-16T00:00:00Z,90,267,75,11,21,190,3,37,0,183,0.12,0,0,0,0,0.022,0.047,0.048,0.104,0.104,0.167,0.14,0.162,0.162,0.167,0.202,0.205
020_AAAF,CRGRO048,25,25,2020-08-17T00:00:00Z,91,262,70,11,21,190,3,37,0,183,0.11,0,0,0,0,0.014,0.042,0.043,0.096,0.096,0.159,0.14,0.161,0.162,0.166,0.202,0.205
020_AAAF,CRGRO048,25,25,2020-08-18T00:00:00Z,92,297,105,13,21,229,3,37,0,183,0.15,0,0,2.08,0,0.167,0.149,0.095,0.147,0.123,0.166,0.139,0.161,0.161,0.166,0.202,0.205
020_AAAF,CRGRO048,25,25,2020-08-19T00:00:00Z,93,292,101,13,21,229,3,37,0,183,0.13,0,0,0,0,0.074,0.084,0.063,0.123,0.114,0.173,0.174,0.194,0.161,0.166,0.202,0.205
020_AAAF,CRGRO048,25,25,2020-08-20T00:00:00Z,94,290,98,13,21,231,3,37,0,183,0.15,0,0,0,0,0.056,0.065,0.06,0.125,0.121,0.174,0.175,0.193,0.161,0.166,0.202,0.205
020_AAAF,CRGRO048,25,25,2020-08-21T00:00:00Z,95,288,96,13,21,231,3,37,0,183,0.15,0,0,0,0,0.046,0.056,0.056,0.123,0.12,0.175,0.174,0.194,0.162,0.166,0.201,0.205
020_AAAF,CRGRO048,25,25,2020-08-22T00:00:00Z,96,287,95,13,21,232,3,37,0,183,0.15,0,0,0,0,0.051,0.054,0.054,0.12,0.119,0.175,0.176,0.193,0.162,0.166,0.201,0.205
020_AAAF,CRGRO048,25,25,2020-08-23T00:00:00Z,97,286,94,13,21,233,3,37,0,183,0.15,0,0,0,0,0.051,0.054,0.053,0.117,0.118,0.174,0.175,0.192,0.162,0.166,0.201,0.205
020_AAAF,CRGRO048,25,25,2020-08-24T00:00:00Z,98,313,121,13,21,261,3,37,0,183,0.16,0,0,0.26,0,0.161,0.143,0.089,0.149,0.134,0.182,0.178,0.196,0.162,0.166,0.201,0.205
020_AAAF,CRGRO048,25,25,2020-08-25T00:00:00Z,99,328,137,13,21,281,3,37,0,183,0.16,0,0,0.07,0,0.147,0.147,0.11,0.182,0.157,0.199,0.188,0.199,0.175,0.166,0.201,0.205
020_AAAF,CRGRO048,25,25,2020-08-26T00:00:00Z,100,325,133,13,21,281,3,37,0,183,0.16,0,0,0,0,0.081,0.097,0.091,0.178,0.165,0.209,0.198,0.203,0.196,0.169,0.201,0.205
020_AAAF,CRGRO048,25,25,2020-08-27T00:00:00Z,101,318,126,13,23,281,3,37,0,183,0.15,0,0,0,0,0.042,0.065,0.063,0.138,0.132,0.186,0.181,0.198,0.275,0.194,0.205,0.205
020_AAAF,CRGRO048,25,25,2020-08-28T00:00:00Z,102,307,115,13,30,281,3,37,0,183,0.13,0,0,0,0,0.024,0.053,0.053,0.121,0.119,0.176,0.174,0.196,0.259,0.193,0.205,0.205
020_AAAF,CRGRO048,25,25,2020-08-29T00:00:00Z,103,298,106,13,36,281,3,37,0,183,0.12,0,0,0,0,0.014,0.051,0.052,0.115,0.114,0.174,0.172,0.195,0.219,0.193,0.205,0.205
020_AAAF,CRGRO048,25,25,2020-08-30T00:00:00Z,104,331,139,15,36,320,3,37,0,183,0.17,0,0,1.87,0,0.167,0.15,0.102,0.158,0.137,0.183,0.178,0.196,0.204,0.199,0.207,0.206
020_AAAF,CRGRO048,25,25,2020-08-31T00:00:00Z,105,330,139,15,37,323,3,37,0,183,0.16,0,0,0,0,0.119,0.107,0.092,0.17,0.153,0.196,0.187,0.199,0.202,0.2,0.209,0.208
020_AAAF,CRGRO048,25,25,2020-09-01T00:00:00Z,106,319,127,15,45,323,3,37,0,183,0.15,0,0,0,0,0.06,0.07,0.064,0.135,0.128,0.181,0.177,0.196,0.268,0.2,0.209,0.208
020_AAAF,CRGRO048,25,25,2020-09-02T00:00:00Z,107,307,116,15,52,323,3,37,0,183,0.13,0,0,0,0,0.038,0.054,0.053,0.12,0.118,0.174,0.173,0.195,0.249,0.199,0.209,0.208
020_AAAF,CRGRO048,25,25,2020-09-03T00:00:00Z,108,297,105,15,58,323,3,37,0,183,0.12,0,0,0,0,0.02,0.052,0.051,0.112,0.111,0.171,0.17,0.193,0.215,0.195,0.206,0.208
020_AAAF,CRGRO048,25,25,2020-09-04T00:00:00Z,109,290,98,15,60,323,3,37,0,183,0.1,0,0,0,0,0.014,0.048,0.049,0.105,0.105,0.167,0.167,0.191,0.2,0.192,0.206,0.208
020_AAAF,CRGRO048,25,25,2020-09-05T00:00:00Z,110,286,94,15,60,323,3,37,0,183,0.09,0,0,0,0,0.014,0.045,0.046,0.101,0.101,0.163,0.163,0.188,0.193,0.191,0.206,0.208
020_AAAF,CRGRO048,25,25,2020-09-06T00:00:00Z,111,283,91,15,60,323,3,37,0,183,0.08,0,0,0,0,0.014,0.043,0.044,0.098,0.098,0.161,0.161,0.186,0.19,0.189,0.206,0.208
020_AAAF,CRGRO048,25,25,2020-09-07T00:00:00Z,112,279,87,15,60,323,3,37,0,183,0.07,0,0,0,0,0.014,0.041,0.042,0.095,0.096,0.158,0.158,0.184,0.186,0.186,0.206,0.208
020_AAAF,CRGRO048,25,25,2020-09-08T00:00:00Z,113,276,84,15,60,323,3,37,0,183,0.06,0,0,0,0,0.014,0.039,0.04,0.093,0.093,0.155,0.156,0.181,0.183,0.183,0.206,0.208
020_AAAF,CRGRO048,25,25,2020-09-09T00:00:00Z,114,285,93,15,60,333,3,37,0,183,0.19,0,0,0,0,0.132,0.065,0.052,0.092,0.092,0.154,0.154,0.18,0.181,0.182,0.206,0.208
020_AAAF,CRGRO048,25,25,2020-09-10T00:00:00Z,115,293,101,15,60,344,3,37,0,183,0.17,0,0,0,0,0.155,0.085,0.067,0.122,0.096,0.153,0.154,0.18,0.181,0.181,0.206,0.208
020_AAAF,CRGRO048,25,25,2020-09-11T00:00:00Z,116,293,101,15,60,346,3,37,0,183,0.19,0,0,0,0,0.107,0.076,0.065,0.13,0.118,0.153,0.154,0.179,0.18,0.181,0.206,0.208
020_AAAF,CRGRO048,25,25,2020-09-12T00:00:00Z,117,290,98,15,60,346,3,37,0,183,0.19,0,0,0,0,0.066,0.063,0.059,0.128,0.121,0.163,0.153,0.179,0.18,0.181,0.206,0.208
020_AAAF,CRGRO048,25,25,2020-09-13T00:00:00Z,118,288,96,15,60,347,3,37,0,183,0.19,0,0,0,0,0.054,0.056,0.056,0.123,0.12,0.17,0.153,0.179,0.18,0.181,0.206,0.208
020_AAAF,CRGRO048,25,25,2020-09-14T00:00:00Z,119,286,94,15,60,348,3,37,0,183,0.2,0,0,0,0,0.05,0.054,0.053,0.116,0.115,0.172,0.153,0.179,0.179,0.18,0.206,0.208
020_AAAF,CRGRO048,25,25,2020-09-15T00:00:00Z,120,287,95,15,60,350,3,37,0,183,0.2,0,0,0,0,0.069,0.057,0.054,0.119,0.112,0.17,0.153,0.178,0.179,0.18,0.206,0.208
020_AAAF,CRGRO048,25,25,2020-09-16T00:00:00Z,121,296,104,15,60,360,3,37,0,183,0.21,0,0,0,0,0.149,0.077,0.063,0.127,0.121,0.173,0.153,0.178,0.179,0.18,0.206,0.208
020_AAAF,CRGRO048,25,25,2020-09-17T00:00:00Z,122,300,108,15,60,367,3,37,0,183,0.18,0,0,0,0,0.146,0.083,0.068,0.134,0.126,0.178,0.161,0.178,0.179,0.18,0.206,0.208
020_AAAF,CRGRO048,25,25,2020-09-18T00:00:00Z,123,299,107,15,60,367,3,37,0,183,0.17,0,0,0,0,0.085,0.063,0.057,0.123,0.12,0.175,0.174,0.196,0.184,0.18,0.206,0.208
020_AAAF,CRGRO048,25,25,2020-09-19T00:00:00Z,124,297,105,15,60,367,3,37,0,183,0.14,0,0,0,0,0.058,0.055,0.054,0.118,0.117,0.173,0.173,0.195,0.194,0.184,0.206,0.208
020_AAAF,CRGRO048,25,25,2020-09-20T00:00:00Z,125,295,103,15,60,367,3,37,0,183,0.13,0,0,0,0,0.048,0.054,0.053,0.116,0.114,0.172,0.172,0.195,0.193,0.184,0.205,0.208
020_AAAF,CRGRO048,25,25,2020-09-21T00:00:00Z,126,292,100,15,60,367,3,37,0,183,0.11,0,0,0,0,0.036,0.052,0.051,0.111,0.11,0.17,0.17,0.193,0.192,0.184,0.205,0.208
020_AAAF,CRGRO048,25,25,2020-09-22T00:00:00Z,127,288,96,15,60,367,3,37,0,183,0.09,0,0,0,0,0.023,0.05,0.049,0.107,0.106,0.167,0.167,0.191,0.19,0.183,0.205,0.208
020_AAAF,CRGRO048,25,25,2020-09-23T00:00:00Z,128,286,94,15,60,367,3,37,0,183,0.08,0,0,0,0,0.016,0.048,0.048,0.105,0.104,0.166,0.166,0.19,0.189,0.183,0.205,0.208
020_AAAF,CRGRO048,25,25,2020-09-24T00:00:00Z,129,283,91,15,60,367,3,37,0,183,0.07,0,0,0,0,0.014,0.046,0.046,0.102,0.102,0.163,0.164,0.188,0.187,0.182,0.205,0.208
020_AAAF,CRGRO048,25,25,2020-09-25T00:00:00Z,130,283,91,15,60,370,3,37,0,183,0.21,0,0,0,0,0.061,0.048,0.044,0.099,0.099,0.161,0.161,0.186,0.185,0.181,0.205,0.208
020_AAAF,CRGRO048,25,25,2020-09-26T00:00:00Z,131,280,88,15,60,370,3,37,0,183,0.18,0,0,0,0,0.041,0.048,0.042,0.096,0.096,0.158,0.159,0.184,0.183,0.18,0.205,0.208
020_AAAF,CRGRO048,25,25,2020-09-27T00:00:00Z,132,280,88,15,60,370,3,37,0,183,0.23,0,0,0,0,0.052,0.047,0.042,0.096,0.096,0.158,0.158,0.184,0.182,0.179,0.205,0.208
020_AAAF,CRGRO048,25,25,2020-09-28T00:00:00Z,133,280,88,15,60,373,3,37,0,183,0.2,0,0,0,0,0.069,0.054,0.044,0.094,0.094,0.156,0.157,0.182,0.181,0.179,0.205,0.208
020_AAAF,CRGRO048,25,25,2020-09-29T00:00:00Z,134,299,107,15,60,394,3,37,0,183,0.23,0,0,0,0,0.158,0.114,0.074,0.128,0.107,0.155,0.156,0.181,0.18,0.178,0.205,0.208
020_AAAF,CRGRO048,25,25,2020-09-30T00:00:00Z,135,296,104,15,60,394,3,37,0,183,0.19,0,0,0,0,0.08,0.071,0.055,0.116,0.117,0.174,0.174,0.193,0.18,0.178,0.205,0.208
020_AAAF,CRGRO048,25,25,2020-10-01T00:00:00Z,136,292,100,15,60,394,3,37,0,183,0.17,0,0,0,0,0.048,0.054,0.053,0.115,0.114,0.172,0.172,0.195,0.183,0.178,0.205,0.208
020_AAAF,CRGRO048,25,25,2020-10-02T00:00:00Z,137,289,97,15,60,394,3,37,0,183,0.14,0,0,0,0,0.037,0.052,0.052,0.11,0.11,0.17,0.17,0.193,0.182,0.178,0.205,0.208
020_AAAF,CRGRO048,25,25,2020-10-03T00:00:00Z,138,287,95,15,60,394,3,37,0,183,0.12,0,0,0,0,0.03,0.05,0.05,0.108,0.108,0.168,0.168,0.192,0.182,0.178,0.204,0.208
020_AAAF,CRGRO048,25,25,2020-10-04T00:00:00Z,139,284,93,15,60,394,3,37,0,183,0.11,0,0,0,0,0.02,0.048,0.048,0.105,0.105,0.166,0.166,0.191,0.181,0.177,0.204,0.208
020_AAAF,CRGRO048,25,25,2020-10-05T00:00:00Z,140,282,90,15,60,394,3,37,0,183,0.09,0,0,0,0,0.014,0.046,0.047,0.102,0.102,0.164,0.164,0.189,0.18,0.177,0.204,0.208
020_AAAF,CRGRO048,25,25,2020-10-06T00:00:00Z,141,280,88,15,60,394,3,37,0,183,0.08,0,0,0,0,0.014,0.044,0.045,0.1,0.1,0.162,0.162,0.187,0.18,0.177,0.204,0.208
020_AAAF,CRGRO048,25,25,2020-10-07T00:00:00Z,142,276,84,15,60,394,3,37,0,183,0.07,0,0,0,0,0.014,0.041,0.042,0.096,0.096,0.158,0.159,0.184,0.178,0.176,0.204,0.208
020_AAAF,CRGRO048,25,25,2020-10-08T00:00:00Z,143,272,80,15,60,394,3,37,0,183,0.06,0,0,0,0,0.014,0.039,0.04,0.092,0.093,0.155,0.155,0.181,0.176,0.174,0.204,0.208
020_AAAF,CRGRO048,25,25,2020-10-09T00:00:00Z,144,270,78,15,60,394,3,37,0,183,0.05,0,0,0,0,0.014,0.037,0.038,0.09,0.09,0.152,0.153,0.178,0.174,0.173,0.204,0.208
020_AAAF,CRGRO048,25,25,2020-10-10T00:00:00Z,145,278,86,15,60,405,3,37,0,183,0.23,0,0,0,0,0.132,0.063,0.048,0.088,0.088,0.15,0.151,0.176,0.173,0.172,0.204,0.208
020_AAAF,CRGRO048,25,25,2020-10-11T00:00:00Z,146,274,82,15,60,405,3,37,0,183,0.21,0,0,0,0,0.07,0.05,0.053,0.095,0.088,0.149,0.15,0.175,0.172,0.171,0.204,0.208
020_AAAF,CRGRO048,26,26,2020-05-18T00:00:00Z,0,256,64,0,0,0,0,0,0,174,0,0,0,0,0,0.086,0.086,0.086,0.086,0.086,0.118,0.118,0.135,0.129,0.129,0.178,0.258
020_AAAF,CRGRO048,26,26,2020-05-19T00:00:00Z,1,252,61,0,7,0,1,8,0,179,0,0,0,0,0,0.064,0.086,0.079,0.13,0.1,0.118,0.118,0.135,0.129,0.129,0.178,0.228
020_AAAF,CRGRO048,26,26,2020-05-20T00:00:00Z,2,265,73,0,10,17,1,8,0,181,0,0,0,0,0,0.145,0.114,0.088,0.154,0.131,0.135,0.118,0.135,0.129,0.129,0.178,0.214
020_AAAF,CRGRO048,26,26,2020-05-21T00:00:00Z,3,264,72,0,12,21,1,8,0,182,0,0,0,0,0,0.055,0.095,0.084,0.161,0.146,0.173,0.118,0.135,0.129,0.13,0.178,0.209
020_AAAF,CRGRO048,26,26,2020-05-22T00:00:00Z,4,263,71,0,12,23,1,8,0,183,0,0,0,0,0,0.03,0.074,0.074,0.154,0.149,0.19,0.141,0.135,0.129,0.13,0.178,0.206
020_AAAF,CRGRO048,26,26,2020-05-23T00:00:00Z,5,263,71,0,12,23,1,8,0,183,0,0,0,0,0,0.02,0.061,0.065,0.144,0.145,0.194,0.169,0.135,0.129,0.13,0.178,0.206
020_AAAF,CRGRO048,26,26,2020-05-24T00:00:00Z,6,262,70,0,12,23,1,8,0,183,0,0,0,0,0,0.014,0.056,0.058,0.129,0.129,0.182,0.174,0.155,0.129,0.13,0.178,0.206
020_AAAF,CRGRO048,26,26,2020-05-25T00:00:00Z,7,264,72,0,12,25,1,8,0,183,0,0,0,0,0,0.05,0.055,0.055,0.125,0.126,0.181,0.178,0.158,0.129,0.13,0.178,0.206
020_AAAF,CRGRO048,26,26,2020-05-26T00:00:00Z,8,265,73,0,12,28,1,8,0,183,0,0,0,0,0,0.045,0.061,0.057,0.125,0.125,0.18,0.179,0.161,0.129,0.13,0.178,0.206
020_AAAF,CRGRO048,26,26,2020-05-27T00:00:00Z,9,264,72,0,12,28,1,8,0,183,0,0,0,0,0,0.02,0.056,0.056,0.124,0.124,0.179,0.179,0.164,0.129,0.131,0.178,0.206
020_AAAF,CRGRO048,26,26,2020-05-28T00:00:00Z,10,264,72,0,12,28,1,8,0,183,0,0,0,0,0,0.014,0.055,0.056,0.121,0.121,0.176,0.176,0.169,0.129,0.131,0.178,0.206
020_AAAF,CRGRO048,26,26,2020-05-29T00:00:00Z,11,264,72,0,12,28,1,8,0,183,0,0,0,0,0,0.014,0.055,0.056,0.121,0.121,0.176,0.175,0.169,0.13,0.131,0.178,0.205
020_AAAF,CRGRO048,26,26,2020-05-30T00:00:00Z,12,264,72,0,12,28,1,8,0,183,0,0,0,0,0,0.014,0.054,0.056,0.121,0.121,0.176,0.175,0.169,0.13,0.131,0.178,0.205
020_AAAF,CRGRO048,26,26,2020-05-31T00:00:00Z,13,264,72,0,12,28,1,8,0,183,0,0,0,0,0,0.014,0.054,0.056,0.121,0.121,0.176,0.175,0.169,0.13,0.131,0.178,0.205
020_AAAF,CRGRO048,26,26,2020-06-01T00:00:00Z,14,263,72,0,12,28,1,8,0,183,0,0,0,0,0,0.014,0.053,0.055,0.121,0.121,0.176,0.175,0.169,0.13,0.132,0.178,0.205
020_AAAF,CRGRO048,26,26,2020-06-02T00:00:00Z,15,263,71,0,12,28,1,8,0,183,0,0,0,0,0,0.014,0.052,0.055,0.121,0.121,0.176,0.175,0.169,0.13,0.132,0.178,0.205
020_AAAF,CRGRO048,26,26,2020-06-03T00:00:00Z,16,263,71,0,12,28,1,8,0,183,0,0,0,0,0,0.014,0.051,0.055,0.121,0.121,0.176,0.175,0.169,0.13,0.132,0.178,0.205
020_AAAF,CRGRO048,26,26,2020-06-04T00:00:00Z,17,263,71,0,12,28,1,8,0,183,0,0,0,0,0,0.014,0.05,0.054,0.121,0.121,0.176,0.174,0.169,0.13,0.132,0.178,0.205
020_AAAF,CRGRO048,26,26,2020-06-05T00:00:00Z,18,263,71,0,12,28,1,8,0,183,0,0,0,0,0,0.014,0.049,0.054,0.121,0.121,0.176,0.174,0.169,0.131,0.132,0.178,0.205
020_AAAF,CRGRO048,26,26,2020-06-06T00:00:00Z,19,263,71,0,12,29,1,8,0,183,0,0,0,0,0,0.024,0.048,0.053,0.12,0.121,0.176,0.174,0.169,0.131,0.132,0.178,0.205
020_AAAF,CRGRO048,26,26,2020-06-07T00:00:00Z,20,273,81,0,12,39,1,8,0,183,0,0,0,0,0,0.125,0.07,0.06,0.126,0.124,0.177,0.176,0.171,0.131,0.133,0.178,0.204
020_AAAF,CRGRO048,26,26,2020-06-08T00:00:00Z,21,271,79,0,12,42,1,8,0,183,0,0,0,0,0,0.024,0.072,0.064,0.131,0.128,0.18,0.178,0.173,0.131,0.133,0.178,0.204
020_AAAF,CRGRO048,26,26,2020-06-09T00:00:00Z,22,279,87,0,12,50,1,8,0,183,0,0,0,0,0,0.107,0.074,0.066,0.136,0.132,0.183,0.181,0.178,0.131,0.133,0.178,0.204
020_AAAF,CRGRO048,26,26,2020-06-10T00:00:00Z,23,276,84,0,12,51,1,8,0,183,0,0,0,0,0,0.013,0.068,0.064,0.136,0.133,0.186,0.183,0.184,0.131,0.133,0.178,0.204
020_AAAF,CRGRO048,26,26,2020-06-11T00:00:00Z,24,278,86,0,12,53,1,8,0,183,0,0,0,0,0,0.057,0.058,0.059,0.132,0.132,0.186,0.184,0.191,0.132,0.133,0.178,0.204
020_AAAF,CRGRO048,26,26,2020-06-12T00:00:00Z,25,276,84,0,12,53,1,8,0,183,0,0,0,0,0,0.015,0.056,0.057,0.127,0.128,0.184,0.183,0.198,0.132,0.133,0.178,0.204
020_AAAF,CRGRO048,26,26,2020-06-13T00:00:00Z,26,275,83,0,12,53,1,8,0,183,0,0,0,0,0,0.014,0.054,0.054,0.121,0.122,0.178,0.178,0.198,0.152,0.134,0.178,0.204
020_AAAF,CRGRO048,26,26,2020-06-14T00:00:00Z,27,275,83,0,12,53,1,8,0,183,0,0,0,0,0,0.014,0.053,0.053,0.119,0.121,0.176,0.176,0.197,0.156,0.134,0.178,0.204
020_AAAF,CRGRO048,26,26,2020-06-15T00:00:00Z,28,274,82,0,12,53,1,8,0,183,0,0,0,0,0,0.014,0.052,0.052,0.118,0.12,0.175,0.176,0.197,0.156,0.134,0.178,0.204
020_AAAF,CRGRO048,26,26,2020-06-16T00:00:00Z,29,274,82,0,12,53,1,8,0,183,0,0,0,0,0,0.014,0.051,0.052,0.117,0.119,0.175,0.176,0.197,0.156,0.134,0.178,0.203
020_AAAF,CRGRO048,26,26,2020-06-17T00:00:00Z,30,273,81,0,12,53,1,8,0,183,0,0,0,0,0,0.014,0.049,0.051,0.115,0.117,0.175,0.176,0.197,0.156,0.135,0.178,0.203
020_AAAF,CRGRO048,26,26,2020-06-18T00:00:00Z,31,273,81,0,12,53,1,8,0,183,0,0,0,0,0,0.014,0.048,0.05,0.114,0.116,0.175,0.175,0.197,0.156,0.135,0.178,0.203
020_AAAF,CRGRO048,26,26,2020-06-19T00:00:00Z,32,273,81,0,12,54,1,8,0,183,0,0,0,0,0,0.03,0.047,0.049,0.112,0.114,0.174,0.175,0.197,0.156,0.135,0.178,0.203
020_AAAF,CRGRO048,26,26,2020-06-20T00:00:00Z,33,271,79,0,12,55,1,8,0,183,0,0,0,0,0,0.02,0.046,0.049,0.11,0.112,0.173,0.175,0.197,0.156,0.135,0.178,0.203
020_AAAF,CRGRO048,26,26,2020-06-21T00:00:00Z,34,270,78,0,12,55,1,8,0,183,0,0,0,0,0,0.014,0.045,0.048,0.108,0.11,0.172,0.175,0.197,0.157,0.136,0.178,0.203
020_AAAF,CRGRO048,26,26,2020-06-22T00:00:00Z,35,269,78,0,12,55,1,8,0,183,0,0,0,0,0,0.014,0.044,0.047,0.107,0.109,0.171,0.174,0.196,0.157,0.136,0.178,0.203
020_AAAF,CRGRO048,26,26,2020-06-23T00:00:00Z,36,269,77,0,12,55,1,8,0,183,0,0,0,0,0,0.014,0.043,0.046,0.105,0.107,0.17,0.173,0.196,0.157,0.136,0.178,0.203
020_AAAF,CRGRO048,26,26,2020-06-24T00:00:00Z,37,268,76,0,12,55,1,8,0,183,0,0,0,0,0,0.014,0.042,0.045,0.104,0.106,0.169,0.172,0.196,0.157,0.136,0.178,0.203
020_AAAF,CRGRO048,26,26,2020-06-25T00:00:00Z,38,267,75,0,12,55,1,8,0,183,0,0,0,0,0,0.014,0.041,0.044,0.103,0.104,0.168,0.171,0.196,0.157,0.137,0.178,0.203
020_AAAF,CRGRO048,26,26,2020-06-26T00:00:00Z,39,266,74,0,12,55,1,8,0,183,0,0,0,0,0,0.014,0.04,0.043,0.101,0.103,0.166,0.17,0.196,0.157,0.137,0.178,0.202
020_AAAF,CRGRO048,26,26,2020-06-27T00:00:00Z,40,266,74,0,12,55,1,8,0,183,0,0,0,0,0,0.024,0.039,0.043,0.1,0.102,0.165,0.169,0.195,0.157,0.137,0.178,0.202
020_AAAF,CRGRO048,26,26,2020-06-28T00:00:00Z,41,265,73,0,12,55,1,8,0,183,0,0,0,0,0,0.014,0.039,0.042,0.099,0.101,0.164,0.168,0.195,0.157,0.137,0.178,0.202
020_AAAF,CRGRO048,26,26,2020-06-29T00:00:00Z,42,264,72,0,12,55,1,8,0,183,0,0,0,0,0,0.014,0.038,0.041,0.098,0.099,0.163,0.167,0.194,0.158,0.138,0.178,0.202
020_AAAF,CRGRO048,26,26,2020-06-30T00:00:00Z,43,277,85,0,12,69,1,8,0,183,0,0,0,0,0,0.161,0.072,0.055,0.103,0.098,0.162,0.165,0.194,0.158,0.138,0.178,0.202
020_AAAF,CRGRO048,26,26,2020-07-01T00:00:00Z,44,271,79,0,12,69,1,8,0,183,0,0,0,0,0,0.013,0.053,0.053,0.118,0.119,0.165,0.165,0.193,0.158,0.138,0.178,0.202
020_AAAF,CRGRO048,26,26,2020-07-02T00:00:00Z,45,269,78,0,12,69,1,8,0,183,0,0,0,0,0,0.014,0.051,0.052,0.113,0.113,0.165,0.164,0.193,0.158,0.138,0.178,0.202
020_AAAF,CRGRO048,26,26,2020-07-03T00:00:00Z,46,267,76,0,12,69,1,8,0,183,0,0,0,0,0,0.014,0.048,0.05,0.108,0.109,0.163,0.163,0.192,0.158,0.139,0.178,0.202
020_AAAF,CRGRO048,26,26,2020-07-04T00:00:00Z,47,266,74,0,12,69,1,8,0,183,0.01,0,0,0,0,0.014,0.046,0.047,0.104,0.105,0.162,0.162,0.191,0.158,0.139,0.178,0.202
020_AAAF,CRGRO048,26,26,2020-07-05T00:00:00Z,48,269,77,0,12,74,1,8,0,183,0.01,0,0,0,0,0.079,0.054,0.049,0.102,0.102,0.161,0.161,0.19,0.158,0.139,0.178,0.202
020_AAAF,CRGRO048,26,26,2020-07-06T00:00:00Z,49,310,118,11,12,128,1,8,0,183,0.01,0,0,10.63,0,0.127,0.15,0.13,0.181,0.146,0.183,0.174,0.19,0.158,0.139,0.178,0.201
020_AAAF,CRGRO048,26,26,2020-07-07T00:00:00Z,50,316,124,11,12,137,1,8,0,183,0.01,0,0,0,0,0.129,0.116,0.108,0.193,0.17,0.206,0.192,0.198,0.166,0.14,0.178,0.201
020_AAAF,CRGRO048,26,26,2020-07-08T00:00:00Z,51,312,120,11,12,137,1,8,0,183,0.01,0,0,0,0,0.039,0.076,0.072,0.146,0.137,0.186,0.18,0.198,0.267,0.185,0.178,0.201
020_AAAF,CRGRO048,26,26,2020-07-09T00:00:00Z,52,311,119,11,12,139,1,8,0,183,0.01,0,0,0,0,0.042,0.061,0.062,0.138,0.135,0.188,0.184,0.199,0.23,0.208,0.192,0.201
020_AAAF,CRGRO048,26,26,2020-07-10T00:00:00Z,53,303,111,11,16,139,1,8,0,183,0.01,0,0,0,0,0.014,0.052,0.053,0.12,0.119,0.177,0.175,0.196,0.22,0.208,0.205,0.205
020_AAAF,CRGRO048,26,26,2020-07-11T00:00:00Z,54,295,103,11,19,139,1,8,0,183,0.01,0,0,0,0,0.014,0.049,0.05,0.109,0.11,0.173,0.172,0.195,0.204,0.2,0.205,0.205
020_AAAF,CRGRO048,26,26,2020-07-12T00:00:00Z,55,289,98,11,21,139,1,8,0,183,0.01,0,0,0,0,0.014,0.046,0.047,0.103,0.104,0.168,0.168,0.193,0.197,0.196,0.205,0.205
020_AAAF,CRGRO048,26,26,2020-07-13T00:00:00Z,56,286,94,11,21,139,1,8,0,183,0.01,0,0,0,0,0.014,0.043,0.045,0.1,0.1,0.164,0.165,0.191,0.195,0.195,0.205,0.205
020_AAAF,CRGRO048,26,26,2020-07-14T00:00:00Z,57,283,91,11,21,139,1,8,0,183,0.01,0,0,0,0,0.014,0.041,0.043,0.097,0.097,0.161,0.162,0.189,0.193,0.194,0.205,0.205
020_AAAF,CRGRO048,26,26,2020-07-15T00:00:00Z,58,280,88,11,21,139,1,8,0,183,0.01,0,0,0,0,0.014,0.039,0.041,0.095,0.095,0.158,0.159,0.186,0.19,0.192,0.205,0.205
020_AAAF,CRGRO048,26,26,2020-07-16T00:00:00Z,59,278,86,11,21,139,1,8,0,183,0.01,0,0,0,0,0.014,0.038,0.039,0.093,0.093,0.156,0.157,0.184,0.188,0.19,0.205,0.205
020_AAAF,CRGRO048,26,26,2020-07-17T00:00:00Z,60,287,95,11,21,139,2,19,0,183,0.01,0,0,0,0,0.144,0.067,0.053,0.091,0.091,0.154,0.155,0.183,0.186,0.188,0.205,0.205
020_AAAF,CRGRO048,26,26,2020-07-18T00:00:00Z,61,282,90,11,21,139,2,19,0,183,0.01,0,0,0,0,0.043,0.043,0.05,0.119,0.097,0.153,0.154,0.182,0.185,0.187,0.205,0.205
020_AAAF,CRGRO048,26,26,2020-07-19T00:00:00Z,62,276,84,11,21,139,2,19,0,183,0.01,0,0,0,0,0.013,0.041,0.046,0.098,0.095,0.152,0.153,0.181,0.183,0.186,0.205,0.205
020_AAAF,CRGRO048,26,26,2020-07-20T00:00:00Z,63,274,82,11,21,139,2,19,0,183,0.02,0,0,0,0,0.014,0.039,0.042,0.094,0.093,0.15,0.152,0.179,0.181,0.184,0.205,0.205
020_AAAF,CRGRO048,26,26,2020-07-21T00:00:00Z,64,271,79,11,21,139,2,19,0,183,0.02,0,0,0,0,0.014,0.037,0.04,0.092,0.091,0.149,0.15,0.178,0.18,0.182,0.205,0.205
020_AAAF,CRGRO048,26,26,2020-07-22T00:00:00Z,65,284,92,11,21,142,3,31,0,183,0.03,0,0,0,0,0.167,0.074,0.055,0.098,0.089,0.148,0.149,0.176,0.178,0.181,0.205,0.205
020_AAAF,CRGRO048,26,26,2020-07-23T00:00:00Z,66,282,90,11,21,144,3,31,0,183,0.03,0,0,0,0,0.096,0.065,0.06,0.119,0.091,0.147,0.148,0.176,0.178,0.18,0.205,0.205
020_AAAF,CRGRO048,26,26,2020-07-24T00:00:00Z,67,278,86,11,21,145,3,31,0,183,0.04,0,0,0,0,0.041,0.054,0.054,0.115,0.099,0.147,0.148,0.175,0.177,0.18,0.205,0.205
020_AAAF,CRGRO048,26,26,2020-07-25T00:00:00Z,68,274,82,11,21,145,3,31,0,183,0.04,0,0,0,0,0.02,0.05,0.05,0.105,0.098,0.146,0.148,0.175,0.177,0.179,0.205,0.205
020_AAAF,CRGRO048,26,26,2020-07-26T00:00:00Z,69,269,78,11,21,145,3,31,0,183,0.04,0,0,0,0,0.014,0.043,0.043,0.096,0.094,0.145,0.147,0.174,0.175,0.178,0.204,0.205
020_AAAF,CRGRO048,26,26,2020-07-27T00:00:00Z,70,267,75,11,21,145,3,31,0,183,0.04,0,0,0,0,0.014,0.039,0.04,0.092,0.091,0.144,0.145,0.172,0.174,0.176,0.204,0.205
020_AAAF,CRGRO048,26,26,2020-07-28T00:00:00Z,71,277,85,11,21,145,4,43,0,183,0.04,0,0,0,0,0.144,0.066,0.054,0.09,0.088,0.143,0.144,0.171,0.172,0.175,0.204,0.205
020_AAAF,CRGRO048,26,26,2020-07-29T00:00:00Z,72,280,88,11,21,151,4,43,0,183,0.06,0,0,0,0,0.134,0.071,0.062,0.115,0.088,0.143,0.144,0.171,0.172,0.175,0.204,0.205
020_AAAF,CRGRO048,26,26,2020-07-30T00:00:00Z,73,278,86,11,21,152,4,43,0,183,0.06,0,0,0,0,0.08,0.063,0.059,0.122,0.1,0.143,0.144,0.171,0.172,0.175,0.204,0.205
020_AAAF,CRGRO048,26,26,2020-07-31T00:00:00Z,74,274,82,11,21,152,4,43,0,183,0.06,0,0,0,0,0.04,0.049,0.051,0.111,0.116,0.143,0.144,0.17,0.172,0.175,0.204,0.205
020_AAAF,CRGRO048,26,26,2020-08-01T00:00:00Z,75,269,77,11,21,152,4,43,0,183,0.06,0,0,0,0,0.014,0.046,0.047,0.102,0.1,0.143,0.143,0.17,0.171,0.174,0.204,0.205
020_AAAF,CRGRO048,26,26,2020-08-02T00:00:00Z,76,265,73,11,21,152,4,43,0,183,0.06,0,0,0,0,0.014,0.041,0.041,0.094,0.094,0.142,0.142,0.169,0.17,0.173,0.204,0.205
020_AAAF,CRGRO048,26,26,2020-08-03T00:00:00Z,77,262,71,11,21,152,4,43,0,183,0.06,0,0,0,0,0.014,0.038,0.038,0.091,0.09,0.141,0.142,0.168,0.169,0.172,0.204,0.205
020_AAAF,CRGRO048,26,26,2020-08-04T00:00:00Z,78,273,81,11,21,152,5,56,0,183,0.08,0,0,0,0,0.152,0.068,0.053,0.088,0.088,0.14,0.141,0.167,0.168,0.171,0.204,0.205
020_AAAF,CRGRO048,26,26,2020-08-05T00:00:00Z,79,268,76,11,21,152,5,56,0,183,0.08,0,0,0,0,0.063,0.035,0.048,0.118,0.094,0.14,0.14,0.167,0.168,0.171,0.203,0.205
020_AAAF,CRGRO048,26,26,2020-08-06T00:00:00Z,80,268,76,11,21,156,5,56,0,183,0.08,0,0,0,0,0.069,0.055,0.047,0.098,0.093,0.139,0.14,0.166,0.167,0.17,0.203,0.205
020_AAAF,CRGRO048,26,26,2020-08-07T00:00:00Z,81,264,72,11,21,156,5,56,0,183,0.09,0,0,0,0,0.036,0.046,0.046,0.094,0.091,0.139,0.14,0.166,0.167,0.17,0.203,0.205
020_AAAF,CRGRO048,26,26,2020-08-08T00:00:00Z,82,261,69,11,21,156,5,56,0,183,0.08,0,0,0,0,0.022,0.041,0.041,0.09,0.088,0.138,0.139,0.165,0.166,0.169,0.203,0.205
020_AAAF,CRGRO048,26,26,2020-08-09T00:00:00Z,83,275,83,11,21,162,6,67,0,183,0.1,0,0,0,0,0.159,0.084,0.059,0.107,0.086,0.138,0.138,0.164,0.165,0.168,0.203,0.205
020_AAAF,CRGRO048,26,26,2020-08-10T00:00:00Z,84,283,91,11,21,172,6,67,0,183,0.11,0,0,0,0,0.154,0.095,0.072,0.132,0.108,0.137,0.138,0.164,0.165,0.168,0.203,0.205
020_AAAF,CRGRO048,26,26,2020-08-11T00:00:00Z,85,279,87,11,21,172,6,67,0,183,0.1,0,0,0,0,0.074,0.061,0.052,0.116,0.116,0.174,0.157,0.164,0.165,0.168,0.203,0.205
020_AAAF,CRGRO048,26,26,2020-08-12T00:00:00Z,86,285,93,11,21,182,6,67,0,183,0.11,0,0,0,0,0.138,0.075,0.062,0.121,0.116,0.173,0.159,0.164,0.165,0.168,0.203,0.205
020_AAAF,CRGRO048,26,26,2020-08-13T00:00:00Z,87,281,89,11,21,182,6,67,0,183,0.11,0,0,0,0,0.076,0.063,0.059,0.121,0.118,0.173,0.161,0.164,0.164,0.168,0.203,0.205
020_AAAF,CRGRO048,26,26,2020-08-14T00:00:00Z,88,285,93,11,21,190,6,67,0,183,0.12,0,0,0,0,0.117,0.07,0.061,0.123,0.118,0.174,0.164,0.164,0.164,0.168,0.202,0.205
020_AAAF,CRGRO048,26,26,2020-08-15T00:00:00Z,89,280,88,11,21,190,6,67,0,183,0.11,0,0,0,0,0.061,0.052,0.052,0.113,0.112,0.171,0.173,0.173,0.164,0.168,0.202,0.205
020_AAAF,CRGRO048,26,26,2020-08-16T00:00:00Z,90,276,84,11,21,190,6,67,0,183,0.1,0,0,0,0,0.039,0.05,0.049,0.105,0.105,0.167,0.168,0.172,0.164,0.168,0.202,0.205
020_AAAF,CRGRO048,26,26,2020-08-17T00:00:00Z,91,271,79,11,21,190,6,67,0,183,0.09,0,0,0,0,0.023,0.045,0.045,0.099,0.099,0.162,0.162,0.172,0.164,0.168,0.202,0.205
020_AAAF,CRGRO048,26,26,2020-08-18T00:00:00Z,92,304,112,13,21,229,6,67,0,183,0.13,0,0,2.31,0,0.158,0.148,0.097,0.149,0.125,0.17,0.159,0.171,0.163,0.167,0.202,0.205
020_AAAF,CRGRO048,26,26,2020-08-19T00:00:00Z,93,299,107,13,21,229,6,67,0,183,0.12,0,0,0,0,0.079,0.084,0.064,0.124,0.114,0.172,0.173,0.196,0.194,0.172,0.202,0.205
020_AAAF,CRGRO048,26,26,2020-08-20T00:00:00Z,94,297,105,13,21,231,6,67,0,183,0.13,0,0,0,0,0.065,0.065,0.06,0.125,0.121,0.174,0.174,0.195,0.193,0.173,0.202,0.205
020_AAAF,CRGRO048,26,26,2020-08-21T00:00:00Z,95,295,103,13,21,231,6,67,0,183,0.13,0,0,0,0,0.053,0.056,0.057,0.123,0.12,0.175,0.174,0.195,0.192,0.173,0.202,0.205
020_AAAF,CRGRO048,26,26,2020-08-22T00:00:00Z,96,294,102,13,21,232,6,67,0,183,0.14,0,0,0,0,0.056,0.055,0.055,0.12,0.119,0.175,0.174,0.195,0.191,0.173,0.202,0.205
020_AAAF,CRGRO048,26,26,2020-08-23T00:00:00Z,97,293,101,13,21,233,6,67,0,183,0.14,0,0,0,0,0.056,0.055,0.054,0.118,0.117,0.176,0.173,0.195,0.191,0.173,0.202,0.205
020_AAAF,CRGRO048,26,26,2020-08-24T00:00:00Z,98,320,128,13,21,261,6,67,0,183,0.14,0,0,0.33,0,0.163,0.144,0.089,0.15,0.134,0.183,0.178,0.198,0.19,0.173,0.201,0.205
020_AAAF,CRGRO048,26,26,2020-08-25T00:00:00Z,99,335,143,13,21,281,6,67,0,183,0.14,0,0,0.11,0,0.154,0.147,0.111,0.183,0.158,0.199,0.189,0.2,0.198,0.18,0.201,0.205
020_AAAF,CRGRO048,26,26,2020-08-26T00:00:00Z,100,332,140,13,21,281,6,67,0,183,0.14,0,0,0,0,0.089,0.097,0.091,0.179,0.165,0.21,0.199,0.204,0.205,0.197,0.201,0.205
020_AAAF,CRGRO048,26,26,2020-08-27T00:00:00Z,101,321,129,13,27,281,6,67,0,183,0.13,0,0,0,0,0.052,0.065,0.063,0.138,0.132,0.186,0.181,0.198,0.287,0.196,0.205,0.205
020_AAAF,CRGRO048,26,26,2020-08-28T00:00:00Z,102,309,118,13,34,281,6,67,0,183,0.12,0,0,0,0,0.04,0.053,0.053,0.121,0.119,0.176,0.174,0.196,0.272,0.195,0.205,0.205
020_AAAF,CRGRO048,26,26,2020-08-29T00:00:00Z,103,299,107,13,41,281,6,67,0,183,0.11,0,0,0,0,0.032,0.051,0.052,0.115,0.113,0.173,0.172,0.195,0.224,0.194,0.205,0.205
020_AAAF,CRGRO048,26,26,2020-08-30T00:00:00Z,104,332,140,15,42,320,6,67,0,183,0.15,0,0,2.12,0,0.16,0.15,0.104,0.16,0.138,0.184,0.178,0.196,0.206,0.2,0.208,0.207
020_AAAF,CRGRO048,26,26,2020-08-31T00:00:00Z,105,331,139,15,43,323,6,67,0,182,0.15,0,0,0,0,0.119,0.106,0.093,0.171,0.153,0.197,0.188,0.199,0.203,0.201,0.209,0.208
020_AAAF,CRGRO048,26,26,2020-09-01T00:00:00Z,106,320,128,15,50,323,6,67,0,182,0.14,0,0,0,0,0.065,0.069,0.064,0.134,0.128,0.181,0.177,0.196,0.27,0.201,0.209,0.208
020_AAAF,CRGRO048,26,26,2020-09-02T00:00:00Z,107,308,116,15,57,323,6,67,0,182,0.12,0,0,0,0,0.045,0.054,0.053,0.12,0.117,0.174,0.175,0.195,0.249,0.2,0.209,0.208
020_AAAF,CRGRO048,26,26,2020-09-03T00:00:00Z,108,297,105,15,64,323,6,67,0,183,0.11,0,0,0,0,0.033,0.051,0.051,0.111,0.11,0.171,0.171,0.193,0.215,0.195,0.207,0.206
020_AAAF,CRGRO048,26,26,2020-09-04T00:00:00Z,109,290,98,15,66,323,6,67,0,183,0.1,0,0,0,0,0.02,0.048,0.048,0.105,0.105,0.167,0.168,0.191,0.2,0.193,0.207,0.206
020_AAAF,CRGRO048,26,26,2020-09-05T00:00:00Z,110,285,93,15,66,323,6,67,0,183,0.09,0,0,0,0,0.014,0.045,0.046,0.101,0.101,0.163,0.164,0.188,0.193,0.191,0.207,0.206
020_AAAF,CRGRO048,26,26,2020-09-06T00:00:00Z,111,282,91,15,66,323,6,67,0,183,0.08,0,0,0,0,0.014,0.043,0.044,0.098,0.098,0.161,0.161,0.186,0.19,0.189,0.207,0.206
020_AAAF,CRGRO048,26,26,2020-09-07T00:00:00Z,112,279,87,15,66,323,6,67,0,183,0.07,0,0,0,0,0.014,0.041,0.042,0.095,0.095,0.158,0.158,0.184,0.186,0.185,0.207,0.206
020_AAAF,CRGRO048,26,26,2020-09-08T00:00:00Z,113,275,83,15,66,323,6,67,0,183,0.06,0,0,0,0,0.014,0.039,0.04,0.093,0.093,0.155,0.156,0.181,0.183,0.183,0.207,0.206
020_AAAF,CRGRO048,26,26,2020-09-09T00:00:00Z,114,296,104,15,66,333,7,79,0,183,0.17,0,0,0,0,0.167,0.105,0.068,0.121,0.097,0.154,0.154,0.18,0.181,0.181,0.207,0.206
020_AAAF,CRGRO048,26,26,2020-09-10T00:00:00Z,115,304,112,15,66,344,7,79,0,183,0.16,0,0,0,0,0.159,0.112,0.08,0.143,0.126,0.163,0.154,0.18,0.181,0.181,0.206,0.206
020_AAAF,CRGRO048,26,26,2020-09-11T00:00:00Z,116,304,112,15,66,346,7,79,0,183,0.18,0,0,0,0,0.112,0.088,0.075,0.148,0.136,0.181,0.164,0.179,0.181,0.181,0.206,0.206
020_AAAF,CRGRO048,26,26,2020-09-12T00:00:00Z,117,301,109,15,66,346,7,79,0,183,0.18,0,0,0,0,0.072,0.069,0.065,0.141,0.136,0.186,0.177,0.182,0.18,0.181,0.206,0.206
020_AAAF,CRGRO048,26,26,2020-09-13T00:00:00Z,118,299,107,15,66,347,7,79,0,183,0.18,0,0,0,0,0.059,0.059,0.059,0.133,0.132,0.186,0.181,0.188,0.18,0.181,0.206,0.206
020_AAAF,CRGRO048,26,26,2020-09-14T00:00:00Z,119,297,105,15,66,348,7,79,0,183,0.18,0,0,0,0,0.055,0.056,0.055,0.123,0.124,0.182,0.18,0.194,0.18,0.181,0.206,0.206
020_AAAF,CRGRO048,26,26,2020-09-15T00:00:00Z,120,298,106,15,66,350,7,79,0,183,0.19,0,0,0,0,0.073,0.059,0.056,0.121,0.121,0.179,0.178,0.197,0.18,0.181,0.206,0.206
020_AAAF,CRGRO048,26,26,2020-09-16T00:00:00Z,121,307,115,15,66,360,7,79,0,183,0.19,0,0,0,0,0.151,0.078,0.064,0.129,0.125,0.179,0.178,0.197,0.185,0.181,0.206,0.206
020_AAAF,CRGRO048,26,26,2020-09-17T00:00:00Z,122,311,119,15,66,367,7,79,0,183,0.17,0,0,0,0,0.15,0.084,0.069,0.136,0.129,0.182,0.179,0.198,0.192,0.181,0.206,0.206
020_AAAF,CRGRO048,26,26,2020-09-18T00:00:00Z,123,305,113,15,71,367,7,79,0,183,0.16,0,0,0,0,0.088,0.064,0.058,0.124,0.121,0.176,0.175,0.197,0.203,0.194,0.206,0.206
020_AAAF,CRGRO048,26,26,2020-09-19T00:00:00Z,124,300,108,15,74,367,7,79,0,183,0.14,0,0,0,0,0.061,0.055,0.054,0.118,0.119,0.175,0.174,0.197,0.197,0.194,0.206,0.206
020_AAAF,CRGRO048,26,26,2020-09-20T00:00:00Z,125,298,106,15,75,367,7,79,0,183,0.13,0,0,0,0,0.051,0.054,0.053,0.116,0.116,0.174,0.173,0.196,0.196,0.193,0.206,0.206
020_AAAF,CRGRO048,26,26,2020-09-21T00:00:00Z,126,295,103,15,75,367,7,79,0,183,0.11,0,0,0,0,0.042,0.052,0.051,0.111,0.111,0.171,0.171,0.194,0.195,0.192,0.206,0.206
020_AAAF,CRGRO048,26,26,2020-09-22T00:00:00Z,127,291,99,15,75,367,7,79,0,183,0.1,0,0,0,0,0.033,0.05,0.05,0.107,0.107,0.169,0.169,0.193,0.194,0.191,0.206,0.206
020_AAAF,CRGRO048,26,26,2020-09-23T00:00:00Z,128,289,97,15,75,367,7,79,0,183,0.08,0,0,0,0,0.027,0.049,0.048,0.105,0.105,0.167,0.167,0.191,0.192,0.19,0.206,0.206
020_AAAF,CRGRO048,26,26,2020-09-24T00:00:00Z,129,286,94,15,75,367,7,79,0,183,0.07,0,0,0,0,0.02,0.047,0.047,0.103,0.103,0.165,0.165,0.19,0.19,0.188,0.206,0.206
020_AAAF,CRGRO048,26,26,2020-09-25T00:00:00Z,130,286,94,15,75,370,7,79,0,183,0.2,0,0,0,0,0.058,0.051,0.045,0.1,0.1,0.162,0.163,0.188,0.188,0.187,0.206,0.206
020_AAAF,CRGRO048,26,26,2020-09-26T00:00:00Z,131,283,91,15,75,370,7,79,0,183,0.17,0,0,0,0,0.044,0.049,0.043,0.098,0.098,0.16,0.16,0.186,0.186,0.185,0.206,0.206
020_AAAF,CRGRO048,26,26,2020-09-27T00:00:00Z,132,282,90,15,75,370,7,79,0,183,0.22,0,0,0,0,0.053,0.05,0.043,0.097,0.097,0.159,0.16,0.185,0.185,0.185,0.206,0.206
020_AAAF,CRGRO048,26,26,2020-09-28T00:00:00Z,133,283,91,15,75,373,7,79,0,183,0.19,0,0,0,0,0.071,0.055,0.046,0.095,0.096,0.158,0.158,0.184,0.184,0.183,0.206,0.206
020_AAAF,CRGRO048,26,26,2020-09-29T00:00:00Z,134,302,110,15,75,394,7,79,0,183,0.21,0,0,0,0,0.159,0.115,0.075,0.13,0.111,0.157,0.158,0.183,0.183,0.183,0.206,0.206
020_AAAF,CRGRO048,26,26,2020-09-30T00:00:00Z,135,298,107,15,75,394,7,79,0,183,0.18,0,0,0,0,0.083,0.071,0.056,0.117,0.117,0.174,0.174,0.196,0.188,0.182,0.205,0.206
020_AAAF,CRGRO048,26,26,2020-10-01T00:00:00Z,136,295,103,15,75,394,7,79,0,183,0.16,0,0,0,0,0.053,0.054,0.054,0.114,0.115,0.172,0.172,0.195,0.193,0.184,0.205,0.206
020_AAAF,CRGRO048,26,26,2020-10-02T00:00:00Z,137,292,100,15,75,394,7,79,0,183,0.14,0,0,0,0,0.044,0.052,0.052,0.11,0.11,0.17,0.17,0.193,0.192,0.184,0.205,0.206
020_AAAF,CRGRO048,26,26,2020-10-03T00:00:00Z,138,290,98,15,75,394,7,79,0,183,0.12,0,0,0,0,0.039,0.051,0.051,0.108,0.108,0.168,0.168,0.192,0.191,0.184,0.205,0.206
020_AAAF,CRGRO048,26,26,2020-10-04T00:00:00Z,139,287,95,15,75,394,7,79,0,183,0.1,0,0,0,0,0.031,0.049,0.049,0.105,0.105,0.166,0.166,0.191,0.189,0.183,0.205,0.206
020_AAAF,CRGRO048,26,26,2020-10-05T00:00:00Z,140,285,93,15,75,394,7,79,0,183,0.09,0,0,0,0,0.025,0.047,0.047,0.102,0.103,0.164,0.165,0.189,0.188,0.182,0.205,0.206
020_AAAF,CRGRO048,26,26,2020-10-06T00:00:00Z,141,283,91,15,75,394,7,79,0,183,0.08,0,0,0,0,0.02,0.045,0.046,0.101,0.101,0.162,0.163,0.188,0.186,0.182,0.205,0.206
020_AAAF,CRGRO048,26,26,2020-10-07T00:00:00Z,142,279,87,15,75,394,7,79,0,183,0.07,0,0,0,0,0.014,0.042,0.043,0.097,0.097,0.159,0.16,0.185,0.184,0.18,0.205,0.206
020_AAAF,CRGRO048,26,26,2020-10-08T00:00:00Z,143,274,82,15,75,394,7,79,0,183,0.06,0,0,0,0,0.014,0.039,0.04,0.093,0.093,0.155,0.156,0.181,0.18,0.178,0.205,0.206
020_AAAF,CRGRO048,26,26,2020-10-09T00:00:00Z,144,283,91,15,75,394,8,91,0,183,0.05,0,0,0,0,0.142,0.066,0.054,0.091,0.091,0.153,0.153,0.179,0.178,0.177,0.205,0.206
020_AAAF,CRGRO048,26,26,2020-10-10T00:00:00Z,145,290,98,15,75,405,8,91,0,183,0.22,0,0,0,0,0.152,0.081,0.067,0.123,0.096,0.152,0.153,0.178,0.177,0.176,0.205,0.206
020_AAAF,CRGRO048,26,26,2020-10-11T00:00:00Z,146,286,95,15,75,405,8,91,0,183,0.19,0,0,0,0,0.087,0.067,0.059,0.125,0.115,0.152,0.152,0.178,0.177,0.176,0.205,0.206
020_AAAF,CRGRO048,26,26,2020-10-12T00:00:00Z,147,284,92,15,75,405,8,91,0,183,0.17,0,0,0,0,0.058,0.054,0.053,0.116,0.116,0.172,0.152,0.178,0.177,0.176,0.205,0.206
020_AAAF,CRGRO048,27,27,2020-05-18T00:00:00Z,0,256,64,0,0,0,0,0,0,174,0,0,0,0,0,0.086,0.086,0.086,0.086,0.086,0.118,0.118,0.135,0.129,0.129,0.178,0.258
020_AAAF,CRGRO048,27,27,2020-05-19T00:00:00Z,1,252,61,0,7,0,1,8,0,179,0,0,0,0,0,0.064,0.086,0.079,0.13,0.1,0.118,0.118,0.135,0.129,0.129,0.178,0.228
020_AAAF,CRGRO048,27,27,2020-05-20T00:00:00Z,2,265,73,0,10,17,1,8,0,181,0,0,0,0,0,0.145,0.114,0.088,0.154,0.131,0.135,0.118,0.135,0.129,0.129,0.178,0.214
020_AAAF,CRGRO048,27,27,2020-05-21T00:00:00Z,3,264,72,0,12,21,1,8,0,182,0,0,0,0,0,0.055,0.095,0.084,0.161,0.146,0.173,0.118,0.135,0.129,0.13,0.178,0.209
020_AAAF,CRGRO048,27,27,2020-05-22T00:00:00Z,4,263,71,0,12,23,1,8,0,183,0,0,0,0,0,0.03,0.074,0.074,0.154,0.149,0.19,0.141,0.135,0.129,0.13,0.178,0.206
020_AAAF,CRGRO048,27,27,2020-05-23T00:00:00Z,5,263,71,0,12,23,1,8,0,183,0,0,0,0,0,0.02,0.061,0.065,0.144,0.145,0.194,0.169,0.135,0.129,0.13,0.178,0.206
020_AAAF,CRGRO048,27,27,2020-05-24T00:00:00Z,6,262,70,0,12,23,1,8,0,183,0,0,0,0,0,0.014,0.056,0.058,0.129,0.129,0.182,0.174,0.155,0.129,0.13,0.178,0.206
020_AAAF,CRGRO048,27,27,2020-05-25T00:00:00Z,7,264,72,0,12,25,1,8,0,183,0,0,0,0,0,0.05,0.055,0.055,0.125,0.126,0.181,0.178,0.158,0.129,0.13,0.178,0.206
020_AAAF,CRGRO048,27,27,2020-05-26T00:00:00Z,8,265,73,0,12,28,1,8,0,183,0,0,0,0,0,0.045,0.061,0.057,0.125,0.125,0.18,0.179,0.161,0.129,0.13,0.178,0.206
020_AAAF,CRGRO048,27,27,2020-05-27T00:00:00Z,9,264,72,0,12,28,1,8,0,183,0,0,0,0,0,0.02,0.056,0.056,0.124,0.124,0.179,0.179,0.164,0.129,0.131,0.178,0.206
020_AAAF,CRGRO048,27,27,2020-05-28T00:00:00Z,10,264,72,0,12,28,1,8,0,183,0,0,0,0,0,0.014,0.055,0.056,0.121,0.121,0.176,0.176,0.169,0.129,0.131,0.178,0.206
020_AAAF,CRGRO048,27,27,2020-05-29T00:00:00Z,11,264,72,0,12,28,1,8,0,183,0,0,0,0,0,0.014,0.055,0.056,0.121,0.121,0.176,0.175,0.169,0.13,0.131,0.178,0.205
020_AAAF,CRGRO048,27,27,2020-05-30T00:00:00Z,12,264,72,0,12,28,1,8,0,183,0,0,0,0,0,0.014,0.054,0.056,0.121,0.121,0.176,0.175,0.169,0.13,0.131,0.178,0.205
020_AAAF,CRGRO048,27,27,2020-05-31T00:00:00Z,13,264,72,0,12,28,1,8,0,183,0,0,0,0,0,0.014,0.054,0.056,0.121,0.121,0.176,0.175,0.169,0.13,0.131,0.178,0.205
020_AAAF,CRGRO048,27,27,2020-06-01T00:00:00Z,14,263,72,0,12,28,1,8,0,183,0,0,0,0,0,0.014,0.053,0.055,0.121,0.121,0.176,0.175,0.169,0.13,0.132,0.178,0.205
020_AAAF,CRGRO048,27,27,2020-06-02T00:00:00Z,15,263,71,0,12,28,1,8,0,183,0,0,0,0,0,0.014,0.052,0.055,0.121,0.121,0.176,0.175,0.169,0.13,0.132,0.178,0.205
020_AAAF,CRGRO048,27,27,2020-06-03T00:00:00Z,16,263,71,0,12,28,1,8,0,183,0,0,0,0,0,0.014,0.051,0.055,0.121,0.121,0.176,0.175,0.169,0.13,0.132,0.178,0.205
020_AAAF,CRGRO048,27,27,2020-06-04T00:00:00Z,17,263,71,0,12,28,1,8,0,183,0,0,0,0,0,0.014,0.05,0.054,0.121,0.121,0.176,0.174,0.169,0.13,0.132,0.178,0.205
020_AAAF,CRGRO048,27,27,2020-06-05T00:00:00Z,18,263,71,0,12,28,1,8,0,183,0,0,0,0,0,0.014,0.049,0.054,0.121,0.121,0.176,0.174,0.169,0.131,0.132,0.178,0.205
020_AAAF,CRGRO048,27,27,2020-06-06T00:00:00Z,19,263,71,0,12,29,1,8,0,183,0,0,0,0,0,0.024,0.048,0.053,0.12,0.121,0.176,0.174,0.169,0.131,0.132,0.178,0.205
020_AAAF,CRGRO048,27,27,2020-06-07T00:00:00Z,20,273,81,0,12,39,1,8,0,183,0,0,0,0,0,0.125,0.07,0.06,0.126,0.124,0.177,0.176,0.171,0.131,0.133,0.178,0.204
020_AAAF,CRGRO048,27,27,2020-06-08T00:00:00Z,21,271,79,0,12,42,1,8,0,183,0,0,0,0,0,0.024,0.072,0.064,0.131,0.128,0.18,0.178,0.173,0.131,0.133,0.178,0.204
020_AAAF,CRGRO048,27,27,2020-06-09T00:00:00Z,22,279,87,0,12,50,1,8,0,183,0,0,0,0,0,0.107,0.074,0.066,0.136,0.132,0.183,0.181,0.178,0.131,0.133,0.178,0.204
020_AAAF,CRGRO048,27,27,2020-06-10T00:00:00Z,23,276,84,0,12,51,1,8,0,183,0,0,0,0,0,0.013,0.068,0.064,0.136,0.133,0.186,0.183,0.184,0.131,0.133,0.178,0.204
020_AAAF,CRGRO048,27,27,2020-06-11T00:00:00Z,24,278,86,0,12,53,1,8,0,183,0,0,0,0,0,0.057,0.058,0.059,0.132,0.132,0.186,0.184,0.191,0.132,0.133,0.178,0.204
020_AAAF,CRGRO048,27,27,2020-06-12T00:00:00Z,25,276,84,0,12,53,1,8,0,183,0,0,0,0,0,0.015,0.056,0.057,0.127,0.128,0.184,0.183,0.198,0.132,0.133,0.178,0.204
020_AAAF,CRGRO048,27,27,2020-06-13T00:00:00Z,26,275,83,0,12,53,1,8,0,183,0,0,0,0,0,0.014,0.054,0.054,0.121,0.122,0.178,0.178,0.198,0.152,0.134,0.178,0.204
020_AAAF,CRGRO048,27,27,2020-06-14T00:00:00Z,27,275,83,0,12,53,1,8,0,183,0,0,0,0,0,0.014,0.053,0.053,0.119,0.121,0.176,0.176,0.197,0.156,0.134,0.178,0.204
020_AAAF,CRGRO048,27,27,2020-06-15T00:00:00Z,28,274,82,0,12,53,1,8,0,183,0,0,0,0,0,0.014,0.052,0.052,0.118,0.12,0.175,0.176,0.197,0.156,0.134,0.178,0.204
020_AAAF,CRGRO048,27,27,2020-06-16T00:00:00Z,29,274,82,0,12,53,1,8,0,183,0,0,0,0,0,0.014,0.051,0.052,0.117,0.119,0.175,0.176,0.197,0.156,0.134,0.178,0.203
020_AAAF,CRGRO048,27,27,2020-06-17T00:00:00Z,30,273,81,0,12,53,1,8,0,183,0,0,0,0,0,0.014,0.049,0.051,0.115,0.117,0.175,0.176,0.197,0.156,0.135,0.178,0.203
020_AAAF,CRGRO048,27,27,2020-06-18T00:00:00Z,31,273,81,0,12,53,1,8,0,183,0,0,0,0,0,0.014,0.048,0.05,0.114,0.116,0.175,0.175,0.197,0.156,0.135,0.178,0.203
020_AAAF,CRGRO048,27,27,2020-06-19T00:00:00Z,32,273,81,0,12,54,1,8,0,183,0,0,0,0,0,0.03,0.047,0.049,0.112,0.114,0.174,0.175,0.197,0.156,0.135,0.178,0.203
020_AAAF,CRGRO048,27,27,2020-06-20T00:00:00Z,33,271,79,0,12,55,1,8,0,183,0,0,0,0,0,0.02,0.046,0.049,0.11,0.112,0.173,0.175,0.197,0.156,0.135,0.178,0.203
020_AAAF,CRGRO048,27,27,2020-06-21T00:00:00Z,34,270,78,0,12,55,1,8,0,183,0,0,0,0,0,0.014,0.045,0.048,0.108,0.11,0.172,0.175,0.197,0.157,0.136,0.178,0.203
020_AAAF,CRGRO048,27,27,2020-06-22T00:00:00Z,35,269,78,0,12,55,1,8,0,183,0,0,0,0,0,0.014,0.044,0.047,0.107,0.109,0.171,0.174,0.196,0.157,0.136,0.178,0.203
020_AAAF,CRGRO048,27,27,2020-06-23T00:00:00Z,36,277,85,0,12,55,2,16,0,183,0,0,0,0,0,0.111,0.062,0.054,0.109,0.107,0.17,0.173,0.196,0.157,0.136,0.178,0.203
020_AAAF,CRGRO048,27,27,2020-06-24T00:00:00Z,37,273,81,0,12,55,2,16,0,183,0,0,0,0,0,0.013,0.053,0.052,0.118,0.118,0.169,0.173,0.196,0.157,0.136,0.178,0.203
020_AAAF,CRGRO048,27,27,2020-06-25T00:00:00Z,38,272,80,0,12,55,2,16,0,183,0,0,0,0,0,0.014,0.052,0.052,0.115,0.116,0.169,0.172,0.196,0.157,0.137,0.178,0.203
020_AAAF,CRGRO048,27,27,2020-06-26T00:00:00Z,39,271,79,0,12,55,2,16,0,183,0,0,0,0,0,0.014,0.05,0.05,0.112,0.112,0.168,0.172,0.196,0.157,0.137,0.178,0.202
020_AAAF,CRGRO048,27,27,2020-06-27T00:00:00Z,40,270,78,0,12,55,2,16,0,183,0,0,0,0,0,0.024,0.048,0.049,0.109,0.109,0.167,0.17,0.196,0.157,0.137,0.178,0.202
020_AAAF,CRGRO048,27,27,2020-06-28T00:00:00Z,41,268,76,0,12,55,2,16,0,183,0,0,0,0,0,0.014,0.046,0.047,0.106,0.107,0.166,0.169,0.195,0.157,0.137,0.178,0.202
020_AAAF,CRGRO048,27,27,2020-06-29T00:00:00Z,42,275,83,0,12,55,3,24,0,183,0,0,0,0,0,0.112,0.062,0.054,0.108,0.104,0.164,0.168,0.195,0.158,0.138,0.178,0.202
020_AAAF,CRGRO048,27,27,2020-06-30T00:00:00Z,43,283,91,0,12,69,3,24,0,183,0,0,0,0,0,0.079,0.096,0.071,0.13,0.119,0.165,0.167,0.194,0.158,0.138,0.178,0.202
020_AAAF,CRGRO048,27,27,2020-07-01T00:00:00Z,44,279,87,0,12,69,3,24,0,183,0,0,0,0,0,0.013,0.065,0.055,0.12,0.116,0.174,0.174,0.196,0.179,0.138,0.178,0.202
020_AAAF,CRGRO048,27,27,2020-07-02T00:00:00Z,45,276,84,0,12,69,3,24,0,183,0,0,0,0,0,0.014,0.051,0.053,0.114,0.115,0.172,0.173,0.196,0.181,0.139,0.178,0.202
020_AAAF,CRGRO048,27,27,2020-07-03T00:00:00Z,46,273,81,0,12,69,3,24,0,183,0,0,0,0,0,0.014,0.048,0.051,0.108,0.109,0.17,0.17,0.195,0.181,0.139,0.178,0.202
020_AAAF,CRGRO048,27,27,2020-07-04T00:00:00Z,47,271,79,0,12,69,3,24,0,183,0,0,0,0,0,0.014,0.046,0.048,0.104,0.105,0.167,0.168,0.194,0.181,0.139,0.178,0.202
020_AAAF,CRGRO048,27,27,2020-07-05T00:00:00Z,48,282,90,0,12,74,4,33,0,183,0.01,0,0,0,0,0.157,0.073,0.058,0.116,0.102,0.164,0.166,0.192,0.18,0.14,0.178,0.202
020_AAAF,CRGRO048,27,27,2020-07-06T00:00:00Z,49,321,129,13,12,128,4,33,0,183,0.01,0,0,12.76,0,0.136,0.148,0.143,0.197,0.156,0.19,0.18,0.196,0.18,0.14,0.178,0.201
020_AAAF,CRGRO048,27,27,2020-07-07T00:00:00Z,50,327,135,13,12,137,4,33,0,183,0.01,0,0,0,0,0.136,0.117,0.113,0.204,0.179,0.214,0.198,0.203,0.196,0.144,0.178,0.201
020_AAAF,CRGRO048,27,27,2020-07-08T00:00:00Z,51,323,132,13,12,137,4,33,0,183,0.01,0,0,0,0,0.05,0.075,0.074,0.15,0.141,0.189,0.183,0.199,0.324,0.189,0.178,0.201
020_AAAF,CRGRO048,27,27,2020-07-09T00:00:00Z,52,322,130,13,12,139,4,33,0,183,0.01,0,0,0,0,0.037,0.063,0.063,0.141,0.138,0.191,0.186,0.201,0.289,0.21,0.194,0.201
020_AAAF,CRGRO048,27,27,2020-07-10T00:00:00Z,53,313,121,13,16,139,4,33,0,183,0.01,0,0,0,0,0.014,0.052,0.052,0.121,0.12,0.178,0.176,0.197,0.288,0.21,0.205,0.205
020_AAAF,CRGRO048,27,27,2020-07-11T00:00:00Z,54,301,110,13,23,139,4,33,0,183,0.01,0,0,0,0,0.014,0.049,0.05,0.108,0.109,0.171,0.172,0.195,0.241,0.21,0.205,0.205
020_AAAF,CRGRO048,27,27,2020-07-12T00:00:00Z,55,291,100,13,29,139,4,33,0,183,0.01,0,0,0,0,0.014,0.045,0.047,0.102,0.103,0.166,0.168,0.193,0.211,0.2,0.205,0.205
020_AAAF,CRGRO048,27,27,2020-07-13T00:00:00Z,56,296,105,13,29,139,5,42,0,183,0.01,0,0,0,0,0.117,0.062,0.053,0.104,0.099,0.162,0.164,0.19,0.199,0.199,0.208,0.207
020_AAAF,CRGRO048,27,27,2020-07-14T00:00:00Z,57,289,97,13,30,139,5,42,0,183,0.01,0,0,0,0,0.027,0.044,0.049,0.116,0.106,0.16,0.162,0.188,0.194,0.195,0.208,0.207
020_AAAF,CRGRO048,27,27,2020-07-15T00:00:00Z,58,285,93,13,30,139,5,42,0,183,0.01,0,0,0,0,0.014,0.043,0.046,0.104,0.102,0.159,0.16,0.187,0.192,0.194,0.208,0.207
020_AAAF,CRGRO048,27,27,2020-07-16T00:00:00Z,59,291,99,13,30,139,6,51,0,183,0.01,0,0,0,0,0.119,0.062,0.052,0.103,0.098,0.156,0.158,0.185,0.19,0.192,0.208,0.207
020_AAAF,CRGRO048,27,27,2020-07-17T00:00:00Z,60,285,93,13,30,139,6,51,0,183,0.01,0,0,0,0,0.04,0.045,0.049,0.116,0.103,0.155,0.157,0.184,0.188,0.191,0.208,0.207
020_AAAF,CRGRO048,27,27,2020-07-18T00:00:00Z,61,280,89,13,30,139,6,51,0,183,0.01,0,0,0,0,0.013,0.043,0.046,0.101,0.1,0.154,0.155,0.182,0.187,0.189,0.208,0.207
020_AAAF,CRGRO048,27,27,2020-07-19T00:00:00Z,62,287,95,13,30,139,7,60,0,183,0.01,0,0,0,0,0.123,0.063,0.052,0.102,0.096,0.152,0.154,0.181,0.185,0.187,0.207,0.207
020_AAAF,CRGRO048,27,27,2020-07-20T00:00:00Z,63,282,90,13,30,139,7,60,0,183,0.02,0,0,0,0,0.045,0.043,0.049,0.116,0.101,0.151,0.153,0.18,0.184,0.186,0.207,0.207
020_AAAF,CRGRO048,27,27,2020-07-21T00:00:00Z,64,276,85,13,30,139,7,60,0,183,0.02,0,0,0,0,0.02,0.041,0.045,0.098,0.098,0.15,0.152,0.179,0.182,0.185,0.207,0.207
020_AAAF,CRGRO048,27,27,2020-07-22T00:00:00Z,65,286,94,13,30,142,8,70,0,183,0.03,0,0,0,0,0.149,0.07,0.054,0.104,0.094,0.149,0.15,0.177,0.18,0.183,0.207,0.207
020_AAAF,CRGRO048,27,27,2020-07-23T00:00:00Z,66,284,93,13,30,144,8,70,0,183,0.03,0,0,0,0,0.096,0.061,0.059,0.119,0.097,0.148,0.15,0.177,0.18,0.183,0.207,0.207
020_AAAF,CRGRO048,27,27,2020-07-24T00:00:00Z,67,280,88,13,30,145,8,70,0,183,0.03,0,0,0,0,0.049,0.054,0.053,0.112,0.103,0.148,0.149,0.176,0.179,0.182,0.207,0.207
020_AAAF,CRGRO048,27,27,2020-07-25T00:00:00Z,68,276,84,13,30,145,8,70,0,183,0.04,0,0,0,0,0.034,0.049,0.048,0.103,0.1,0.148,0.149,0.176,0.178,0.181,0.207,0.207
020_AAAF,CRGRO048,27,27,2020-07-26T00:00:00Z,69,272,80,13,30,145,8,70,0,183,0.04,0,0,0,0,0.016,0.043,0.043,0.096,0.095,0.146,0.147,0.174,0.177,0.18,0.207,0.207
020_AAAF,CRGRO048,27,27,2020-07-27T00:00:00Z,70,279,88,13,30,145,9,81,0,183,0.04,0,0,0,0,0.131,0.064,0.052,0.097,0.092,0.145,0.146,0.173,0.175,0.178,0.207,0.207
020_AAAF,CRGRO048,27,27,2020-07-28T00:00:00Z,71,275,83,13,30,145,9,81,0,183,0.04,0,0,0,0,0.057,0.04,0.049,0.117,0.096,0.145,0.146,0.172,0.175,0.178,0.207,0.207
020_AAAF,CRGRO048,27,27,2020-07-29T00:00:00Z,72,279,87,13,30,151,9,81,0,183,0.06,0,0,0,0,0.1,0.061,0.053,0.11,0.095,0.144,0.145,0.172,0.174,0.177,0.207,0.207
020_AAAF,CRGRO048,27,27,2020-07-30T00:00:00Z,73,276,84,13,30,152,9,81,0,183,0.06,0,0,0,0,0.065,0.055,0.054,0.113,0.094,0.144,0.145,0.172,0.174,0.177,0.207,0.207
020_AAAF,CRGRO048,27,27,2020-07-31T00:00:00Z,74,272,80,13,30,152,9,81,0,183,0.06,0,0,0,0,0.037,0.049,0.049,0.106,0.093,0.144,0.145,0.171,0.173,0.176,0.207,0.207
020_AAAF,CRGRO048,27,27,2020-08-01T00:00:00Z,75,268,76,13,30,152,9,81,0,183,0.06,0,0,0,0,0.021,0.042,0.043,0.095,0.09,0.143,0.144,0.17,0.172,0.175,0.206,0.207
020_AAAF,CRGRO048,27,27,2020-08-02T00:00:00Z,76,276,84,13,30,152,10,92,0,183,0.06,0,0,0,0,0.131,0.065,0.052,0.096,0.088,0.142,0.143,0.169,0.171,0.174,0.206,0.207
020_AAAF,CRGRO048,27,27,2020-08-03T00:00:00Z,77,271,79,13,30,152,10,92,0,183,0.06,0,0,0,0,0.058,0.037,0.048,0.117,0.093,0.141,0.142,0.169,0.171,0.174,0.206,0.207
020_AAAF,CRGRO048,27,27,2020-08-04T00:00:00Z,78,268,76,13,30,152,10,92,0,183,0.08,0,0,0,0,0.045,0.041,0.045,0.1,0.092,0.141,0.142,0.168,0.17,0.173,0.206,0.207
020_AAAF,CRGRO048,27,27,2020-08-05T00:00:00Z,79,274,82,13,30,152,11,101,0,183,0.08,0,0,0,0,0.119,0.065,0.051,0.1,0.089,0.14,0.141,0.167,0.169,0.172,0.206,0.207
020_AAAF,CRGRO048,27,27,2020-08-06T00:00:00Z,80,273,82,13,30,156,11,101,0,183,0.08,0,0,0,0,0.094,0.055,0.056,0.113,0.089,0.14,0.141,0.167,0.169,0.172,0.206,0.207
020_AAAF,CRGRO048,27,27,2020-08-07T00:00:00Z,81,270,78,13,30,156,11,101,0,183,0.09,0,0,0,0,0.053,0.053,0.05,0.111,0.088,0.14,0.141,0.167,0.168,0.172,0.206,0.207
020_AAAF,CRGRO048,27,27,2020-08-08T00:00:00Z,82,266,74,13,30,156,11,101,0,183,0.09,0,0,0,0,0.041,0.047,0.046,0.1,0.087,0.139,0.14,0.166,0.168,0.171,0.206,0.207
020_AAAF,CRGRO048,27,27,2020-08-09T00:00:00Z,83,277,86,13,30,162,12,110,0,183,0.1,0,0,0,0,0.157,0.078,0.057,0.114,0.086,0.139,0.139,0.166,0.167,0.17,0.206,0.207
020_AAAF,CRGRO048,27,27,2020-08-10T00:00:00Z,84,285,93,13,30,172,12,110,0,183,0.1,0,0,0,0,0.156,0.093,0.071,0.131,0.11,0.139,0.139,0.165,0.167,0.17,0.205,0.207
020_AAAF,CRGRO048,27,27,2020-08-11T00:00:00Z,85,281,89,13,30,172,12,110,0,183,0.1,0,0,0,0,0.078,0.06,0.051,0.115,0.116,0.174,0.159,0.165,0.167,0.17,0.205,0.207
020_AAAF,CRGRO048,27,27,2020-08-12T00:00:00Z,86,287,95,13,30,182,12,110,0,183,0.12,0,0,0,0,0.142,0.075,0.061,0.121,0.115,0.172,0.161,0.165,0.167,0.17,0.205,0.207
020_AAAF,CRGRO048,27,27,2020-08-13T00:00:00Z,87,283,91,13,30,182,12,110,0,183,0.12,0,0,0,0,0.081,0.063,0.059,0.121,0.118,0.173,0.162,0.165,0.166,0.17,0.205,0.207
020_AAAF,CRGRO048,27,27,2020-08-14T00:00:00Z,88,287,95,13,30,190,12,110,0,183,0.12,0,0,0,0,0.122,0.071,0.061,0.122,0.118,0.174,0.165,0.165,0.166,0.17,0.205,0.207
020_AAAF,CRGRO048,27,27,2020-08-15T00:00:00Z,89,283,91,13,30,190,12,110,0,183,0.11,0,0,0,0,0.066,0.052,0.052,0.112,0.112,0.171,0.173,0.175,0.166,0.17,0.205,0.207
020_AAAF,CRGRO048,27,27,2020-08-16T00:00:00Z,90,278,86,13,30,190,12,110,0,183,0.11,0,0,0,0,0.04,0.05,0.05,0.105,0.105,0.167,0.168,0.174,0.166,0.17,0.205,0.207
020_AAAF,CRGRO048,27,27,2020-08-17T00:00:00Z,91,273,81,13,30,190,12,110,0,183,0.1,0,0,0,0,0.029,0.045,0.045,0.099,0.099,0.162,0.162,0.174,0.166,0.17,0.205,0.207
020_AAAF,CRGRO048,27,27,2020-08-18T00:00:00Z,92,315,123,15,30,229,13,119,0,183,0.14,0,0,2.34,0,0.158,0.148,0.122,0.172,0.138,0.177,0.168,0.172,0.165,0.169,0.204,0.207
020_AAAF,CRGRO048,27,27,2020-08-19T00:00:00Z,93,308,116,15,33,229,13,119,0,183,0.12,0,0,0,0,0.081,0.084,0.074,0.133,0.12,0.174,0.173,0.196,0.197,0.194,0.205,0.207
020_AAAF,CRGRO048,27,27,2020-08-20T00:00:00Z,94,305,113,15,33,231,13,119,0,183,0.14,0,0,0,0,0.068,0.066,0.064,0.134,0.125,0.178,0.175,0.197,0.195,0.195,0.205,0.207
020_AAAF,CRGRO048,27,27,2020-08-21T00:00:00Z,95,303,111,15,33,231,13,119,0,183,0.14,0,0,0,0,0.056,0.057,0.058,0.128,0.125,0.179,0.177,0.197,0.195,0.195,0.206,0.207
020_AAAF,CRGRO048,27,27,2020-08-22T00:00:00Z,96,302,110,15,34,232,13,119,0,183,0.15,0,0,0,0,0.058,0.056,0.056,0.124,0.123,0.178,0.177,0.197,0.196,0.195,0.206,0.206
020_AAAF,CRGRO048,27,27,2020-08-23T00:00:00Z,97,301,109,15,34,233,13,119,0,183,0.14,0,0,0,0,0.058,0.055,0.054,0.12,0.12,0.176,0.176,0.197,0.196,0.195,0.206,0.206
020_AAAF,CRGRO048,27,27,2020-08-24T00:00:00Z,98,327,135,15,35,261,13,119,0,183,0.15,0,0,0.32,0,0.164,0.145,0.09,0.151,0.135,0.184,0.18,0.198,0.197,0.196,0.206,0.206
020_AAAF,CRGRO048,27,27,2020-08-25T00:00:00Z,99,341,150,16,36,281,13,119,0,183,0.14,0,0,0.1,0,0.156,0.147,0.112,0.184,0.159,0.2,0.19,0.201,0.201,0.198,0.208,0.207
020_AAAF,CRGRO048,27,27,2020-08-26T00:00:00Z,100,337,145,16,37,281,13,119,0,182,0.15,0,0,0,0,0.092,0.098,0.092,0.179,0.166,0.211,0.2,0.204,0.207,0.203,0.21,0.209
020_AAAF,CRGRO048,27,27,2020-08-27T00:00:00Z,101,325,133,16,44,281,13,119,0,182,0.14,0,0,0,0,0.056,0.065,0.063,0.138,0.132,0.186,0.182,0.198,0.292,0.202,0.21,0.209
020_AAAF,CRGRO048,27,27,2020-08-28T00:00:00Z,102,313,122,16,51,281,13,119,0,182,0.13,0,0,0,0,0.046,0.052,0.053,0.121,0.118,0.176,0.174,0.196,0.277,0.201,0.21,0.209
020_AAAF,CRGRO048,27,27,2020-08-29T00:00:00Z,103,303,111,16,59,281,13,119,0,182,0.11,0,0,0,0,0.039,0.051,0.051,0.114,0.113,0.173,0.172,0.195,0.228,0.2,0.21,0.209
020_AAAF,CRGRO048,27,27,2020-08-30T00:00:00Z,104,335,143,18,60,320,13,119,0,182,0.16,0,0,2.14,0,0.161,0.151,0.105,0.16,0.138,0.184,0.178,0.196,0.208,0.204,0.211,0.21
020_AAAF,CRGRO048,27,27,2020-08-31T00:00:00Z,105,333,141,18,63,323,13,119,0,182,0.16,0,0,0,0,0.121,0.106,0.093,0.171,0.153,0.197,0.188,0.199,0.204,0.203,0.211,0.211
020_AAAF,CRGRO048,27,27,2020-09-01T00:00:00Z,106,321,129,18,70,323,13,119,0,182,0.14,0,0,0,0,0.068,0.069,0.063,0.135,0.128,0.181,0.177,0.196,0.271,0.202,0.211,0.211
020_AAAF,CRGRO048,27,27,2020-09-02T00:00:00Z,107,310,118,18,77,323,13,119,0,182,0.13,0,0,0,0,0.047,0.054,0.053,0.12,0.117,0.174,0.175,0.195,0.251,0.201,0.211,0.211
020_AAAF,CRGRO048,27,27,2020-09-03T00:00:00Z,108,298,106,18,84,323,13,119,0,182,0.11,0,0,0,0,0.037,0.051,0.051,0.11,0.11,0.171,0.171,0.193,0.215,0.196,0.208,0.209
020_AAAF,CRGRO048,27,27,2020-09-04T00:00:00Z,109,291,99,18,87,323,13,119,0,183,0.1,0,0,0,0,0.027,0.048,0.048,0.104,0.104,0.167,0.167,0.191,0.2,0.193,0.208,0.207
020_AAAF,CRGRO048,27,27,2020-09-05T00:00:00Z,110,286,94,18,87,323,13,119,0,183,0.09,0,0,0,0,0.018,0.045,0.046,0.1,0.1,0.163,0.164,0.188,0.193,0.191,0.208,0.207
020_AAAF,CRGRO048,27,27,2020-09-06T00:00:00Z,111,292,100,18,87,323,14,129,0,183,0.08,0,0,0,0,0.118,0.064,0.054,0.103,0.098,0.161,0.161,0.186,0.19,0.189,0.208,0.207
020_AAAF,CRGRO048,27,27,2020-09-07T00:00:00Z,112,288,96,18,87,323,14,129,0,183,0.07,0,0,0,0,0.063,0.047,0.05,0.117,0.107,0.159,0.16,0.185,0.188,0.187,0.207,0.207
020_AAAF,CRGRO048,27,27,2020-09-08T00:00:00Z,113,285,93,18,87,323,14,129,0,183,0.07,0,0,0,0,0.044,0.049,0.048,0.107,0.103,0.158,0.159,0.184,0.187,0.186,0.207,0.207
020_AAAF,CRGRO048,27,27,2020-09-09T00:00:00Z,114,293,102,18,87,333,14,129,0,183,0.18,0,0,0,0,0.142,0.072,0.058,0.118,0.101,0.157,0.158,0.183,0.186,0.185,0.207,0.207
020_AAAF,CRGRO048,27,27,2020-09-10T00:00:00Z,115,302,110,18,87,344,14,129,0,183,0.18,0,0,0,0,0.158,0.093,0.071,0.131,0.121,0.16,0.158,0.183,0.185,0.185,0.207,0.207
020_AAAF,CRGRO048,27,27,2020-09-11T00:00:00Z,116,301,110,18,87,346,14,129,0,183,0.19,0,0,0,0,0.112,0.08,0.069,0.138,0.128,0.176,0.16,0.182,0.185,0.185,0.207,0.207
020_AAAF,CRGRO048,27,27,2020-09-12T00:00:00Z,117,298,106,18,87,346,14,129,0,183,0.18,0,0,0,0,0.073,0.066,0.061,0.134,0.128,0.18,0.171,0.182,0.184,0.184,0.207,0.207
020_AAAF,CRGRO048,27,27,2020-09-13T00:00:00Z,118,297,105,18,87,347,14,129,0,183,0.2,0,0,0,0,0.06,0.058,0.058,0.127,0.126,0.18,0.177,0.184,0.184,0.184,0.207,0.207
020_AAAF,CRGRO048,27,27,2020-09-14T00:00:00Z,119,295,103,18,87,348,14,129,0,183,0.19,0,0,0,0,0.056,0.055,0.055,0.12,0.12,0.177,0.176,0.187,0.184,0.184,0.207,0.207
020_AAAF,CRGRO048,27,27,2020-09-15T00:00:00Z,120,296,104,18,87,350,14,129,0,183,0.2,0,0,0,0,0.074,0.059,0.056,0.12,0.118,0.175,0.175,0.188,0.183,0.184,0.207,0.207
020_AAAF,CRGRO048,27,27,2020-09-16T00:00:00Z,121,305,113,18,87,360,14,129,0,183,0.2,0,0,0,0,0.151,0.078,0.064,0.128,0.123,0.177,0.176,0.19,0.183,0.184,0.207,0.207
020_AAAF,CRGRO048,27,27,2020-09-17T00:00:00Z,122,309,117,18,87,367,14,129,0,183,0.18,0,0,0,0,0.151,0.084,0.068,0.135,0.128,0.181,0.178,0.193,0.183,0.184,0.207,0.207
020_AAAF,CRGRO048,27,27,2020-09-18T00:00:00Z,123,303,111,18,92,367,14,129,0,183,0.17,0,0,0,0,0.088,0.064,0.057,0.124,0.121,0.176,0.175,0.196,0.194,0.194,0.207,0.207
020_AAAF,CRGRO048,27,27,2020-09-19T00:00:00Z,124,299,107,18,94,367,14,129,0,183,0.16,0,0,0,0,0.061,0.055,0.054,0.118,0.118,0.175,0.174,0.195,0.194,0.194,0.207,0.207
020_AAAF,CRGRO048,27,27,2020-09-20T00:00:00Z,125,297,105,18,94,367,14,129,0,183,0.14,0,0,0,0,0.051,0.054,0.053,0.116,0.116,0.173,0.173,0.195,0.193,0.193,0.207,0.207
020_AAAF,CRGRO048,27,27,2020-09-21T00:00:00Z,126,294,102,18,94,367,14,129,0,183,0.12,0,0,0,0,0.044,0.052,0.051,0.111,0.111,0.171,0.171,0.193,0.192,0.192,0.207,0.207
020_AAAF,CRGRO048,27,27,2020-09-22T00:00:00Z,127,290,99,18,94,367,14,129,0,183,0.11,0,0,0,0,0.036,0.05,0.049,0.107,0.107,0.168,0.168,0.192,0.19,0.19,0.207,0.207
020_AAAF,CRGRO048,27,27,2020-09-23T00:00:00Z,128,288,96,18,94,367,14,129,0,183,0.09,0,0,0,0,0.032,0.048,0.048,0.104,0.105,0.166,0.166,0.19,0.189,0.189,0.207,0.207
020_AAAF,CRGRO048,27,27,2020-09-24T00:00:00Z,129,285,94,18,94,367,14,129,0,183,0.08,0,0,0,0,0.026,0.046,0.046,0.102,0.102,0.164,0.164,0.189,0.187,0.188,0.207,0.207
020_AAAF,CRGRO048,27,27,2020-09-25T00:00:00Z,130,294,102,18,94,370,15,137,0,183,0.2,0,0,0,0,0.14,0.07,0.056,0.11,0.099,0.161,0.162,0.187,0.185,0.186,0.207,0.207
020_AAAF,CRGRO048,27,27,2020-09-26T00:00:00Z,131,291,99,18,94,370,15,137,0,183,0.18,0,0,0,0,0.075,0.05,0.051,0.116,0.118,0.167,0.161,0.186,0.185,0.185,0.207,0.207
020_AAAF,CRGRO048,27,27,2020-09-27T00:00:00Z,132,290,98,18,94,370,15,137,0,183,0.22,0,0,0,0,0.066,0.055,0.054,0.114,0.116,0.167,0.161,0.185,0.184,0.185,0.207,0.207
020_AAAF,CRGRO048,27,27,2020-09-28T00:00:00Z,133,291,99,18,94,373,15,137,0,183,0.2,0,0,0,0,0.076,0.059,0.055,0.118,0.111,0.165,0.16,0.185,0.184,0.185,0.207,0.207
020_AAAF,CRGRO048,27,27,2020-09-29T00:00:00Z,134,310,118,18,94,394,15,137,0,183,0.21,0,0,0,0,0.161,0.118,0.079,0.14,0.128,0.175,0.163,0.184,0.184,0.184,0.207,0.207
020_AAAF,CRGRO048,27,27,2020-09-30T00:00:00Z,135,303,111,18,97,394,15,137,0,183,0.18,0,0,0,0,0.085,0.074,0.058,0.122,0.117,0.173,0.174,0.196,0.194,0.194,0.206,0.207
020_AAAF,CRGRO048,27,27,2020-10-01T00:00:00Z,136,297,105,18,100,394,15,137,0,183,0.16,0,0,0,0,0.055,0.056,0.053,0.115,0.115,0.172,0.172,0.195,0.193,0.193,0.206,0.207
020_AAAF,CRGRO048,27,27,2020-10-02T00:00:00Z,137,294,102,18,100,394,15,137,0,183,0.14,0,0,0,0,0.047,0.053,0.051,0.111,0.111,0.17,0.17,0.194,0.192,0.192,0.206,0.207
020_AAAF,CRGRO048,27,27,2020-10-03T00:00:00Z,138,292,100,18,100,394,15,137,0,183,0.12,0,0,0,0,0.042,0.052,0.05,0.108,0.108,0.168,0.169,0.192,0.191,0.191,0.206,0.207
020_AAAF,CRGRO048,27,27,2020-10-04T00:00:00Z,139,289,97,18,100,394,15,137,0,183,0.1,0,0,0,0,0.036,0.05,0.048,0.105,0.105,0.166,0.167,0.191,0.189,0.19,0.206,0.207
020_AAAF,CRGRO048,27,27,2020-10-05T00:00:00Z,140,287,95,18,100,394,15,137,0,183,0.09,0,0,0,0,0.031,0.048,0.047,0.103,0.103,0.164,0.165,0.189,0.188,0.189,0.206,0.207
020_AAAF,CRGRO048,27,27,2020-10-06T00:00:00Z,141,285,93,18,100,394,15,137,0,183,0.08,0,0,0,0,0.027,0.046,0.046,0.101,0.101,0.163,0.163,0.188,0.187,0.187,0.206,0.207
020_AAAF,CRGRO048,27,27,2020-10-07T00:00:00Z,142,289,97,18,100,394,16,146,0,183,0.07,0,0,0,0,0.113,0.064,0.053,0.103,0.098,0.16,0.16,0.185,0.184,0.185,0.206,0.207
020_AAAF,CRGRO048,27,27,2020-10-08T00:00:00Z,143,285,93,18,100,394,16,146,0,183,0.06,0,0,0,0,0.055,0.045,0.049,0.116,0.104,0.158,0.159,0.184,0.183,0.184,0.206,0.207
020_AAAF,CRGRO048,27,27,2020-10-09T00:00:00Z,144,282,90,18,100,394,16,146,0,183,0.05,0,0,0,0,0.046,0.044,0.047,0.107,0.101,0.157,0.158,0.183,0.182,0.183,0.206,0.207
020_AAAF,CRGRO048,27,27,2020-10-10T00:00:00Z,145,289,97,18,100,405,16,146,0,183,0.22,0,0,0,0,0.137,0.07,0.055,0.112,0.098,0.155,0.156,0.181,0.181,0.181,0.206,0.207
020_AAAF,CRGRO048,27,27,2020-10-11T00:00:00Z,146,285,93,18,100,405,16,146,0,183,0.19,0,0,0,0,0.078,0.057,0.057,0.117,0.102,0.154,0.155,0.181,0.18,0.181,0.206,0.207
020_AAAF,CRGRO048,28,28,2020-05-18T00:00:00Z,0,256,64,0,0,0,0,0,0,174,0,0,0,0,0,0.086,0.086,0.086,0.086,0.086,0.118,0.118,0.135,0.129,0.129,0.178,0.258
020_AAAF,CRGRO048,28,28,2020-05-19T00:00:00Z,1,252,61,0,7,0,1,8,0,179,0,0,0,0,0,0.064,0.086,0.079,0.13,0.1,0.118,0.118,0.135,0.129,0.129,0.178,0.228
020_AAAF,CRGRO048,28,28,2020-05-20T00:00:00Z,2,265,73,0,10,17,1,8,0,181,0,0,0,0,0,0.145,0.114,0.088,0.154,0.131,0.135,0.118,0.135,0.129,0.129,0.178,0.214
020_AAAF,CRGRO048,28,28,2020-05-21T00:00:00Z,3,264,72,0,12,21,1,8,0,182,0,0,0,0,0,0.055,0.095,0.084,0.161,0.146,0.173,0.118,0.135,0.129,0.13,0.178,0.209
020_AAAF,CRGRO048,28,28,2020-05-22T00:00:00Z,4,263,71,0,12,23,1,8,0,183,0,0,0,0,0,0.03,0.074,0.074,0.154,0.149,0.19,0.141,0.135,0.129,0.13,0.178,0.206
020_AAAF,CRGRO048,28,28,2020-05-23T00:00:00Z,5,263,71,0,12,23,1,8,0,183,0,0,0,0,0,0.02,0.061,0.065,0.144,0.145,0.194,0.169,0.135,0.129,0.13,0.178,0.206
020_AAAF,CRGRO048,28,28,2020-05-24T00:00:00Z,6,262,70,0,12,23,1,8,0,183,0,0,0,0,0,0.014,0.056,0.058,0.129,0.129,0.182,0.174,0.155,0.129,0.13,0.178,0.206
020_AAAF,CRGRO048,28,28,2020-05-25T00:00:00Z,7,264,72,0,12,25,1,8,0,183,0,0,0,0,0,0.05,0.055,0.055,0.125,0.126,0.181,0.178,0.158,0.129,0.13,0.178,0.206
020_AAAF,CRGRO048,28,28,2020-05-26T00:00:00Z,8,265,73,0,12,28,1,8,0,183,0,0,0,0,0,0.045,0.061,0.057,0.125,0.125,0.18,0.179,0.161,0.129,0.13,0.178,0.206
020_AAAF,CRGRO048,28,28,2020-05-27T00:00:00Z,9,264,72,0,12,28,1,8,0,183,0,0,0,0,0,0.02,0.056,0.056,0.124,0.124,0.179,0.179,0.164,0.129,0.131,0.178,0.206
020_AAAF,CRGRO048,28,28,2020-05-28T00:00:00Z,10,264,72,0,12,28,1,8,0,183,0,0,0,0,0,0.014,0.055,0.056,0.121,0.121,0.176,0.176,0.169,0.129,0.131,0.178,0.206
020_AAAF,CRGRO048,28,28,2020-05-29T00:00:00Z,11,264,72,0,12,28,1,8,0,183,0,0,0,0,0,0.014,0.055,0.056,0.121,0.121,0.176,0.175,0.169,0.13,0.131,0.178,0.205
020_AAAF,CRGRO048,28,28,2020-05-30T00:00:00Z,12,264,72,0,12,28,1,8,0,183,0,0,0,0,0,0.014,0.054,0.056,0.121,0.121,0.176,0.175,0.169,0.13,0.131,0.178,0.205
020_AAAF,CRGRO048,28,28,2020-05-31T00:00:00Z,13,264,72,0,12,28,1,8,0,183,0,0,0,0,0,0.014,0.054,0.056,0.121,0.121,0.176,0.175,0.169,0.13,0.131,0.178,0.205
020_AAAF,CRGRO048,28,28,2020-06-01T00:00:00Z,14,263,72,0,12,28,1,8,0,183,0,0,0,0,0,0.014,0.053,0.055,0.121,0.121,0.176,0.175,0.169,0.13,0.132,0.178,0.205
020_AAAF,CRGRO048,28,28,2020-06-02T00:00:00Z,15,263,71,0,12,28,1,8,0,183,0,0,0,0,0,0.014,0.052,0.055,0.121,0.121,0.176,0.175,0.169,0.13,0.132,0.178,0.205
020_AAAF,CRGRO048,28,28,2020-06-03T00:00:00Z,16,263,71,0,12,28,1,8,0,183,0,0,0,0,0,0.014,0.051,0.055,0.121,0.121,0.176,0.175,0.169,0.13,0.132,0.178,0.205
020_AAAF,CRGRO048,28,28,2020-06-04T00:00:00Z,17,263,71,0,12,28,1,8,0,183,0,0,0,0,0,0.014,0.05,0.054,0.121,0.121,0.176,0.174,0.169,0.13,0.132,0.178,0.205
020_AAAF,CRGRO048,28,28,2020-06-05T00:00:00Z,18,263,71,0,12,28,1,8,0,183,0,0,0,0,0,0.014,0.049,0.054,0.121,0.121,0.176,0.174,0.169,0.131,0.132,0.178,0.205
020_AAAF,CRGRO048,28,28,2020-06-06T00:00:00Z,19,263,71,0,12,29,1,8,0,183,0,0,0,0,0,0.024,0.048,0.053,0.12,0.121,0.176,0.174,0.169,0.131,0.132,0.178,0.205
020_AAAF,CRGRO048,28,28,2020-06-07T00:00:00Z,20,273,81,0,12,39,1,8,0,183,0,0,0,0,0,0.125,0.07,0.06,0.126,0.124,0.177,0.176,0.171,0.131,0.133,0.178,0.204
020_AAAF,CRGRO048,28,28,2020-06-08T00:00:00Z,21,271,79,0,12,42,1,8,0,183,0,0,0,0,0,0.024,0.072,0.064,0.131,0.128,0.18,0.178,0.173,0.131,0.133,0.178,0.204
020_AAAF,CRGRO048,28,28,2020-06-09T00:00:00Z,22,279,87,0,12,50,1,8,0,183,0,0,0,0,0,0.107,0.074,0.066,0.136,0.132,0.183,0.181,0.178,0.131,0.133,0.178,0.204
020_AAAF,CRGRO048,28,28,2020-06-10T00:00:00Z,23,276,84,0,12,51,1,8,0,183,0,0,0,0,0,0.013,0.068,0.064,0.136,0.133,0.186,0.183,0.184,0.131,0.133,0.178,0.204
020_AAAF,CRGRO048,28,28,2020-06-11T00:00:00Z,24,278,86,0,12,53,1,8,0,183,0,0,0,0,0,0.057,0.058,0.059,0.132,0.132,0.186,0.184,0.191,0.132,0.133,0.178,0.204
020_AAAF,CRGRO048,28,28,2020-06-12T00:00:00Z,25,276,84,0,12,53,1,8,0,183,0,0,0,0,0,0.015,0.056,0.057,0.127,0.128,0.184,0.183,0.198,0.132,0.133,0.178,0.204
020_AAAF,CRGRO048,28,28,2020-06-13T00:00:00Z,26,275,83,0,12,53,1,8,0,183,0,0,0,0,0,0.014,0.054,0.054,0.121,0.122,0.178,0.178,0.198,0.152,0.134,0.178,0.204
020_AAAF,CRGRO048,28,28,2020-06-14T00:00:00Z,27,275,83,0,12,53,1,8,0,183,0,0,0,0,0,0.014,0.053,0.053,0.119,0.121,0.176,0.176,0.197,0.156,0.134,0.178,0.204
020_AAAF,CRGRO048,28,28,2020-06-15T00:00:00Z,28,274,82,0,12,53,1,8,0,183,0,0,0,0,0,0.014,0.052,0.052,0.118,0.12,0.175,0.176,0.197,0.156,0.134,0.178,0.204
020_AAAF,CRGRO048,28,28,2020-06-16T00:00:00Z,29,274,82,0,12,53,1,8,0,183,0,0,0,0,0,0.014,0.051,0.052,0.117,0.119,0.175,0.176,0.197,0.156,0.134,0.178,0.203
020_AAAF,CRGRO048,28,28,2020-06-17T00:00:00Z,30,273,81,0,12,53,1,8,0,183,0,0,0,0,0,0.014,0.049,0.051,0.115,0.117,0.175,0.176,0.197,0.156,0.135,0.178,0.203
020_AAAF,CRGRO048,28,28,2020-06-18T00:00:00Z,31,273,81,0,12,53,1,8,0,183,0,0,0,0,0,0.014,0.048,0.05,0.114,0.116,0.175,0.175,0.197,0.156,0.135,0.178,0.203
020_AAAF,CRGRO048,28,28,2020-06-19T00:00:00Z,32,273,81,0,12,54,1,8,0,183,0,0,0,0,0,0.03,0.047,0.049,0.112,0.114,0.174,0.175,0.197,0.156,0.135,0.178,0.203
020_AAAF,CRGRO048,28,28,2020-06-20T00:00:00Z,33,271,79,0,12,55,1,8,0,183,0,0,0,0,0,0.02,0.046,0.049,0.11,0.112,0.173,0.175,0.197,0.156,0.135,0.178,0.203
020_AAAF,CRGRO048,28,28,2020-06-21T00:00:00Z,34,270,78,0,12,55,1,8,0,183,0,0,0,0,0,0.014,0.045,0.048,0.108,0.11,0.172,0.175,0.197,0.157,0.136,0.178,0.203
020_AAAF,CRGRO048,28,28,2020-06-22T00:00:00Z,35,269,78,0,12,55,1,8,0,183,0,0,0,0,0,0.014,0.044,0.047,0.107,0.109,0.171,0.174,0.196,0.157,0.136,0.178,0.203
020_AAAF,CRGRO048,28,28,2020-06-23T00:00:00Z,36,269,77,0,12,55,1,8,0,183,0,0,0,0,0,0.014,0.043,0.046,0.105,0.107,0.17,0.173,0.196,0.157,0.136,0.178,0.203
020_AAAF,CRGRO048,28,28,2020-06-24T00:00:00Z,37,268,76,0,12,55,1,8,0,183,0,0,0,0,0,0.014,0.042,0.045,0.104,0.106,0.169,0.172,0.196,0.157,0.136,0.178,0.203
020_AAAF,CRGRO048,28,28,2020-06-25T00:00:00Z,38,267,75,0,12,55,1,8,0,183,0,0,0,0,0,0.014,0.041,0.044,0.103,0.104,0.168,0.171,0.196,0.157,0.137,0.178,0.203
020_AAAF,CRGRO048,28,28,2020-06-26T00:00:00Z,39,266,74,0,12,55,1,8,0,183,0,0,0,0,0,0.014,0.04,0.043,0.101,0.103,0.166,0.17,0.196,0.157,0.137,0.178,0.202
020_AAAF,CRGRO048,28,28,2020-06-27T00:00:00Z,40,266,74,0,12,55,1,8,0,183,0,0,0,0,0,0.024,0.039,0.043,0.1,0.102,0.165,0.169,0.195,0.157,0.137,0.178,0.202
020_AAAF,CRGRO048,28,28,2020-06-28T00:00:00Z,41,265,73,0,12,55,1,8,0,183,0,0,0,0,0,0.014,0.039,0.042,0.099,0.101,0.164,0.168,0.195,0.157,0.137,0.178,0.202
020_AAAF,CRGRO048,28,28,2020-06-29T00:00:00Z,42,264,72,0,12,55,1,8,0,183,0,0,0,0,0,0.014,0.038,0.041,0.098,0.099,0.163,0.167,0.194,0.158,0.138,0.178,0.202
020_AAAF,CRGRO048,28,28,2020-06-30T00:00:00Z,43,277,85,0,12,69,1,8,0,183,0,0,0,0,0,0.161,0.072,0.055,0.103,0.098,0.162,0.165,0.194,0.158,0.138,0.178,0.202
020_AAAF,CRGRO048,28,28,2020-07-01T00:00:00Z,44,271,79,0,12,69,1,8,0,183,0,0,0,0,0,0.013,0.053,0.053,0.118,0.119,0.165,0.165,0.193,0.158,0.138,0.178,0.202
020_AAAF,CRGRO048,28,28,2020-07-02T00:00:00Z,45,269,78,0,12,69,1,8,0,183,0,0,0,0,0,0.014,0.051,0.052,0.113,0.113,0.165,0.164,0.193,0.158,0.138,0.178,0.202
020_AAAF,CRGRO048,28,28,2020-07-03T00:00:00Z,46,267,76,0,12,69,1,8,0,183,0,0,0,0,0,0.014,0.048,0.05,0.108,0.109,0.163,0.163,0.192,0.158,0.139,0.178,0.202
020_AAAF,CRGRO048,28,28,2020-07-04T00:00:00Z,47,266,74,0,12,69,1,8,0,183,0.01,0,0,0,0,0.014,0.046,0.047,0.104,0.105,0.162,0.162,0.191,0.158,0.139,0.178,0.202
020_AAAF,CRGRO048,28,28,2020-07-05T00:00:00Z,48,269,77,0,12,74,1,8,0,183,0.01,0,0,0,0,0.079,0.054,0.049,0.102,0.102,0.161,0.161,0.19,0.158,0.139,0.178,0.202
020_AAAF,CRGRO048,28,28,2020-07-06T00:00:00Z,49,310,118,11,12,128,1,8,0,183,0.01,0,0,10.63,0,0.127,0.15,0.13,0.181,0.146,0.183,0.174,0.19,0.158,0.139,0.178,0.201
020_AAAF,CRGRO048,28,28,2020-07-07T00:00:00Z,50,316,124,11,12,137,1,8,0,183,0.01,0,0,0,0,0.129,0.116,0.108,0.193,0.17,0.206,0.192,0.198,0.166,0.14,0.178,0.201
020_AAAF,CRGRO048,28,28,2020-07-08T00:00:00Z,51,312,120,11,12,137,1,8,0,183,0.01,0,0,0,0,0.039,0.076,0.072,0.146,0.137,0.186,0.18,0.198,0.267,0.185,0.178,0.201
020_AAAF,CRGRO048,28,28,2020-07-09T00:00:00Z,52,311,119,11,12,139,1,8,0,183,0.01,0,0,0,0,0.042,0.061,0.062,0.138,0.135,0.188,0.184,0.199,0.23,0.208,0.192,0.201
020_AAAF,CRGRO048,28,28,2020-07-10T00:00:00Z,53,303,111,11,16,139,1,8,0,183,0.01,0,0,0,0,0.014,0.052,0.053,0.12,0.119,0.177,0.175,0.196,0.22,0.208,0.205,0.205
020_AAAF,CRGRO048,28,28,2020-07-11T00:00:00Z,54,295,103,11,19,139,1,8,0,183,0.01,0,0,0,0,0.014,0.049,0.05,0.109,0.11,0.173,0.172,0.195,0.204,0.2,0.205,0.205
020_AAAF,CRGRO048,28,28,2020-07-12T00:00:00Z,55,289,98,11,21,139,1,8,0,183,0.01,0,0,0,0,0.014,0.046,0.047,0.103,0.104,0.168,0.168,0.193,0.197,0.196,0.205,0.205
020_AAAF,CRGRO048,28,28,2020-07-13T00:00:00Z,56,286,94,11,21,139,1,8,0,183,0.01,0,0,0,0,0.014,0.043,0.045,0.1,0.1,0.164,0.165,0.191,0.195,0.195,0.205,0.205
020_AAAF,CRGRO048,28,28,2020-07-14T00:00:00Z,57,283,91,11,21,139,1,8,0,183,0.01,0,0,0,0,0.014,0.041,0.043,0.097,0.097,0.161,0.162,0.189,0.193,0.194,0.205,0.205
020_AAAF,CRGRO048,28,28,2020-07-15T00:00:00Z,58,280,88,11,21,139,1,8,0,183,0.01,0,0,0,0,0.014,0.039,0.041,0.095,0.095,0.158,0.159,0.186,0.19,0.192,0.205,0.205
020_AAAF,CRGRO048,28,28,2020-07-16T00:00:00Z,59,278,86,11,21,139,1,8,0,183,0.01,0,0,0,0,0.014,0.038,0.039,0.093,0.093,0.156,0.157,0.184,0.188,0.19,0.205,0.205
020_AAAF,CRGRO048,28,28,2020-07-17T00:00:00Z,60,275,83,11,21,139,1,8,0,183,0.01,0,0,0,0,0.014,0.036,0.038,0.091,0.091,0.154,0.155,0.183,0.186,0.188,0.205,0.205
020_AAAF,CRGRO048,28,28,2020-07-18T00:00:00Z,61,273,81,11,21,139,1,8,0,183,0.01,0,0,0,0,0.014,0.035,0.036,0.089,0.09,0.152,0.153,0.181,0.184,0.186,0.205,0.205
020_AAAF,CRGRO048,28,28,2020-07-19T00:00:00Z,62,271,79,11,21,139,1,8,0,183,0.01,0,0,0,0,0.014,0.034,0.035,0.088,0.088,0.15,0.152,0.179,0.182,0.184,0.205,0.205
020_AAAF,CRGRO048,28,28,2020-07-20T00:00:00Z,63,269,77,11,21,139,1,8,0,183,0.02,0,0,0,0,0.014,0.033,0.034,0.086,0.087,0.149,0.15,0.178,0.18,0.182,0.205,0.205
020_AAAF,CRGRO048,28,28,2020-07-21T00:00:00Z,64,267,75,11,21,139,1,8,0,183,0.02,0,0,0,0,0.014,0.032,0.033,0.085,0.086,0.148,0.149,0.176,0.178,0.181,0.205,0.205
020_AAAF,CRGRO048,28,28,2020-07-22T00:00:00Z,65,268,76,11,21,142,1,8,0,183,0.03,0,0,0,0,0.06,0.035,0.032,0.084,0.085,0.146,0.148,0.175,0.177,0.179,0.205,0.205
020_AAAF,CRGRO048,28,28,2020-07-23T00:00:00Z,66,267,76,11,21,144,1,8,0,183,0.03,0,0,0,0,0.042,0.05,0.031,0.083,0.084,0.145,0.147,0.174,0.175,0.178,0.205,0.205
020_AAAF,CRGRO048,28,28,2020-07-24T00:00:00Z,67,264,72,11,21,145,1,8,0,183,0.04,0,0,0,0,0.019,0.043,0.031,0.082,0.083,0.144,0.145,0.172,0.174,0.177,0.205,0.205
020_AAAF,CRGRO048,28,28,2020-07-25T00:00:00Z,68,262,70,11,21,145,1,8,0,183,0.04,0,0,0,0,0.014,0.039,0.03,0.081,0.082,0.143,0.144,0.171,0.173,0.175,0.204,0.205
020_AAAF,CRGRO048,28,28,2020-07-26T00:00:00Z,69,261,69,11,21,145,1,8,0,183,0.04,0,0,0,0,0.014,0.037,0.029,0.08,0.081,0.142,0.143,0.17,0.172,0.174,0.204,0.205
020_AAAF,CRGRO048,28,28,2020-07-27T00:00:00Z,70,260,68,11,21,145,1,8,0,183,0.04,0,0,0,0,0.014,0.035,0.029,0.08,0.08,0.141,0.143,0.169,0.171,0.173,0.204,0.205
020_AAAF,CRGRO048,28,28,2020-07-28T00:00:00Z,71,258,67,11,21,145,1,8,0,183,0.04,0,0,0,0,0.014,0.033,0.028,0.079,0.08,0.14,0.142,0.168,0.17,0.172,0.204,0.205
020_AAAF,CRGRO048,28,28,2020-07-29T00:00:00Z,72,284,92,11,21,151,2,28,0,183,0.07,0,0,0,0,0.167,0.119,0.07,0.117,0.079,0.139,0.141,0.168,0.169,0.171,0.204,0.205
020_AAAF,CRGRO048,28,28,2020-07-30T00:00:00Z,73,282,90,11,21,152,2,28,0,183,0.07,0,0,0,0,0.085,0.088,0.07,0.134,0.107,0.139,0.141,0.167,0.169,0.171,0.204,0.205
020_AAAF,CRGRO048,28,28,2020-07-31T00:00:00Z,74,277,85,11,21,152,2,28,0,183,0.07,0,0,0,0,0.03,0.061,0.054,0.119,0.117,0.174,0.141,0.167,0.168,0.171,0.204,0.205
020_AAAF,CRGRO048,28,28,2020-08-01T00:00:00Z,75,272,81,11,21,152,2,28,0,183,0.07,0,0,0,0,0.014,0.049,0.051,0.108,0.109,0.169,0.143,0.167,0.168,0.171,0.204,0.205
020_AAAF,CRGRO048,28,28,2020-08-02T00:00:00Z,76,269,77,11,21,152,2,28,0,183,0.07,0,0,0,0,0.014,0.045,0.046,0.1,0.1,0.163,0.143,0.167,0.168,0.171,0.204,0.205
020_AAAF,CRGRO048,28,28,2020-08-03T00:00:00Z,77,265,73,11,21,152,2,28,0,183,0.07,0,0,0,0,0.014,0.04,0.041,0.094,0.094,0.157,0.142,0.166,0.167,0.17,0.204,0.205
020_AAAF,CRGRO048,28,28,2020-08-04T00:00:00Z,78,263,71,11,21,152,2,28,0,183,0.1,0,0,0,0,0.023,0.037,0.038,0.091,0.091,0.153,0.142,0.165,0.166,0.169,0.203,0.205
020_AAAF,CRGRO048,28,28,2020-08-05T00:00:00Z,79,260,68,11,21,152,2,28,0,183,0.1,0,0,0,0,0.014,0.035,0.036,0.088,0.088,0.15,0.141,0.164,0.165,0.169,0.203,0.205
020_AAAF,CRGRO048,28,28,2020-08-06T00:00:00Z,80,262,70,11,21,156,2,28,0,183,0.1,0,0,0,0,0.068,0.042,0.034,0.086,0.086,0.148,0.14,0.164,0.165,0.168,0.203,0.205
020_AAAF,CRGRO048,28,28,2020-08-07T00:00:00Z,81,259,67,11,21,156,2,28,0,183,0.1,0,0,0,0,0.024,0.044,0.033,0.084,0.085,0.146,0.139,0.163,0.164,0.167,0.203,0.205
020_AAAF,CRGRO048,28,28,2020-08-08T00:00:00Z,82,257,65,11,21,156,2,28,0,183,0.1,0,0,0,0,0.014,0.039,0.032,0.083,0.083,0.145,0.139,0.162,0.163,0.166,0.203,0.205
020_AAAF,CRGRO048,28,28,2020-08-09T00:00:00Z,83,261,69,11,21,162,2,28,0,183,0.11,0,0,0,0,0.084,0.052,0.033,0.082,0.082,0.143,0.138,0.162,0.162,0.166,0.203,0.205
020_AAAF,CRGRO048,28,28,2020-08-10T00:00:00Z,84,268,76,11,21,172,2,28,0,183,0.11,0,0,0,0,0.136,0.071,0.054,0.085,0.082,0.142,0.138,0.161,0.162,0.165,0.203,0.205
020_AAAF,CRGRO048,28,28,2020-08-11T00:00:00Z,85,264,72,11,21,172,2,28,0,183,0.1,0,0,0,0,0.052,0.042,0.049,0.119,0.083,0.142,0.137,0.161,0.162,0.165,0.203,0.205
020_AAAF,CRGRO048,28,28,2020-08-12T00:00:00Z,86,270,78,11,21,182,2,28,0,183,0.12,0,0,0,0,0.12,0.069,0.056,0.108,0.09,0.141,0.137,0.161,0.162,0.165,0.202,0.205
020_AAAF,CRGRO048,28,28,2020-08-13T00:00:00Z,87,266,74,11,21,182,2,28,0,183,0.13,0,0,0,0,0.054,0.052,0.055,0.116,0.091,0.141,0.137,0.161,0.162,0.165,0.202,0.205
020_AAAF,CRGRO048,28,28,2020-08-14T00:00:00Z,88,270,78,11,21,190,2,28,0,183,0.13,0,0,0,0,0.098,0.066,0.055,0.112,0.098,0.141,0.137,0.161,0.161,0.165,0.202,0.205
020_AAAF,CRGRO048,28,28,2020-08-15T00:00:00Z,89,265,73,11,21,190,2,28,0,183,0.12,0,0,0,0,0.041,0.044,0.051,0.112,0.109,0.141,0.137,0.161,0.161,0.165,0.202,0.205
020_AAAF,CRGRO048,28,28,2020-08-16T00:00:00Z,90,261,69,11,21,190,2,28,0,183,0.11,0,0,0,0,0.015,0.042,0.046,0.101,0.101,0.14,0.137,0.16,0.161,0.165,0.202,0.205
020_AAAF,CRGRO048,28,28,2020-08-17T00:00:00Z,91,257,65,11,21,190,2,28,0,183,0.1,0,0,0,0,0.014,0.038,0.041,0.093,0.093,0.14,0.136,0.16,0.16,0.165,0.202,0.205
020_AAAF,CRGRO048,28,28,2020-08-18T00:00:00Z,92,293,101,13,21,229,2,28,0,183,0.15,0,0,2.05,0,0.167,0.15,0.094,0.145,0.121,0.147,0.136,0.159,0.16,0.164,0.202,0.205
020_AAAF,CRGRO048,28,28,2020-08-19T00:00:00Z,93,288,96,13,21,229,2,28,0,183,0.13,0,0,0,0,0.072,0.085,0.063,0.123,0.114,0.174,0.174,0.181,0.16,0.164,0.202,0.205
020_AAAF,CRGRO048,28,28,2020-08-20T00:00:00Z,94,286,94,13,21,231,2,28,0,183,0.15,0,0,0,0,0.053,0.065,0.06,0.124,0.12,0.174,0.173,0.182,0.16,0.164,0.201,0.205
020_AAAF,CRGRO048,28,28,2020-08-21T00:00:00Z,95,284,92,13,21,231,2,28,0,183,0.15,0,0,0,0,0.043,0.055,0.056,0.122,0.119,0.175,0.175,0.182,0.16,0.164,0.201,0.205
020_AAAF,CRGRO048,28,28,2020-08-22T00:00:00Z,96,283,91,13,21,232,2,28,0,183,0.15,0,0,0,0,0.049,0.054,0.054,0.119,0.118,0.174,0.176,0.182,0.16,0.164,0.201,0.205
020_AAAF,CRGRO048,28,28,2020-08-23T00:00:00Z,97,282,90,13,21,233,2,28,0,183,0.15,0,0,0,0,0.049,0.054,0.055,0.116,0.115,0.173,0.174,0.181,0.16,0.165,0.201,0.205
020_AAAF,CRGRO048,28,28,2020-08-24T00:00:00Z,98,309,117,13,21,261,2,28,0,183,0.16,0,0,0.24,0,0.16,0.142,0.089,0.148,0.133,0.181,0.177,0.184,0.16,0.165,0.201,0.205
020_AAAF,CRGRO048,28,28,2020-08-25T00:00:00Z,99,324,132,13,21,281,2,28,0,183,0.16,0,0,0.06,0,0.145,0.147,0.11,0.182,0.157,0.198,0.188,0.195,0.16,0.165,0.201,0.205
020_AAAF,CRGRO048,28,28,2020-08-26T00:00:00Z,100,321,129,13,21,281,2,28,0,183,0.17,0,0,0,0,0.078,0.097,0.091,0.178,0.164,0.209,0.198,0.202,0.18,0.165,0.201,0.205
020_AAAF,CRGRO048,28,28,2020-08-27T00:00:00Z,101,315,123,13,22,281,2,28,0,183,0.15,0,0,0,0,0.039,0.065,0.063,0.137,0.132,0.185,0.181,0.197,0.255,0.194,0.205,0.205
020_AAAF,CRGRO048,28,28,2020-08-28T00:00:00Z,102,303,111,13,29,281,2,28,0,183,0.13,0,0,0,0,0.019,0.053,0.053,0.121,0.119,0.176,0.174,0.196,0.239,0.193,0.205,0.205
020_AAAF,CRGRO048,28,28,2020-08-29T00:00:00Z,103,296,104,13,33,281,2,28,0,183,0.12,0,0,0,0,0.014,0.051,0.052,0.115,0.113,0.173,0.172,0.194,0.211,0.193,0.205,0.205
020_AAAF,CRGRO048,28,28,2020-08-30T00:00:00Z,104,330,139,15,33,320,2,28,0,183,0.17,0,0,1.85,0,0.167,0.15,0.102,0.158,0.137,0.183,0.178,0.197,0.2,0.196,0.206,0.207
020_AAAF,CRGRO048,28,28,2020-08-31T00:00:00Z,105,330,138,15,34,323,2,28,0,183,0.17,0,0,0,0,0.118,0.107,0.093,0.17,0.153,0.196,0.187,0.2,0.201,0.199,0.208,0.207
020_AAAF,CRGRO048,28,28,2020-09-01T00:00:00Z,106,318,126,15,41,323,2,28,0,183,0.15,0,0,0,0,0.057,0.07,0.064,0.135,0.128,0.181,0.177,0.196,0.267,0.198,0.208,0.207
020_AAAF,CRGRO048,28,28,2020-09-02T00:00:00Z,107,307,115,15,49,323,2,28,0,183,0.13,0,0,0,0,0.036,0.055,0.054,0.12,0.118,0.174,0.173,0.195,0.248,0.197,0.208,0.207
020_AAAF,CRGRO048,28,28,2020-09-03T00:00:00Z,108,297,105,15,54,323,2,28,0,183,0.12,0,0,0,0,0.016,0.052,0.052,0.112,0.111,0.171,0.171,0.194,0.214,0.194,0.208,0.207
020_AAAF,CRGRO048,28,28,2020-09-04T00:00:00Z,109,291,99,15,55,323,2,28,0,183,0.1,0,0,0,0,0.014,0.049,0.049,0.106,0.105,0.167,0.167,0.191,0.2,0.192,0.208,0.207
020_AAAF,CRGRO048,28,28,2020-09-05T00:00:00Z,110,286,94,15,56,323,2,28,0,183,0.09,0,0,0,0,0.014,0.045,0.046,0.101,0.101,0.163,0.164,0.188,0.193,0.191,0.208,0.207
020_AAAF,CRGRO048,28,28,2020-09-06T00:00:00Z,111,283,91,15,56,323,2,28,0,183,0.08,0,0,0,0,0.014,0.044,0.044,0.099,0.099,0.161,0.161,0.187,0.19,0.189,0.208,0.207
020_AAAF,CRGRO048,28,28,2020-09-07T00:00:00Z,112,280,88,15,56,323,2,28,0,183,0.07,0,0,0,0,0.014,0.041,0.042,0.096,0.096,0.158,0.159,0.184,0.186,0.186,0.207,0.207
020_AAAF,CRGRO048,28,28,2020-09-08T00:00:00Z,113,277,85,15,56,323,2,28,0,183,0.06,0,0,0,0,0.014,0.039,0.04,0.093,0.093,0.156,0.156,0.182,0.183,0.183,0.207,0.207
020_AAAF,CRGRO048,28,28,2020-09-09T00:00:00Z,114,285,93,15,56,333,2,28,0,183,0.19,0,0,0,0,0.132,0.065,0.052,0.092,0.092,0.154,0.155,0.181,0.182,0.182,0.207,0.207
020_AAAF,CRGRO048,28,28,2020-09-10T00:00:00Z,115,294,102,15,56,344,2,28,0,183,0.17,0,0,0,0,0.155,0.085,0.067,0.122,0.097,0.154,0.154,0.18,0.181,0.181,0.207,0.207
020_AAAF,CRGRO048,28,28,2020-09-11T00:00:00Z,116,293,101,15,56,346,2,28,0,183,0.19,0,0,0,0,0.107,0.076,0.065,0.131,0.119,0.153,0.154,0.18,0.181,0.181,0.207,0.207
020_AAAF,CRGRO048,28,28,2020-09-12T00:00:00Z,117,290,98,15,56,346,2,28,0,183,0.19,0,0,0,0,0.065,0.063,0.059,0.128,0.122,0.165,0.154,0.179,0.18,0.181,0.207,0.207
020_AAAF,CRGRO048,28,28,2020-09-13T00:00:00Z,118,288,97,15,56,347,2,28,0,183,0.19,0,0,0,0,0.053,0.056,0.056,0.123,0.12,0.172,0.154,0.179,0.18,0.181,0.207,0.207
020_AAAF,CRGRO048,28,28,2020-09-14T00:00:00Z,119,286,95,15,56,348,2,28,0,183,0.2,0,0,0,0,0.049,0.054,0.054,0.117,0.115,0.173,0.154,0.179,0.18,0.181,0.207,0.207
020_AAAF,CRGRO048,28,28,2020-09-15T00:00:00Z,120,287,96,15,56,350,2,28,0,183,0.2,0,0,0,0,0.068,0.057,0.054,0.119,0.113,0.172,0.154,0.179,0.18,0.181,0.207,0.207
020_AAAF,CRGRO048,28,28,2020-09-16T00:00:00Z,121,297,105,15,56,360,2,28,0,183,0.21,0,0,0,0,0.148,0.077,0.063,0.127,0.121,0.174,0.154,0.179,0.179,0.181,0.207,0.207
020_AAAF,CRGRO048,28,28,2020-09-17T00:00:00Z,122,301,109,15,56,367,2,28,0,183,0.18,0,0,0,0,0.145,0.083,0.068,0.134,0.126,0.179,0.163,0.178,0.179,0.18,0.207,0.207
020_AAAF,CRGRO048,28,28,2020-09-18T00:00:00Z,123,299,107,15,56,367,2,28,0,183,0.16,0,0,0,0,0.084,0.063,0.057,0.123,0.12,0.175,0.174,0.196,0.187,0.18,0.207,0.207
020_AAAF,CRGRO048,28,28,2020-09-19T00:00:00Z,124,297,105,15,56,367,2,28,0,183,0.14,0,0,0,0,0.057,0.055,0.054,0.118,0.117,0.174,0.173,0.195,0.194,0.187,0.207,0.207
020_AAAF,CRGRO048,28,28,2020-09-20T00:00:00Z,125,296,104,15,56,367,2,28,0,183,0.12,0,0,0,0,0.047,0.054,0.053,0.116,0.115,0.172,0.172,0.195,0.193,0.187,0.207,0.207
020_AAAF,CRGRO048,28,28,2020-09-21T00:00:00Z,126,292,100,15,56,367,2,28,0,183,0.11,0,0,0,0,0.034,0.052,0.051,0.111,0.11,0.17,0.17,0.193,0.192,0.186,0.206,0.207
020_AAAF,CRGRO048,28,28,2020-09-22T00:00:00Z,127,289,97,15,56,367,2,28,0,183,0.09,0,0,0,0,0.02,0.05,0.049,0.107,0.107,0.168,0.168,0.192,0.19,0.185,0.206,0.207
020_AAAF,CRGRO048,28,28,2020-09-23T00:00:00Z,128,287,95,15,56,367,2,28,0,183,0.08,0,0,0,0,0.014,0.048,0.048,0.105,0.105,0.166,0.166,0.19,0.189,0.185,0.206,0.207
020_AAAF,CRGRO048,28,28,2020-09-24T00:00:00Z,129,284,92,15,56,367,2,28,0,183,0.07,0,0,0,0,0.014,0.046,0.046,0.102,0.102,0.164,0.164,0.188,0.187,0.184,0.206,0.207
020_AAAF,CRGRO048,28,28,2020-09-25T00:00:00Z,130,284,92,15,56,370,2,28,0,183,0.21,0,0,0,0,0.061,0.048,0.044,0.099,0.099,0.161,0.161,0.186,0.185,0.182,0.206,0.207
020_AAAF,CRGRO048,28,28,2020-09-26T00:00:00Z,131,281,89,15,56,370,2,28,0,183,0.18,0,0,0,0,0.041,0.048,0.043,0.097,0.097,0.159,0.159,0.185,0.183,0.181,0.206,0.207
020_AAAF,CRGRO048,28,28,2020-09-27T00:00:00Z,132,280,89,15,56,370,2,28,0,183,0.23,0,0,0,0,0.051,0.047,0.042,0.096,0.096,0.158,0.159,0.184,0.183,0.181,0.206,0.207
020_AAAF,CRGRO048,28,28,2020-09-28T00:00:00Z,133,281,89,15,56,373,2,28,0,183,0.2,0,0,0,0,0.068,0.054,0.045,0.094,0.095,0.156,0.157,0.183,0.181,0.18,0.206,0.207
020_AAAF,CRGRO048,28,28,2020-09-29T00:00:00Z,134,300,108,15,56,394,2,28,0,183,0.22,0,0,0,0,0.158,0.114,0.074,0.128,0.108,0.156,0.156,0.182,0.181,0.179,0.206,0.207
020_AAAF,CRGRO048,28,28,2020-09-30T00:00:00Z,135,297,105,15,56,394,2,28,0,183,0.19,0,0,0,0,0.079,0.071,0.055,0.116,0.117,0.174,0.174,0.194,0.18,0.179,0.206,0.207
020_AAAF,CRGRO048,28,28,2020-10-01T00:00:00Z,136,293,101,15,56,394,2,28,0,183,0.16,0,0,0,0,0.047,0.054,0.054,0.115,0.114,0.172,0.172,0.195,0.185,0.179,0.206,0.207
020_AAAF,CRGRO048,28,28,2020-10-02T00:00:00Z,137,290,98,15,56,394,2,28,0,183,0.14,0,0,0,0,0.035,0.052,0.052,0.111,0.11,0.17,0.17,0.193,0.184,0.179,0.206,0.207
020_AAAF,CRGRO048,28,28,2020-10-03T00:00:00Z,138,288,96,15,56,394,2,28,0,183,0.12,0,0,0,0,0.027,0.05,0.05,0.108,0.108,0.168,0.169,0.192,0.184,0.179,0.206,0.207
020_AAAF,CRGRO048,28,28,2020-10-04T00:00:00Z,139,285,93,15,56,394,2,28,0,183,0.1,0,0,0,0,0.016,0.048,0.049,0.105,0.105,0.166,0.166,0.191,0.183,0.178,0.206,0.207
020_AAAF,CRGRO048,28,28,2020-10-05T00:00:00Z,140,283,91,15,56,394,2,28,0,183,0.09,0,0,0,0,0.014,0.046,0.047,0.102,0.102,0.164,0.164,0.189,0.182,0.178,0.205,0.207
020_AAAF,CRGRO048,28,28,2020-10-06T00:00:00Z,141,281,89,15,56,394,2,28,0,183,0.08,0,0,0,0,0.014,0.045,0.046,0.1,0.1,0.162,0.163,0.187,0.181,0.178,0.205,0.207
020_AAAF,CRGRO048,28,28,2020-10-07T00:00:00Z,142,277,85,15,56,394,2,28,0,183,0.07,0,0,0,0,0.014,0.042,0.043,0.096,0.097,0.159,0.159,0.184,0.179,0.177,0.205,0.207
020_AAAF,CRGRO048,28,28,2020-10-08T00:00:00Z,143,273,81,15,56,394,2,28,0,183,0.06,0,0,0,0,0.014,0.039,0.04,0.092,0.093,0.155,0.155,0.181,0.177,0.175,0.205,0.207
020_AAAF,CRGRO048,28,28,2020-10-09T00:00:00Z,144,270,78,15,56,394,2,28,0,183,0.05,0,0,0,0,0.014,0.037,0.038,0.09,0.09,0.152,0.153,0.179,0.175,0.174,0.205,0.207
020_AAAF,CRGRO048,28,28,2020-10-10T00:00:00Z,145,278,86,15,56,405,2,28,0,183,0.23,0,0,0,0,0.132,0.063,0.048,0.088,0.088,0.15,0.151,0.176,0.173,0.172,0.205,0.207
020_AAAF,CRGRO048,28,28,2020-10-11T00:00:00Z,146,274,83,15,56,405,2,28,0,183,0.21,0,0,0,0,0.07,0.051,0.053,0.095,0.087,0.149,0.15,0.175,0.173,0.172,0.205,0.207
020_AAAF,CRGRO048,29,29,2020-05-18T00:00:00Z,0,256,64,0,0,0,0,0,0,174,0,0,0,0,0,0.086,0.086,0.086,0.086,0.086,0.118,0.118,0.135,0.129,0.129,0.178,0.258
020_AAAF,CRGRO048,29,29,2020-05-19T00:00:00Z,1,252,61,0,7,0,1,8,0,179,0,0,0,0,0,0.064,0.086,0.079,0.13,0.1,0.118,0.118,0.135,0.129,0.129,0.178,0.228
020_AAAF,CRGRO048,29,29,2020-05-20T00:00:00Z,2,265,73,0,10,17,1,8,0,181,0,0,0,0,0,0.145,0.114,0.088,0.154,0.131,0.135,0.118,0.135,0.129,0.129,0.178,0.214
020_AAAF,CRGRO048,29,29,2020-05-21T00:00:00Z,3,264,72,0,12,21,1,8,0,182,0,0,0,0,0,0.055,0.095,0.084,0.161,0.146,0.173,0.118,0.135,0.129,0.13,0.178,0.209
020_AAAF,CRGRO048,29,29,2020-05-22T00:00:00Z,4,263,71,0,12,23,1,8,0,183,0,0,0,0,0,0.03,0.074,0.074,0.154,0.149,0.19,0.141,0.135,0.129,0.13,0.178,0.206
020_AAAF,CRGRO048,29,29,2020-05-23T00:00:00Z,5,263,71,0,12,23,1,8,0,183,0,0,0,0,0,0.02,0.061,0.065,0.144,0.145,0.194,0.169,0.135,0.129,0.13,0.178,0.206
020_AAAF,CRGRO048,29,29,2020-05-24T00:00:00Z,6,262,70,0,12,23,1,8,0,183,0,0,0,0,0,0.014,0.056,0.058,0.129,0.129,0.182,0.174,0.155,0.129,0.13,0.178,0.206
020_AAAF,CRGRO048,29,29,2020-05-25T00:00:00Z,7,264,72,0,12,25,1,8,0,183,0,0,0,0,0,0.05,0.055,0.055,0.125,0.126,0.181,0.178,0.158,0.129,0.13,0.178,0.206
020_AAAF,CRGRO048,29,29,2020-05-26T00:00:00Z,8,265,73,0,12,28,1,8,0,183,0,0,0,0,0,0.045,0.061,0.057,0.125,0.125,0.18,0.179,0.161,0.129,0.13,0.178,0.206
020_AAAF,CRGRO048,29,29,2020-05-27T00:00:00Z,9,264,72,0,12,28,1,8,0,183,0,0,0,0,0,0.02,0.056,0.056,0.124,0.124,0.179,0.179,0.164,0.129,0.131,0.178,0.206
020_AAAF,CRGRO048,29,29,2020-05-28T00:00:00Z,10,264,72,0,12,28,1,8,0,183,0,0,0,0,0,0.014,0.055,0.056,0.121,0.121,0.176,0.176,0.169,0.129,0.131,0.178,0.206
020_AAAF,CRGRO048,29,29,2020-05-29T00:00:00Z,11,264,72,0,12,28,1,8,0,183,0,0,0,0,0,0.014,0.055,0.056,0.121,0.121,0.176,0.175,0.169,0.13,0.131,0.178,0.205
020_AAAF,CRGRO048,29,29,2020-05-30T00:00:00Z,12,264,72,0,12,28,1,8,0,183,0,0,0,0,0,0.014,0.054,0.056,0.121,0.121,0.176,0.175,0.169,0.13,0.131,0.178,0.205
020_AAAF,CRGRO048,29,29,2020-05-31T00:00:00Z,13,264,72,0,12,28,1,8,0,183,0,0,0,0,0,0.014,0.054,0.056,0.121,0.121,0.176,0.175,0.169,0.13,0.131,0.178,0.205
020_AAAF,CRGRO048,29,29,2020-06-01T00:00:00Z,14,263,72,0,12,28,1,8,0,183,0,0,0,0,0,0.014,0.053,0.055,0.121,0.121,0.176,0.175,0.169,0.13,0.132,0.178,0.205
020_AAAF,CRGRO048,29,29,2020-06-02T00:00:00Z,15,263,71,0,12,28,1,8,0,183,0,0,0,0,0,0.014,0.052,0.055,0.121,0.121,0.176,0.175,0.169,0.13,0.132,0.178,0.205
020_AAAF,CRGRO048,29,29,2020-06-03T00:00:00Z,16,263,71,0,12,28,1,8,0,183,0,0,0,0,0,0.014,0.051,0.055,0.121,0.121,0.176,0.175,0.169,0.13,0.132,0.178,0.205
020_AAAF,CRGRO048,29,29,2020-06-04T00:00:00Z,17,263,71,0,12,28,1,8,0,183,0,0,0,0,0,0.014,0.05,0.054,0.121,0.121,0.176,0.174,0.169,0.13,0.132,0.178,0.205
020_AAAF,CRGRO048,29,29,2020-06-05T00:00:00Z,18,263,71,0,12,28,1,8,0,183,0,0,0,0,0,0.014,0.049,0.054,0.121,0.121,0.176,0.174,0.169,0.131,0.132,0.178,0.205
020_AAAF,CRGRO048,29,29,2020-06-06T00:00:00Z,19,263,71,0,12,29,1,8,0,183,0,0,0,0,0,0.024,0.048,0.053,0.12,0.121,0.176,0.174,0.169,0.131,0.132,0.178,0.205
020_AAAF,CRGRO048,29,29,2020-06-07T00:00:00Z,20,273,81,0,12,39,1,8,0,183,0,0,0,0,0,0.125,0.07,0.06,0.126,0.124,0.177,0.176,0.171,0.131,0.133,0.178,0.204
020_AAAF,CRGRO048,29,29,2020-06-08T00:00:00Z,21,271,79,0,12,42,1,8,0,183,0,0,0,0,0,0.024,0.072,0.064,0.131,0.128,0.18,0.178,0.173,0.131,0.133,0.178,0.204
020_AAAF,CRGRO048,29,29,2020-06-09T00:00:00Z,22,279,87,0,12,50,1,8,0,183,0,0,0,0,0,0.107,0.074,0.066,0.136,0.132,0.183,0.181,0.178,0.131,0.133,0.178,0.204
020_AAAF,CRGRO048,29,29,2020-06-10T00:00:00Z,23,276,84,0,12,51,1,8,0,183,0,0,0,0,0,0.013,0.068,0.064,0.136,0.133,0.186,0.183,0.184,0.131,0.133,0.178,0.204
020_AAAF,CRGRO048,29,29,2020-06-11T00:00:00Z,24,278,86,0,12,53,1,8,0,183,0,0,0,0,0,0.057,0.058,0.059,0.132,0.132,0.186,0.184,0.191,0.132,0.133,0.178,0.204
020_AAAF,CRGRO048,29,29,2020-06-12T00:00:00Z,25,276,84,0,12,53,1,8,0,183,0,0,0,0,0,0.015,0.056,0.057,0.127,0.128,0.184,0.183,0.198,0.132,0.133,0.178,0.204
020_AAAF,CRGRO048,29,29,2020-06-13T00:00:00Z,26,275,83,0,12,53,1,8,0,183,0,0,0,0,0,0.014,0.054,0.054,0.121,0.122,0.178,0.178,0.198,0.152,0.134,0.178,0.204
020_AAAF,CRGRO048,29,29,2020-06-14T00:00:00Z,27,275,83,0,12,53,1,8,0,183,0,0,0,0,0,0.014,0.053,0.053,0.119,0.121,0.176,0.176,0.197,0.156,0.134,0.178,0.204
020_AAAF,CRGRO048,29,29,2020-06-15T00:00:00Z,28,274,82,0,12,53,1,8,0,183,0,0,0,0,0,0.014,0.052,0.052,0.118,0.12,0.175,0.176,0.197,0.156,0.134,0.178,0.204
020_AAAF,CRGRO048,29,29,2020-06-16T00:00:00Z,29,274,82,0,12,53,1,8,0,183,0,0,0,0,0,0.014,0.051,0.052,0.117,0.119,0.175,0.176,0.197,0.156,0.134,0.178,0.203
020_AAAF,CRGRO048,29,29,2020-06-17T00:00:00Z,30,273,81,0,12,53,1,8,0,183,0,0,0,0,0,0.014,0.049,0.051,0.115,0.117,0.175,0.176,0.197,0.156,0.135,0.178,0.203
020_AAAF,CRGRO048,29,29,2020-06-18T00:00:00Z,31,273,81,0,12,53,1,8,0,183,0,0,0,0,0,0.014,0.048,0.05,0.114,0.116,0.175,0.175,0.197,0.156,0.135,0.178,0.203
020_AAAF,CRGRO048,29,29,2020-06-19T00:00:00Z,32,273,81,0,12,54,1,8,0,183,0,0,0,0,0,0.03,0.047,0.049,0.112,0.114,0.174,0.175,0.197,0.156,0.135,0.178,0.203
020_AAAF,CRGRO048,29,29,2020-06-20T00:00:00Z,33,271,79,0,12,55,1,8,0,183,0,0,0,0,0,0.02,0.046,0.049,0.11,0.112,0.173,0.175,0.197,0.156,0.135,0.178,0.203
020_AAAF,CRGRO048,29,29,2020-06-21T00:00:00Z,34,270,78,0,12,55,1,8,0,183,0,0,0,0,0,0.014,0.045,0.048,0.108,0.11,0.172,0.175,0.197,0.157,0.136,0.178,0.203
020_AAAF,CRGRO048,29,29,2020-06-22T00:00:00Z,35,269,78,0,12,55,1,8,0,183,0,0,0,0,0,0.014,0.044,0.047,0.107,0.109,0.171,0.174,0.196,0.157,0.136,0.178,0.203
020_AAAF,CRGRO048,29,29,2020-06-23T00:00:00Z,36,269,77,0,12,55,1,8,0,183,0,0,0,0,0,0.014,0.043,0.046,0.105,0.107,0.17,0.173,0.196,0.157,0.136,0.178,0.203
020_AAAF,CRGRO048,29,29,2020-06-24T00:00:00Z,37,268,76,0,12,55,1,8,0,183,0,0,0,0,0,0.014,0.042,0.045,0.104,0.106,0.169,0.172,0.196,0.157,0.136,0.178,0.203
020_AAAF,CRGRO048,29,29,2020-06-25T00:00:00Z,38,267,75,0,12,55,1,8,0,183,0,0,0,0,0,0.014,0.041,0.044,0.103,0.104,0.168,0.171,0.196,0.157,0.137,0.178,0.203
020_AAAF,CRGRO048,29,29,2020-06-26T00:00:00Z,39,266,74,0,12,55,1,8,0,183,0,0,0,0,0,0.014,0.04,0.043,0.101,0.103,0.166,0.17,0.196,0.157,0.137,0.178,0.202
020_AAAF,CRGRO048,29,29,2020-06-27T00:00:00Z,40,266,74,0,12,55,1,8,0,183,0,0,0,0,0,0.024,0.039,0.043,0.1,0.102,0.165,0.169,0.195,0.157,0.137,0.178,0.202
020_AAAF,CRGRO048,29,29,2020-06-28T00:00:00Z,41,265,73,0,12,55,1,8,0,183,0,0,0,0,0,0.014,0.039,0.042,0.099,0.101,0.164,0.168,0.195,0.157,0.137,0.178,0.202
020_AAAF,CRGRO048,29,29,2020-06-29T00:00:00Z,42,264,72,0,12,55,1,8,0,183,0,0,0,0,0,0.014,0.038,0.041,0.098,0.099,0.163,0.167,0.194,0.158,0.138,0.178,0.202
020_AAAF,CRGRO048,29,29,2020-06-30T00:00:00Z,43,277,85,0,12,69,1,8,0,183,0,0,0,0,0,0.161,0.072,0.055,0.103,0.098,0.162,0.165,0.194,0.158,0.138,0.178,0.202
020_AAAF,CRGRO048,29,29,2020-07-01T00:00:00Z,44,271,79,0,12,69,1,8,0,183,0,0,0,0,0,0.013,0.053,0.053,0.118,0.119,0.165,0.165,0.193,0.158,0.138,0.178,0.202
020_AAAF,CRGRO048,29,29,2020-07-02T00:00:00Z,45,269,78,0,12,69,1,8,0,183,0,0,0,0,0,0.014,0.051,0.052,0.113,0.113,0.165,0.164,0.193,0.158,0.138,0.178,0.202
020_AAAF,CRGRO048,29,29,2020-07-03T00:00:00Z,46,267,76,0,12,69,1,8,0,183,0,0,0,0,0,0.014,0.048,0.05,0.108,0.109,0.163,0.163,0.192,0.158,0.139,0.178,0.202
020_AAAF,CRGRO048,29,29,2020-07-04T00:00:00Z,47,266,74,0,12,69,1,8,0,183,0.01,0,0,0,0,0.014,0.046,0.047,0.104,0.105,0.162,0.162,0.191,0.158,0.139,0.178,0.202
020_AAAF,CRGRO048,29,29,2020-07-05T00:00:00Z,48,269,77,0,12,74,1,8,0,183,0.01,0,0,0,0,0.079,0.054,0.049,0.102,0.102,0.161,0.161,0.19,0.158,0.139,0.178,0.202
020_AAAF,CRGRO048,29,29,2020-07-06T00:00:00Z,49,310,118,11,12,128,1,8,0,183,0.01,0,0,10.63,0,0.127,0.15,0.13,0.181,0.146,0.183,0.174,0.19,0.158,0.139,0.178,0.201
020_AAAF,CRGRO048,29,29,2020-07-07T00:00:00Z,50,316,124,11,12,137,1,8,0,183,0.01,0,0,0,0,0.129,0.116,0.108,0.193,0.17,0.206,0.192,0.198,0.166,0.14,0.178,0.201
020_AAAF,CRGRO048,29,29,2020-07-08T00:00:00Z,51,312,120,11,12,137,1,8,0,183,0.01,0,0,0,0,0.039,0.076,0.072,0.146,0.137,0.186,0.18,0.198,0.267,0.185,0.178,0.201
020_AAAF,CRGRO048,29,29,2020-07-09T00:00:00Z,52,311,119,11,12,139,1,8,0,183,0.01,0,0,0,0,0.042,0.061,0.062,0.138,0.135,0.188,0.184,0.199,0.23,0.208,0.192,0.201
020_AAAF,CRGRO048,29,29,2020-07-10T00:00:00Z,53,303,111,11,16,139,1,8,0,183,0.01,0,0,0,0,0.014,0.052,0.053,0.12,0.119,0.177,0.175,0.196,0.22,0.208,0.205,0.205
020_AAAF,CRGRO048,29,29,2020-07-11T00:00:00Z,54,295,103,11,19,139,1,8,0,183,0.01,0,0,0,0,0.014,0.049,0.05,0.109,0.11,0.173,0.172,0.195,0.204,0.2,0.205,0.205
020_AAAF,CRGRO048,29,29,2020-07-12T00:00:00Z,55,289,98,11,21,139,1,8,0,183,0.01,0,0,0,0,0.014,0.046,0.047,0.103,0.104,0.168,0.168,0.193,0.197,0.196,0.205,0.205
020_AAAF,CRGRO048,29,29,2020-07-13T00:00:00Z,56,286,94,11,21,139,1,8,0,183,0.01,0,0,0,0,0.014,0.043,0.045,0.1,0.1,0.164,0.165,0.191,0.195,0.195,0.205,0.205
020_AAAF,CRGRO048,29,29,2020-07-14T00:00:00Z,57,283,91,11,21,139,1,8,0,183,0.01,0,0,0,0,0.014,0.041,0.043,0.097,0.097,0.161,0.162,0.189,0.193,0.194,0.205,0.205
020_AAAF,CRGRO048,29,29,2020-07-15T00:00:00Z,58,280,88,11,21,139,1,8,0,183,0.01,0,0,0,0,0.014,0.039,0.041,0.095,0.095,0.158,0.159,0.186,0.19,0.192,0.205,0.205
020_AAAF,CRGRO048,29,29,2020-07-16T00:00:00Z,59,278,86,11,21,139,1,8,0,183,0.01,0,0,0,0,0.014,0.038,0.039,0.093,0.093,0.156,0.157,0.184,0.188,0.19,0.205,0.205
020_AAAF,CRGRO048,29,29,2020-07-17T00:00:00Z,60,275,83,11,21,139,1,8,0,183,0.01,0,0,0,0,0.014,0.036,0.038,0.091,0.091,0.154,0.155,0.183,0.186,0.188,0.205,0.205
020_AAAF,CRGRO048,29,29,2020-07-18T00:00:00Z,61,273,81,11,21,139,1,8,0,183,0.01,0,0,0,0,0.014,0.035,0.036,0.089,0.09,0.152,0.153,0.181,0.184,0.186,0.205,0.205
020_AAAF,CRGRO048,29,29,2020-07-19T00:00:00Z,62,287,95,11,21,139,2,24,0,183,0.01,0,0,0,0,0.167,0.078,0.056,0.097,0.088,0.15,0.152,0.179,0.182,0.184,0.205,0.205
020_AAAF,CRGRO048,29,29,2020-07-20T00:00:00Z,63,282,90,11,21,139,2,24,0,183,0.02,0,0,0,0,0.052,0.047,0.051,0.118,0.113,0.15,0.151,0.179,0.181,0.183,0.205,0.205
020_AAAF,CRGRO048,29,29,2020-07-21T00:00:00Z,64,276,84,11,21,139,2,24,0,183,0.02,0,0,0,0,0.013,0.045,0.048,0.104,0.105,0.149,0.151,0.178,0.18,0.183,0.205,0.205
020_AAAF,CRGRO048,29,29,2020-07-22T00:00:00Z,65,275,84,11,21,142,2,24,0,183,0.03,0,0,0,0,0.061,0.046,0.044,0.097,0.097,0.148,0.149,0.177,0.179,0.181,0.205,0.205
020_AAAF,CRGRO048,29,29,2020-07-23T00:00:00Z,66,274,82,11,21,144,2,24,0,183,0.03,0,0,0,0,0.047,0.053,0.044,0.094,0.094,0.147,0.148,0.175,0.177,0.18,0.205,0.205
020_AAAF,CRGRO048,29,29,2020-07-24T00:00:00Z,67,269,77,11,21,145,2,24,0,183,0.04,0,0,0,0,0.021,0.044,0.041,0.091,0.091,0.146,0.147,0.174,0.176,0.178,0.205,0.205
020_AAAF,CRGRO048,29,29,2020-07-25T00:00:00Z,68,267,75,11,21,145,2,24,0,183,0.04,0,0,0,0,0.014,0.04,0.039,0.089,0.089,0.145,0.146,0.173,0.174,0.177,0.205,0.205
020_AAAF,CRGRO048,29,29,2020-07-26T00:00:00Z,69,281,89,11,21,145,3,40,0,183,0.04,0,0,0,0,0.167,0.081,0.058,0.102,0.087,0.144,0.145,0.172,0.173,0.176,0.204,0.205
020_AAAF,CRGRO048,29,29,2020-07-27T00:00:00Z,70,276,84,11,21,145,3,40,0,183,0.04,0,0,0,0,0.059,0.046,0.048,0.116,0.119,0.146,0.144,0.171,0.173,0.175,0.204,0.205
020_AAAF,CRGRO048,29,29,2020-07-28T00:00:00Z,71,271,79,11,21,145,3,40,0,183,0.04,0,0,0,0,0.026,0.046,0.046,0.106,0.105,0.146,0.144,0.171,0.172,0.175,0.204,0.205
020_AAAF,CRGRO048,29,29,2020-07-29T00:00:00Z,72,275,83,11,21,151,3,40,0,183,0.05,0,0,0,0,0.084,0.058,0.052,0.101,0.101,0.145,0.144,0.17,0.172,0.175,0.204,0.205
020_AAAF,CRGRO048,29,29,2020-07-30T00:00:00Z,73,273,81,11,21,152,3,40,0,183,0.05,0,0,0,0,0.054,0.053,0.052,0.105,0.098,0.145,0.144,0.17,0.171,0.174,0.204,0.205
020_AAAF,CRGRO048,29,29,2020-07-31T00:00:00Z,74,268,77,11,21,152,3,40,0,183,0.05,0,0,0,0,0.031,0.047,0.046,0.099,0.095,0.144,0.143,0.169,0.171,0.174,0.204,0.205
020_AAAF,CRGRO048,29,29,2020-08-01T00:00:00Z,75,264,73,11,21,152,3,40,0,183,0.06,0,0,0,0,0.014,0.041,0.041,0.093,0.092,0.143,0.142,0.169,0.17,0.173,0.204,0.205
020_AAAF,CRGRO048,29,29,2020-08-02T00:00:00Z,76,278,86,11,21,152,4,56,0,183,0.05,0,0,0,0,0.167,0.079,0.057,0.106,0.089,0.142,0.141,0.168,0.169,0.172,0.204,0.205
020_AAAF,CRGRO048,29,29,2020-08-03T00:00:00Z,77,273,82,11,21,152,4,56,0,183,0.05,0,0,0,0,0.07,0.046,0.049,0.115,0.119,0.147,0.141,0.167,0.168,0.171,0.204,0.205
020_AAAF,CRGRO048,29,29,2020-08-04T00:00:00Z,78,270,79,11,21,152,4,56,0,183,0.07,0,0,0,0,0.045,0.052,0.047,0.107,0.107,0.147,0.141,0.167,0.168,0.171,0.204,0.205
020_AAAF,CRGRO048,29,29,2020-08-05T00:00:00Z,79,265,73,11,21,152,4,56,0,183,0.07,0,0,0,0,0.023,0.045,0.043,0.097,0.097,0.146,0.14,0.166,0.167,0.171,0.203,0.205
020_AAAF,CRGRO048,29,29,2020-08-06T00:00:00Z,80,266,74,11,21,156,4,56,0,183,0.08,0,0,0,0,0.063,0.051,0.039,0.092,0.092,0.145,0.14,0.166,0.167,0.17,0.203,0.205
020_AAAF,CRGRO048,29,29,2020-08-07T00:00:00Z,81,262,70,11,21,156,4,56,0,183,0.08,0,0,0,0,0.032,0.046,0.037,0.089,0.089,0.144,0.139,0.165,0.166,0.169,0.203,0.205
020_AAAF,CRGRO048,29,29,2020-08-08T00:00:00Z,82,275,83,11,21,156,5,72,0,183,0.08,0,0,0,0,0.153,0.082,0.059,0.104,0.087,0.142,0.138,0.164,0.165,0.168,0.203,0.205
020_AAAF,CRGRO048,29,29,2020-08-09T00:00:00Z,83,277,85,11,21,162,5,72,0,183,0.09,0,0,0,0,0.128,0.073,0.063,0.124,0.098,0.142,0.138,0.164,0.165,0.168,0.203,0.205
020_AAAF,CRGRO048,29,29,2020-08-10T00:00:00Z,84,284,93,11,21,172,5,72,0,183,0.09,0,0,0,0,0.155,0.088,0.069,0.134,0.121,0.146,0.138,0.164,0.165,0.168,0.203,0.205
020_AAAF,CRGRO048,29,29,2020-08-11T00:00:00Z,85,280,88,11,21,172,5,72,0,183,0.09,0,0,0,0,0.074,0.06,0.052,0.118,0.114,0.174,0.17,0.164,0.165,0.168,0.203,0.205
020_AAAF,CRGRO048,29,29,2020-08-12T00:00:00Z,86,287,95,11,21,182,5,72,0,183,0.1,0,0,0,0,0.138,0.075,0.061,0.121,0.117,0.172,0.17,0.164,0.164,0.168,0.203,0.205
020_AAAF,CRGRO048,29,29,2020-08-13T00:00:00Z,87,282,91,11,21,182,5,72,0,183,0.1,0,0,0,0,0.076,0.064,0.059,0.122,0.118,0.174,0.171,0.164,0.164,0.168,0.202,0.205
020_AAAF,CRGRO048,29,29,2020-08-14T00:00:00Z,88,286,94,11,21,190,5,72,0,183,0.11,0,0,0,0,0.117,0.071,0.061,0.124,0.119,0.175,0.174,0.164,0.164,0.168,0.202,0.205
020_AAAF,CRGRO048,29,29,2020-08-15T00:00:00Z,89,282,90,11,21,190,5,72,0,183,0.1,0,0,0,0,0.06,0.052,0.052,0.114,0.112,0.172,0.171,0.178,0.164,0.168,0.202,0.205
020_AAAF,CRGRO048,29,29,2020-08-16T00:00:00Z,90,277,85,11,21,190,5,72,0,183,0.1,0,0,0,0,0.038,0.05,0.05,0.106,0.106,0.168,0.167,0.177,0.164,0.168,0.202,0.205
020_AAAF,CRGRO048,29,29,2020-08-17T00:00:00Z,91,272,81,11,21,190,5,72,0,183,0.09,0,0,0,0,0.023,0.045,0.046,0.1,0.1,0.162,0.162,0.176,0.164,0.168,0.202,0.205
020_AAAF,CRGRO048,29,29,2020-08-18T00:00:00Z,92,305,113,13,21,229,5,72,0,183,0.12,0,0,2.37,0,0.158,0.148,0.097,0.15,0.126,0.171,0.16,0.174,0.163,0.167,0.202,0.205
020_AAAF,CRGRO048,29,29,2020-08-19T00:00:00Z,93,301,109,13,21,229,5,72,0,183,0.11,0,0,0,0,0.078,0.084,0.064,0.124,0.115,0.172,0.173,0.196,0.194,0.181,0.202,0.205
020_AAAF,CRGRO048,29,29,2020-08-20T00:00:00Z,94,298,106,13,21,231,5,72,0,183,0.12,0,0,0,0,0.064,0.065,0.06,0.126,0.121,0.174,0.174,0.195,0.193,0.181,0.202,0.205
020_AAAF,CRGRO048,29,29,2020-08-21T00:00:00Z,95,296,104,13,21,231,5,72,0,183,0.12,0,0,0,0,0.053,0.056,0.057,0.123,0.12,0.176,0.175,0.195,0.192,0.181,0.202,0.205
020_AAAF,CRGRO048,29,29,2020-08-22T00:00:00Z,96,296,104,13,21,232,5,72,0,183,0.13,0,0,0,0,0.056,0.055,0.055,0.121,0.119,0.175,0.175,0.196,0.192,0.181,0.202,0.205
020_AAAF,CRGRO048,29,29,2020-08-23T00:00:00Z,97,295,103,13,21,233,5,72,0,183,0.13,0,0,0,0,0.056,0.055,0.054,0.118,0.117,0.174,0.175,0.195,0.191,0.181,0.202,0.205
020_AAAF,CRGRO048,29,29,2020-08-24T00:00:00Z,98,321,130,13,21,261,5,72,0,183,0.13,0,0,0.35,0,0.163,0.144,0.089,0.15,0.134,0.182,0.179,0.198,0.191,0.181,0.202,0.205
020_AAAF,CRGRO048,29,29,2020-08-25T00:00:00Z,99,337,145,13,21,281,5,72,0,183,0.13,0,0,0.13,0,0.153,0.147,0.111,0.183,0.158,0.199,0.189,0.2,0.198,0.188,0.202,0.205
020_AAAF,CRGRO048,29,29,2020-08-26T00:00:00Z,100,333,141,13,21,281,5,72,0,183,0.14,0,0,0,0,0.089,0.098,0.091,0.179,0.165,0.21,0.199,0.204,0.205,0.198,0.206,0.205
020_AAAF,CRGRO048,29,29,2020-08-27T00:00:00Z,101,321,130,13,28,281,5,72,0,183,0.12,0,0,0,0,0.052,0.065,0.063,0.138,0.132,0.186,0.181,0.198,0.288,0.197,0.206,0.205
020_AAAF,CRGRO048,29,29,2020-08-28T00:00:00Z,102,310,118,13,35,281,5,72,0,183,0.11,0,0,0,0,0.039,0.053,0.053,0.121,0.119,0.176,0.174,0.196,0.272,0.196,0.206,0.205
020_AAAF,CRGRO048,29,29,2020-08-29T00:00:00Z,103,300,108,13,42,281,5,72,0,183,0.1,0,0,0,0,0.031,0.051,0.052,0.115,0.113,0.173,0.172,0.195,0.224,0.195,0.206,0.205
020_AAAF,CRGRO048,29,29,2020-08-30T00:00:00Z,104,333,141,16,43,320,5,72,0,183,0.14,0,0,2.16,0,0.159,0.15,0.104,0.16,0.138,0.184,0.178,0.196,0.206,0.201,0.209,0.207
020_AAAF,CRGRO048,29,29,2020-08-31T00:00:00Z,105,331,139,16,44,323,5,72,0,182,0.14,0,0,0,0,0.119,0.106,0.093,0.171,0.153,0.197,0.187,0.199,0.203,0.202,0.21,0.209
020_AAAF,CRGRO048,29,29,2020-09-01T00:00:00Z,106,320,128,16,51,323,5,72,0,182,0.13,0,0,0,0,0.065,0.069,0.064,0.134,0.128,0.181,0.177,0.196,0.27,0.201,0.21,0.209
020_AAAF,CRGRO048,29,29,2020-09-02T00:00:00Z,107,308,117,16,59,323,5,72,0,182,0.12,0,0,0,0,0.044,0.054,0.053,0.12,0.117,0.174,0.175,0.195,0.249,0.2,0.21,0.209
020_AAAF,CRGRO048,29,29,2020-09-03T00:00:00Z,108,297,105,16,65,323,5,72,0,183,0.11,0,0,0,0,0.032,0.051,0.051,0.111,0.11,0.171,0.171,0.193,0.214,0.195,0.207,0.206
020_AAAF,CRGRO048,29,29,2020-09-04T00:00:00Z,109,290,98,16,67,323,5,72,0,183,0.1,0,0,0,0,0.019,0.048,0.048,0.105,0.105,0.167,0.168,0.191,0.2,0.193,0.207,0.206
020_AAAF,CRGRO048,29,29,2020-09-05T00:00:00Z,110,285,93,16,67,323,5,72,0,183,0.09,0,0,0,0,0.014,0.045,0.046,0.101,0.101,0.163,0.164,0.188,0.193,0.191,0.207,0.206
020_AAAF,CRGRO048,29,29,2020-09-06T00:00:00Z,111,283,91,16,67,323,5,72,0,183,0.08,0,0,0,0,0.014,0.043,0.044,0.098,0.098,0.161,0.161,0.186,0.19,0.188,0.207,0.206
020_AAAF,CRGRO048,29,29,2020-09-07T00:00:00Z,112,279,87,16,67,323,5,72,0,183,0.07,0,0,0,0,0.014,0.041,0.042,0.095,0.095,0.158,0.158,0.184,0.186,0.185,0.207,0.206
020_AAAF,CRGRO048,29,29,2020-09-08T00:00:00Z,113,275,84,16,67,323,5,72,0,183,0.06,0,0,0,0,0.014,0.039,0.04,0.093,0.093,0.155,0.156,0.181,0.183,0.183,0.207,0.206
020_AAAF,CRGRO048,29,29,2020-09-09T00:00:00Z,114,284,92,16,67,333,5,72,0,183,0.17,0,0,0,0,0.132,0.065,0.051,0.091,0.091,0.154,0.154,0.18,0.181,0.181,0.207,0.206
020_AAAF,CRGRO048,29,29,2020-09-10T00:00:00Z,115,293,101,16,67,344,5,72,0,183,0.16,0,0,0,0,0.156,0.085,0.067,0.122,0.095,0.153,0.154,0.179,0.18,0.181,0.207,0.206
020_AAAF,CRGRO048,29,29,2020-09-11T00:00:00Z,116,292,100,16,67,346,5,72,0,183,0.17,0,0,0,0,0.11,0.076,0.065,0.13,0.117,0.153,0.154,0.179,0.18,0.181,0.207,0.206
020_AAAF,CRGRO048,29,29,2020-09-12T00:00:00Z,117,289,97,16,67,346,5,72,0,183,0.17,0,0,0,0,0.07,0.063,0.059,0.127,0.121,0.162,0.153,0.179,0.18,0.18,0.206,0.206
020_AAAF,CRGRO048,29,29,2020-09-13T00:00:00Z,118,287,95,16,67,347,5,72,0,183,0.17,0,0,0,0,0.057,0.057,0.056,0.122,0.119,0.169,0.153,0.178,0.179,0.18,0.206,0.206
020_AAAF,CRGRO048,29,29,2020-09-14T00:00:00Z,119,285,93,16,67,348,5,72,0,183,0.17,0,0,0,0,0.054,0.054,0.054,0.116,0.115,0.17,0.153,0.178,0.179,0.18,0.206,0.206
020_AAAF,CRGRO048,29,29,2020-09-15T00:00:00Z,120,286,94,16,67,350,5,72,0,183,0.18,0,0,0,0,0.072,0.058,0.054,0.118,0.112,0.169,0.153,0.178,0.179,0.18,0.206,0.206
020_AAAF,CRGRO048,29,29,2020-09-16T00:00:00Z,121,296,104,16,67,360,5,72,0,183,0.19,0,0,0,0,0.15,0.078,0.063,0.127,0.121,0.171,0.153,0.178,0.179,0.18,0.206,0.206
020_AAAF,CRGRO048,29,29,2020-09-17T00:00:00Z,122,299,108,16,67,367,5,72,0,183,0.16,0,0,0,0,0.149,0.083,0.068,0.134,0.126,0.178,0.16,0.178,0.178,0.18,0.206,0.206
020_AAAF,CRGRO048,29,29,2020-09-18T00:00:00Z,123,298,106,16,67,367,5,72,0,183,0.15,0,0,0,0,0.087,0.063,0.057,0.123,0.12,0.174,0.174,0.196,0.182,0.18,0.206,0.206
020_AAAF,CRGRO048,29,29,2020-09-19T00:00:00Z,124,296,104,16,67,367,5,72,0,183,0.14,0,0,0,0,0.06,0.055,0.053,0.117,0.117,0.173,0.173,0.195,0.194,0.182,0.206,0.206
020_AAAF,CRGRO048,29,29,2020-09-20T00:00:00Z,125,294,103,16,67,367,5,72,0,183,0.12,0,0,0,0,0.05,0.054,0.053,0.116,0.114,0.172,0.172,0.195,0.193,0.182,0.206,0.206
020_AAAF,CRGRO048,29,29,2020-09-21T00:00:00Z,126,291,99,16,67,367,5,72,0,183,0.11,0,0,0,0,0.041,0.052,0.051,0.111,0.11,0.17,0.17,0.193,0.192,0.182,0.206,0.206
020_AAAF,CRGRO048,29,29,2020-09-22T00:00:00Z,127,288,96,16,67,367,5,72,0,183,0.09,0,0,0,0,0.031,0.049,0.049,0.106,0.106,0.167,0.167,0.191,0.19,0.182,0.206,0.206
020_AAAF,CRGRO048,29,29,2020-09-23T00:00:00Z,128,286,94,16,67,367,5,72,0,183,0.08,0,0,0,0,0.026,0.048,0.048,0.104,0.104,0.165,0.165,0.19,0.188,0.181,0.206,0.206
020_AAAF,CRGRO048,29,29,2020-09-24T00:00:00Z,129,283,91,16,67,367,5,72,0,183,0.07,0,0,0,0,0.018,0.046,0.046,0.101,0.101,0.163,0.163,0.188,0.187,0.181,0.206,0.206
020_AAAF,CRGRO048,29,29,2020-09-25T00:00:00Z,130,282,91,16,67,370,5,72,0,183,0.19,0,0,0,0,0.059,0.049,0.044,0.098,0.098,0.16,0.161,0.186,0.184,0.18,0.205,0.206
020_AAAF,CRGRO048,29,29,2020-09-26T00:00:00Z,131,279,87,16,67,370,5,72,0,183,0.17,0,0,0,0,0.042,0.048,0.042,0.096,0.096,0.158,0.159,0.184,0.183,0.179,0.205,0.206
020_AAAF,CRGRO048,29,29,2020-09-27T00:00:00Z,132,279,87,16,67,370,5,72,0,183,0.21,0,0,0,0,0.052,0.048,0.042,0.095,0.095,0.157,0.158,0.183,0.182,0.178,0.205,0.206
020_AAAF,CRGRO048,29,29,2020-09-28T00:00:00Z,133,279,88,16,67,373,5,72,0,183,0.18,0,0,0,0,0.07,0.054,0.044,0.094,0.094,0.156,0.156,0.182,0.18,0.178,0.205,0.206
020_AAAF,CRGRO048,29,29,2020-09-29T00:00:00Z,134,299,107,16,67,394,5,72,0,183,0.2,0,0,0,0,0.157,0.114,0.074,0.128,0.107,0.155,0.156,0.181,0.18,0.177,0.205,0.206
020_AAAF,CRGRO048,29,29,2020-09-30T00:00:00Z,135,295,103,16,67,394,5,72,0,183,0.18,0,0,0,0,0.082,0.071,0.055,0.116,0.117,0.174,0.174,0.192,0.179,0.177,0.205,0.206
020_AAAF,CRGRO048,29,29,2020-10-01T00:00:00Z,136,292,100,16,67,394,5,72,0,183,0.15,0,0,0,0,0.052,0.053,0.053,0.115,0.114,0.172,0.172,0.195,0.181,0.177,0.205,0.206
020_AAAF,CRGRO048,29,29,2020-10-02T00:00:00Z,137,289,97,16,67,394,5,72,0,183,0.13,0,0,0,0,0.043,0.051,0.051,0.11,0.11,0.17,0.17,0.193,0.181,0.177,0.205,0.206
020_AAAF,CRGRO048,29,29,2020-10-03T00:00:00Z,138,287,95,16,67,394,5,72,0,183,0.12,0,0,0,0,0.037,0.05,0.05,0.107,0.107,0.168,0.168,0.192,0.18,0.177,0.205,0.206
020_AAAF,CRGRO048,29,29,2020-10-04T00:00:00Z,139,284,92,16,67,394,5,72,0,183,0.1,0,0,0,0,0.029,0.048,0.048,0.104,0.104,0.165,0.166,0.19,0.179,0.176,0.205,0.206
020_AAAF,CRGRO048,29,29,2020-10-05T00:00:00Z,140,281,89,16,67,394,5,72,0,183,0.09,0,0,0,0,0.023,0.046,0.046,0.102,0.102,0.163,0.164,0.188,0.179,0.176,0.205,0.206
020_AAAF,CRGRO048,29,29,2020-10-06T00:00:00Z,141,279,87,16,67,394,5,72,0,183,0.08,0,0,0,0,0.017,0.044,0.045,0.1,0.1,0.161,0.162,0.187,0.178,0.176,0.204,0.206
020_AAAF,CRGRO048,29,29,2020-10-07T00:00:00Z,142,275,83,16,67,394,5,72,0,183,0.07,0,0,0,0,0.014,0.041,0.042,0.096,0.096,0.158,0.158,0.184,0.177,0.175,0.204,0.206
020_AAAF,CRGRO048,29,29,2020-10-08T00:00:00Z,143,271,80,16,67,394,5,72,0,183,0.06,0,0,0,0,0.014,0.038,0.039,0.092,0.092,0.154,0.155,0.18,0.175,0.173,0.204,0.206
020_AAAF,CRGRO048,29,29,2020-10-09T00:00:00Z,144,269,77,16,67,394,5,72,0,183,0.05,0,0,0,0,0.014,0.036,0.037,0.09,0.09,0.152,0.152,0.178,0.173,0.172,0.204,0.206
020_AAAF,CRGRO048,29,29,2020-10-10T00:00:00Z,145,293,101,16,67,405,6,88,0,183,0.21,0,0,0,0,0.167,0.12,0.073,0.124,0.098,0.15,0.15,0.176,0.172,0.171,0.204,0.206
020_AAAF,CRGRO048,29,29,2020-10-11T00:00:00Z,146,289,97,16,67,405,6,88,0,183,0.19,0,0,0,0,0.093,0.085,0.069,0.134,0.123,0.155,0.15,0.176,0.172,0.171,0.204,0.206
020_AAAF,CRGRO048,29,29,2020-10-12T00:00:00Z,147,287,95,16,67,405,6,88,0,183,0.16,0,0,0,0,0.061,0.062,0.055,0.121,0.117,0.174,0.174,0.177,0.171,0.171,0.204,0.206
020_AAAF,CRGRO048,30,30,2020-05-18T00:00:00Z,0,256,64,0,0,0,0,0,0,174,0,0,0,0,0,0.086,0.086,0.086,0.086,0.086,0.118,0.118,0.135,0.129,0.129,0.178,0.258
020_AAAF,CRGRO048,30,30,2020-05-19T00:00:00Z,1,252,61,0,7,0,1,8,0,179,0,0,0,0,0,0.064,0.086,0.079,0.13,0.1,0.118,0.118,0.135,0.129,0.129,0.178,0.228
020_AAAF,CRGRO048,30,30,2020-05-20T00:00:00Z,2,265,73,0,10,17,1,8,0,181,0,0,0,0,0,0.145,0.114,0.088,0.154,0.131,0.135,0.118,0.135,0.129,0.129,0.178,0.214
020_AAAF,CRGRO048,30,30,2020-05-21T00:00:00Z,3,264,72,0,12,21,1,8,0,182,0,0,0,0,0,0.055,0.095,0.084,0.161,0.146,0.173,0.118,0.135,0.129,0.13,0.178,0.209
020_AAAF,CRGRO048,30,30,2020-05-22T00:00:00Z,4,263,71,0,12,23,1,8,0,183,0,0,0,0,0,0.03,0.074,0.074,0.154,0.149,0.19,0.141,0.135,0.129,0.13,0.178,0.206
020_AAAF,CRGRO048,30,30,2020-05-23T00:00:00Z,5,263,71,0,12,23,1,8,0,183,0,0,0,0,0,0.02,0.061,0.065,0.144,0.145,0.194,0.169,0.135,0.129,0.13,0.178,0.206
020_AAAF,CRGRO048,30,30,2020-05-24T00:00:00Z,6,262,70,0,12,23,1,8,0,183,0,0,0,0,0,0.014,0.056,0.058,0.129,0.129,0.182,0.174,0.155,0.129,0.13,0.178,0.206
020_AAAF,CRGRO048,30,30,2020-05-25T00:00:00Z,7,264,72,0,12,25,1,8,0,183,0,0,0,0,0,0.05,0.055,0.055,0.125,0.126,0.181,0.178,0.158,0.129,0.13,0.178,0.206
020_AAAF,CRGRO048,30,30,2020-05-26T00:00:00Z,8,265,73,0,12,28,1,8,0,183,0,0,0,0,0,0.045,0.061,0.057,0.125,0.125,0.18,0.179,0.161,0.129,0.13,0.178,0.206
020_AAAF,CRGRO048,30,30,2020-05-27T00:00:00Z,9,264,72,0,12,28,1,8,0,183,0,0,0,0,0,0.02,0.056,0.056,0.124,0.124,0.179,0.179,0.164,0.129,0.131,0.178,0.206
020_AAAF,CRGRO048,30,30,2020-05-28T00:00:00Z,10,264,72,0,12,28,1,8,0,183,0,0,0,0,0,0.014,0.055,0.056,0.121,0.121,0.176,0.176,0.169,0.129,0.131,0.178,0.206
020_AAAF,CRGRO048,30,30,2020-05-29T00:00:00Z,11,264,72,0,12,28,1,8,0,183,0,0,0,0,0,0.014,0.055,0.056,0.121,0.121,0.176,0.175,0.169,0.13,0.131,0.178,0.205
020_AAAF,CRGRO048,30,30,2020-05-30T00:00:00Z,12,264,72,0,12,28,1,8,0,183,0,0,0,0,0,0.014,0.054,0.056,0.121,0.121,0.176,0.175,0.169,0.13,0.131,0.178,0.205
020_AAAF,CRGRO048,30,30,2020-05-31T00:00:00Z,13,264,72,0,12,28,1,8,0,183,0,0,0,0,0,0.014,0.054,0.056,0.121,0.121,0.176,0.175,0.169,0.13,0.131,0.178,0.205
020_AAAF,CRGRO048,30,30,2020-06-01T00:00:00Z,14,263,72,0,12,28,1,8,0,183,0,0,0,0,0,0.014,0.053,0.055,0.121,0.121,0.176,0.175,0.169,0.13,0.132,0.178,0.205
020_AAAF,CRGRO048,30,30,2020-06-02T00:00:00Z,15,263,71,0,12,28,1,8,0,183,0,0,0,0,0,0.014,0.052,0.055,0.121,0.121,0.176,0.175,0.169,0.13,0.132,0.178,0.205
020_AAAF,CRGRO048,30,30,2020-06-03T00:00:00Z,16,263,71,0,12,28,1,8,0,183,0,0,0,0,0,0.014,0.051,0.055,0.121,0.121,0.176,0.175,0.169,0.13,0.132,0.178,0.205
020_AAAF,CRGRO048,30,30,2020-06-04T00:00:00Z,17,263,71,0,12,28,1,8,0,183,0,0,0,0,0,0.014,0.05,0.054,0.121,0.121,0.176,0.174,0.169,0.13,0.132,0.178,0.205
020_AAAF,CRGRO048,30,30,2020-06-05T00:00:00Z,18,263,71,0,12,28,1,8,0,183,0,0,0,0,0,0.014,0.049,0.054,0.121,0.121,0.176,0.174,0.169,0.131,0.132,0.178,0.205
020_AAAF,CRGRO048,30,30,2020-06-06T00:00:00Z,19,263,71,0,12,29,1,8,0,183,0,0,0,0,0,0.024,0.048,0.053,0.12,0.121,0.176,0.174,0.169,0.131,0.132,0.178,0.205
020_AAAF,CRGRO048,30,30,2020-06-07T00:00:00Z,20,273,81,0,12,39,1,8,0,183,0,0,0,0,0,0.125,0.07,0.06,0.126,0.124,0.177,0.176,0.171,0.131,0.133,0.178,0.204
020_AAAF,CRGRO048,30,30,2020-06-08T00:00:00Z,21,271,79,0,12,42,1,8,0,183,0,0,0,0,0,0.024,0.072,0.064,0.131,0.128,0.18,0.178,0.173,0.131,0.133,0.178,0.204
020_AAAF,CRGRO048,30,30,2020-06-09T00:00:00Z,22,279,87,0,12,50,1,8,0,183,0,0,0,0,0,0.107,0.074,0.066,0.136,0.132,0.183,0.181,0.178,0.131,0.133,0.178,0.204
020_AAAF,CRGRO048,30,30,2020-06-10T00:00:00Z,23,276,84,0,12,51,1,8,0,183,0,0,0,0,0,0.013,0.068,0.064,0.136,0.133,0.186,0.183,0.184,0.131,0.133,0.178,0.204
020_AAAF,CRGRO048,30,30,2020-06-11T00:00:00Z,24,278,86,0,12,53,1,8,0,183,0,0,0,0,0,0.057,0.058,0.059,0.132,0.132,0.186,0.184,0.191,0.132,0.133,0.178,0.204
020_AAAF,CRGRO048,30,30,2020-06-12T00:00:00Z,25,276,84,0,12,53,1,8,0,183,0,0,0,0,0,0.015,0.056,0.057,0.127,0.128,0.184,0.183,0.198,0.132,0.133,0.178,0.204
020_AAAF,CRGRO048,30,30,2020-06-13T00:00:00Z,26,275,83,0,12,53,1,8,0,183,0,0,0,0,0,0.014,0.054,0.054,0.121,0.122,0.178,0.178,0.198,0.152,0.134,0.178,0.204
020_AAAF,CRGRO048,30,30,2020-06-14T00:00:00Z,27,275,83,0,12,53,1,8,0,183,0,0,0,0,0,0.014,0.053,0.053,0.119,0.121,0.176,0.176,0.197,0.156,0.134,0.178,0.204
020_AAAF,CRGRO048,30,30,2020-06-15T00:00:00Z,28,274,82,0,12,53,1,8,0,183,0,0,0,0,0,0.014,0.052,0.052,0.118,0.12,0.175,0.176,0.197,0.156,0.134,0.178,0.204
020_AAAF,CRGRO048,30,30,2020-06-16T00:00:00Z,29,274,82,0,12,53,1,8,0,183,0,0,0,0,0,0.014,0.051,0.052,0.117,0.119,0.175,0.176,0.197,0.156,0.134,0.178,0.203
020_AAAF,CRGRO048,30,30,2020-06-17T00:00:00Z,30,273,81,0,12,53,1,8,0,183,0,0,0,0,0,0.014,0.049,0.051,0.115,0.117,0.175,0.176,0.197,0.156,0.135,0.178,0.203
020_AAAF,CRGRO048,30,30,2020-06-18T00:00:00Z,31,273,81,0,12,53,1,8,0,183,0,0,0,0,0,0.014,0.048,0.05,0.114,0.116,0.175,0.175,0.197,0.156,0.135,0.178,0.203
020_AAAF,CRGRO048,30,30,2020-06-19T00:00:00Z,32,273,81,0,12,54,1,8,0,183,0,0,0,0,0,0.03,0.047,0.049,0.112,0.114,0.174,0.175,0.197,0.156,0.135,0.178,0.203
020_AAAF,CRGRO048,30,30,2020-06-20T00:00:00Z,33,271,79,0,12,55,1,8,0,183,0,0,0,0,0,0.02,0.046,0.049,0.11,0.112,0.173,0.175,0.197,0.156,0.135,0.178,0.203
020_AAAF,CRGRO048,30,30,2020-06-21T00:00:00Z,34,270,78,0,12,55,1,8,0,183,0,0,0,0,0,0.014,0.045,0.048,0.108,0.11,0.172,0.175,0.197,0.157,0.136,0.178,0.203
020_AAAF,CRGRO048,30,30,2020-06-22T00:00:00Z,35,269,78,0,12,55,1,8,0,183,0,0,0,0,0,0.014,0.044,0.047,0.107,0.109,0.171,0.174,0.196,0.157,0.136,0.178,0.203
020_AAAF,CRGRO048,30,30,2020-06-23T00:00:00Z,36,269,77,0,12,55,1,8,0,183,0,0,0,0,0,0.014,0.043,0.046,0.105,0.107,0.17,0.173,0.196,0.157,0.136,0.178,0.203
020_AAAF,CRGRO048,30,30,2020-06-24T00:00:00Z,37,268,76,0,12,55,1,8,0,183,0,0,0,0,0,0.014,0.042,0.045,0.104,0.106,0.169,0.172,0.196,0.157,0.136,0.178,0.203
020_AAAF,CRGRO048,30,30,2020-06-25T00:00:00Z,38,267,75,0,12,55,1,8,0,183,0,0,0,0,0,0.014,0.041,0.044,0.103,0.104,0.168,0.171,0.196,0.157,0.137,0.178,0.203
020_AAAF,CRGRO048,30,30,2020-06-26T00:00:00Z,39,266,74,0,12,55,1,8,0,183,0,0,0,0,0,0.014,0.04,0.043,0.101,0.103,0.166,0.17,0.196,0.157,0.137,0.178,0.202
020_AAAF,CRGRO048,30,30,2020-06-27T00:00:00Z,40,266,74,0,12,55,1,8,0,183,0,0,0,0,0,0.024,0.039,0.043,0.1,0.102,0.165,0.169,0.195,0.157,0.137,0.178,0.202
020_AAAF,CRGRO048,30,30,2020-06-28T00:00:00Z,41,276,84,0,12,55,2,18,0,183,0,0,0,0,0,0.13,0.067,0.054,0.103,0.101,0.164,0.168,0.195,0.157,0.137,0.178,0.202
020_AAAF,CRGRO048,30,30,2020-06-29T00:00:00Z,42,271,79,0,12,55,2,18,0,183,0,0,0,0,0,0.013,0.051,0.052,0.118,0.114,0.163,0.167,0.195,0.158,0.138,0.178,0.202
020_AAAF,CRGRO048,30,30,2020-06-30T00:00:00Z,43,283,91,0,12,69,2,18,0,183,0,0,0,0,0,0.162,0.076,0.061,0.122,0.118,0.166,0.166,0.194,0.158,0.138,0.178,0.202
020_AAAF,CRGRO048,30,30,2020-07-01T00:00:00Z,44,277,85,0,12,69,2,18,0,183,0,0,0,0,0,0.013,0.058,0.055,0.119,0.117,0.174,0.174,0.196,0.177,0.138,0.178,0.202
020_AAAF,CRGRO048,30,30,2020-07-02T00:00:00Z,45,275,83,0,12,69,2,18,0,183,0,0,0,0,0,0.014,0.051,0.053,0.113,0.115,0.172,0.172,0.195,0.176,0.139,0.178,0.202
020_AAAF,CRGRO048,30,30,2020-07-03T00:00:00Z,46,273,81,0,12,69,2,18,0,183,0,0,0,0,0,0.014,0.049,0.05,0.108,0.109,0.17,0.17,0.195,0.176,0.139,0.178,0.202
020_AAAF,CRGRO048,30,30,2020-07-04T00:00:00Z,47,270,79,0,12,69,2,18,0,183,0.01,0,0,0,0,0.014,0.046,0.048,0.104,0.105,0.167,0.168,0.194,0.176,0.139,0.178,0.202
020_AAAF,CRGRO048,30,30,2020-07-05T00:00:00Z,48,273,81,0,12,74,2,18,0,183,0.01,0,0,0,0,0.079,0.054,0.049,0.102,0.103,0.165,0.166,0.193,0.176,0.14,0.178,0.202
020_AAAF,CRGRO048,30,30,2020-07-06T00:00:00Z,49,315,123,11,12,128,2,18,0,183,0.01,0,0,10.65,0,0.132,0.15,0.13,0.181,0.146,0.185,0.176,0.194,0.176,0.14,0.178,0.201
020_AAAF,CRGRO048,30,30,2020-07-07T00:00:00Z,50,320,128,11,12,137,2,18,0,183,0.01,0,0,0,0,0.133,0.117,0.108,0.193,0.17,0.206,0.193,0.2,0.189,0.14,0.178,0.201
020_AAAF,CRGRO048,30,30,2020-07-08T00:00:00Z,51,317,125,11,12,137,2,18,0,183,0.01,0,0,0,0,0.045,0.076,0.072,0.146,0.137,0.186,0.181,0.197,0.297,0.186,0.178,0.201
020_AAAF,CRGRO048,30,30,2020-07-09T00:00:00Z,52,315,123,11,12,139,2,18,0,183,0.01,0,0,0,0,0.039,0.062,0.062,0.138,0.135,0.188,0.184,0.199,0.259,0.209,0.193,0.201
020_AAAF,CRGRO048,30,30,2020-07-10T00:00:00Z,53,307,115,11,16,139,2,18,0,183,0.01,0,0,0,0,0.014,0.052,0.052,0.12,0.119,0.176,0.175,0.196,0.25,0.209,0.205,0.205
020_AAAF,CRGRO048,30,30,2020-07-11T00:00:00Z,54,296,104,11,22,139,2,18,0,183,0.01,0,0,0,0,0.014,0.049,0.05,0.108,0.109,0.172,0.172,0.195,0.216,0.2,0.205,0.205
020_AAAF,CRGRO048,30,30,2020-07-12T00:00:00Z,55,290,98,11,25,139,2,18,0,183,0.01,0,0,0,0,0.014,0.046,0.047,0.103,0.103,0.167,0.167,0.193,0.201,0.196,0.205,0.205
020_AAAF,CRGRO048,30,30,2020-07-13T00:00:00Z,56,286,94,11,25,139,2,18,0,183,0.01,0,0,0,0,0.014,0.043,0.044,0.099,0.1,0.163,0.164,0.19,0.195,0.195,0.205,0.205
020_AAAF,CRGRO048,30,30,2020-07-14T00:00:00Z,57,294,102,11,25,139,3,30,0,183,0.01,0,0,0,0,0.141,0.068,0.054,0.103,0.097,0.16,0.161,0.188,0.193,0.193,0.205,0.205
020_AAAF,CRGRO048,30,30,2020-07-15T00:00:00Z,58,290,98,11,25,139,3,30,0,183,0.01,0,0,0,0,0.052,0.047,0.051,0.117,0.114,0.159,0.16,0.187,0.192,0.193,0.205,0.205
020_AAAF,CRGRO048,30,30,2020-07-16T00:00:00Z,59,284,92,11,25,139,3,30,0,183,0.01,0,0,0,0,0.014,0.046,0.049,0.106,0.106,0.158,0.159,0.186,0.19,0.192,0.205,0.205
020_AAAF,CRGRO048,30,30,2020-07-17T00:00:00Z,60,280,88,11,25,139,3,30,0,183,0.01,0,0,0,0,0.014,0.042,0.045,0.099,0.099,0.156,0.157,0.184,0.188,0.19,0.205,0.205
020_AAAF,CRGRO048,30,30,2020-07-18T00:00:00Z,61,290,98,11,25,139,4,42,0,183,0.01,0,0,0,0,0.15,0.069,0.054,0.105,0.096,0.154,0.155,0.182,0.185,0.188,0.205,0.205
020_AAAF,CRGRO048,30,30,2020-07-19T00:00:00Z,62,284,92,11,25,139,4,42,0,183,0.01,0,0,0,0,0.052,0.042,0.05,0.116,0.117,0.153,0.154,0.181,0.184,0.187,0.205,0.205
020_AAAF,CRGRO048,30,30,2020-07-20T00:00:00Z,63,279,87,11,25,139,4,42,0,183,0.02,0,0,0,0,0.021,0.041,0.047,0.105,0.105,0.153,0.153,0.181,0.183,0.186,0.205,0.205
020_AAAF,CRGRO048,30,30,2020-07-21T00:00:00Z,64,286,94,11,25,139,5,54,0,183,0.02,0,0,0,0,0.138,0.068,0.053,0.108,0.097,0.151,0.152,0.179,0.181,0.184,0.205,0.205
020_AAAF,CRGRO048,30,30,2020-07-22T00:00:00Z,65,284,92,11,25,142,5,54,0,183,0.03,0,0,0,0,0.088,0.059,0.058,0.118,0.101,0.15,0.151,0.178,0.181,0.183,0.205,0.205
020_AAAF,CRGRO048,30,30,2020-07-23T00:00:00Z,66,283,91,11,25,144,5,54,0,183,0.03,0,0,0,0,0.068,0.059,0.055,0.114,0.107,0.15,0.151,0.178,0.18,0.183,0.205,0.205
020_AAAF,CRGRO048,30,30,2020-07-24T00:00:00Z,67,278,86,11,25,145,5,54,0,183,0.04,0,0,0,0,0.034,0.05,0.051,0.111,0.103,0.15,0.15,0.177,0.179,0.182,0.205,0.205
020_AAAF,CRGRO048,30,30,2020-07-25T00:00:00Z,68,275,83,11,25,145,5,54,0,183,0.04,0,0,0,0,0.02,0.047,0.047,0.103,0.099,0.149,0.149,0.176,0.179,0.181,0.205,0.205
020_AAAF,CRGRO048,30,30,2020-07-26T00:00:00Z,69,283,91,11,25,145,6,67,0,183,0.04,0,0,0,0,0.147,0.069,0.054,0.11,0.095,0.148,0.148,0.175,0.177,0.18,0.205,0.205
020_AAAF,CRGRO048,30,30,2020-07-27T00:00:00Z,70,278,86,11,25,145,6,67,0,183,0.04,0,0,0,0,0.061,0.04,0.05,0.113,0.118,0.148,0.148,0.174,0.176,0.179,0.205,0.205
020_AAAF,CRGRO048,30,30,2020-07-28T00:00:00Z,71,273,81,11,25,145,6,67,0,183,0.04,0,0,0,0,0.035,0.042,0.047,0.104,0.103,0.148,0.147,0.174,0.176,0.178,0.204,0.205
020_AAAF,CRGRO048,30,30,2020-07-29T00:00:00Z,72,289,97,11,25,151,7,79,0,183,0.05,0,0,0,0,0.159,0.094,0.065,0.122,0.108,0.147,0.147,0.173,0.175,0.178,0.204,0.205
020_AAAF,CRGRO048,30,30,2020-07-30T00:00:00Z,73,287,95,11,25,152,7,79,0,183,0.05,0,0,0,0,0.097,0.076,0.064,0.128,0.121,0.153,0.146,0.173,0.175,0.178,0.204,0.205
020_AAAF,CRGRO048,30,30,2020-07-31T00:00:00Z,74,283,91,11,25,152,7,79,0,183,0.05,0,0,0,0,0.054,0.055,0.052,0.116,0.114,0.174,0.16,0.173,0.174,0.177,0.204,0.205
020_AAAF,CRGRO048,30,30,2020-08-01T00:00:00Z,75,278,86,11,25,152,7,79,0,183,0.05,0,0,0,0,0.036,0.05,0.048,0.104,0.105,0.168,0.159,0.172,0.174,0.177,0.204,0.205
020_AAAF,CRGRO048,30,30,2020-08-02T00:00:00Z,76,273,81,11,25,152,7,79,0,183,0.05,0,0,0,0,0.022,0.044,0.044,0.098,0.098,0.161,0.156,0.172,0.173,0.176,0.204,0.205
020_AAAF,CRGRO048,30,30,2020-08-03T00:00:00Z,77,281,89,11,25,152,8,91,0,183,0.05,0,0,0,0,0.14,0.068,0.053,0.102,0.093,0.156,0.153,0.171,0.172,0.175,0.204,0.205
020_AAAF,CRGRO048,30,30,2020-08-04T00:00:00Z,78,278,86,11,25,152,8,91,0,183,0.07,0,0,0,0,0.081,0.055,0.056,0.115,0.093,0.155,0.153,0.17,0.171,0.174,0.204,0.205
020_AAAF,CRGRO048,30,30,2020-08-05T00:00:00Z,79,273,81,11,25,152,8,91,0,183,0.06,0,0,0,0,0.039,0.049,0.047,0.105,0.099,0.154,0.152,0.17,0.171,0.174,0.204,0.205
020_AAAF,CRGRO048,30,30,2020-08-06T00:00:00Z,80,283,91,11,25,156,9,102,0,183,0.07,0,0,0,0,0.157,0.078,0.059,0.114,0.099,0.152,0.15,0.169,0.17,0.173,0.204,0.205
020_AAAF,CRGRO048,30,30,2020-08-07T00:00:00Z,81,279,87,11,25,156,9,102,0,183,0.07,0,0,0,0,0.087,0.062,0.059,0.12,0.109,0.151,0.15,0.169,0.17,0.173,0.204,0.205
020_AAAF,CRGRO048,30,30,2020-08-08T00:00:00Z,82,276,84,11,25,156,9,102,0,183,0.07,0,0,0,0,0.053,0.05,0.051,0.11,0.116,0.159,0.149,0.169,0.17,0.173,0.203,0.205
020_AAAF,CRGRO048,30,30,2020-08-09T00:00:00Z,83,278,86,11,25,162,9,102,0,183,0.08,0,0,0,0,0.091,0.061,0.053,0.112,0.104,0.157,0.149,0.168,0.169,0.173,0.203,0.205
020_AAAF,CRGRO048,30,30,2020-08-10T00:00:00Z,84,285,93,11,25,172,9,102,0,183,0.08,0,0,0,0,0.153,0.076,0.062,0.122,0.113,0.157,0.148,0.168,0.169,0.172,0.203,0.205
020_AAAF,CRGRO048,30,30,2020-08-11T00:00:00Z,85,281,89,11,25,172,9,102,0,183,0.08,0,0,0,0,0.077,0.052,0.051,0.111,0.114,0.173,0.168,0.168,0.169,0.172,0.203,0.205
020_AAAF,CRGRO048,30,30,2020-08-12T00:00:00Z,86,287,96,11,25,182,9,102,0,183,0.09,0,0,0,0,0.141,0.074,0.06,0.119,0.114,0.17,0.166,0.168,0.169,0.172,0.203,0.205
020_AAAF,CRGRO048,30,30,2020-08-13T00:00:00Z,87,283,91,11,25,182,9,102,0,183,0.09,0,0,0,0,0.081,0.062,0.059,0.119,0.117,0.171,0.164,0.168,0.168,0.172,0.203,0.205
020_AAAF,CRGRO048,30,30,2020-08-14T00:00:00Z,88,287,95,11,25,190,9,102,0,183,0.1,0,0,0,0,0.123,0.071,0.061,0.121,0.117,0.173,0.165,0.168,0.168,0.172,0.203,0.205
020_AAAF,CRGRO048,30,30,2020-08-15T00:00:00Z,89,283,91,11,25,190,9,102,0,183,0.09,0,0,0,0,0.067,0.051,0.051,0.113,0.112,0.171,0.173,0.176,0.168,0.172,0.203,0.205
020_AAAF,CRGRO048,30,30,2020-08-16T00:00:00Z,90,278,86,11,25,190,9,102,0,183,0.09,0,0,0,0,0.041,0.05,0.05,0.105,0.105,0.167,0.168,0.176,0.168,0.172,0.203,0.205
020_AAAF,CRGRO048,30,30,2020-08-17T00:00:00Z,91,273,82,11,25,190,9,102,0,183,0.08,0,0,0,0,0.03,0.045,0.045,0.099,0.099,0.162,0.162,0.175,0.167,0.171,0.203,0.205
020_AAAF,CRGRO048,30,30,2020-08-18T00:00:00Z,92,317,125,13,25,229,10,113,0,183,0.11,0,0,2.52,0,0.158,0.148,0.127,0.176,0.14,0.178,0.17,0.173,0.167,0.17,0.202,0.205
020_AAAF,CRGRO048,30,30,2020-08-19T00:00:00Z,93,310,118,13,28,229,10,113,0,183,0.1,0,0,0,0,0.082,0.084,0.076,0.135,0.121,0.172,0.172,0.196,0.21,0.194,0.205,0.205
020_AAAF,CRGRO048,30,30,2020-08-20T00:00:00Z,94,307,115,13,28,231,10,113,0,183,0.11,0,0,0,0,0.07,0.066,0.064,0.135,0.126,0.179,0.175,0.197,0.2,0.197,0.206,0.207
020_AAAF,CRGRO048,30,30,2020-08-21T00:00:00Z,95,304,113,13,29,231,10,113,0,183,0.11,0,0,0,0,0.057,0.058,0.058,0.129,0.126,0.18,0.177,0.197,0.198,0.197,0.207,0.207
020_AAAF,CRGRO048,30,30,2020-08-22T00:00:00Z,96,303,111,13,29,232,10,113,0,183,0.12,0,0,0,0,0.059,0.056,0.056,0.124,0.124,0.179,0.178,0.197,0.197,0.197,0.207,0.207
020_AAAF,CRGRO048,30,30,2020-08-23T00:00:00Z,97,301,109,13,30,233,10,113,0,183,0.12,0,0,0,0,0.059,0.056,0.055,0.12,0.12,0.177,0.176,0.197,0.196,0.196,0.207,0.207
020_AAAF,CRGRO048,30,30,2020-08-24T00:00:00Z,98,328,136,14,31,261,10,113,0,183,0.12,0,0,0.39,0,0.164,0.145,0.09,0.151,0.136,0.185,0.18,0.198,0.197,0.197,0.207,0.207
020_AAAF,CRGRO048,30,30,2020-08-25T00:00:00Z,99,342,150,14,32,281,10,113,0,183,0.12,0,0,0.15,0,0.156,0.147,0.111,0.184,0.159,0.2,0.19,0.201,0.201,0.199,0.208,0.208
020_AAAF,CRGRO048,30,30,2020-08-26T00:00:00Z,100,337,145,14,33,281,10,113,0,182,0.13,0,0,0,0,0.093,0.098,0.091,0.179,0.166,0.211,0.2,0.204,0.207,0.203,0.21,0.209
020_AAAF,CRGRO048,30,30,2020-08-27T00:00:00Z,101,325,133,14,40,281,10,113,0,182,0.12,0,0,0,0,0.057,0.065,0.063,0.138,0.132,0.186,0.182,0.198,0.292,0.202,0.21,0.209
020_AAAF,CRGRO048,30,30,2020-08-28T00:00:00Z,102,314,122,14,48,281,10,113,0,182,0.11,0,0,0,0,0.045,0.052,0.053,0.12,0.118,0.176,0.174,0.196,0.278,0.201,0.21,0.209
020_AAAF,CRGRO048,30,30,2020-08-29T00:00:00Z,103,303,111,14,55,281,10,113,0,182,0.1,0,0,0,0,0.039,0.051,0.051,0.114,0.113,0.173,0.172,0.195,0.229,0.2,0.21,0.209
020_AAAF,CRGRO048,30,30,2020-08-30T00:00:00Z,104,335,143,16,57,320,10,113,0,182,0.14,0,0,2.28,0,0.162,0.151,0.104,0.16,0.138,0.183,0.178,0.196,0.208,0.204,0.211,0.21
020_AAAF,CRGRO048,30,30,2020-08-31T00:00:00Z,105,333,141,16,59,323,10,113,0,182,0.14,0,0,0,0,0.121,0.106,0.093,0.171,0.153,0.197,0.187,0.199,0.204,0.203,0.211,0.211
020_AAAF,CRGRO048,30,30,2020-09-01T00:00:00Z,106,321,129,16,66,323,10,113,0,182,0.13,0,0,0,0,0.068,0.069,0.063,0.134,0.127,0.18,0.177,0.196,0.271,0.202,0.211,0.211
020_AAAF,CRGRO048,30,30,2020-09-02T00:00:00Z,107,310,118,16,73,323,10,113,0,182,0.11,0,0,0,0,0.048,0.054,0.053,0.12,0.117,0.174,0.175,0.195,0.25,0.201,0.211,0.211
020_AAAF,CRGRO048,30,30,2020-09-03T00:00:00Z,108,298,106,16,81,323,10,113,0,182,0.1,0,0,0,0,0.038,0.051,0.051,0.11,0.11,0.171,0.171,0.193,0.215,0.196,0.208,0.209
020_AAAF,CRGRO048,30,30,2020-09-04T00:00:00Z,109,291,99,16,83,323,10,113,0,183,0.09,0,0,0,0,0.029,0.048,0.048,0.104,0.104,0.167,0.167,0.191,0.2,0.193,0.208,0.207
020_AAAF,CRGRO048,30,30,2020-09-05T00:00:00Z,110,286,94,16,83,323,10,113,0,183,0.09,0,0,0,0,0.02,0.045,0.045,0.1,0.1,0.163,0.163,0.188,0.193,0.191,0.208,0.207
020_AAAF,CRGRO048,30,30,2020-09-06T00:00:00Z,111,294,102,16,83,323,11,124,0,183,0.08,0,0,0,0,0.134,0.068,0.055,0.106,0.098,0.161,0.161,0.186,0.19,0.189,0.208,0.207
020_AAAF,CRGRO048,30,30,2020-09-07T00:00:00Z,112,290,98,16,83,323,11,124,0,183,0.07,0,0,0,0,0.07,0.047,0.052,0.116,0.116,0.159,0.16,0.185,0.188,0.188,0.208,0.207
020_AAAF,CRGRO048,30,30,2020-09-08T00:00:00Z,113,286,94,16,83,323,11,124,0,183,0.06,0,0,0,0,0.046,0.051,0.05,0.109,0.109,0.159,0.159,0.184,0.187,0.187,0.207,0.207
020_AAAF,CRGRO048,30,30,2020-09-09T00:00:00Z,114,295,103,16,83,333,11,124,0,183,0.16,0,0,0,0,0.143,0.073,0.059,0.119,0.109,0.158,0.158,0.184,0.186,0.186,0.207,0.207
020_AAAF,CRGRO048,30,30,2020-09-10T00:00:00Z,115,304,112,16,83,344,11,124,0,183,0.16,0,0,0,0,0.159,0.094,0.072,0.133,0.123,0.166,0.158,0.183,0.186,0.185,0.207,0.207
020_AAAF,CRGRO048,30,30,2020-09-11T00:00:00Z,116,303,111,16,83,346,11,124,0,183,0.17,0,0,0,0,0.113,0.081,0.069,0.139,0.13,0.178,0.165,0.183,0.185,0.185,0.207,0.207
020_AAAF,CRGRO048,30,30,2020-09-12T00:00:00Z,117,300,108,16,83,346,11,124,0,183,0.16,0,0,0,0,0.073,0.066,0.062,0.134,0.129,0.182,0.175,0.184,0.185,0.185,0.207,0.207
020_AAAF,CRGRO048,30,30,2020-09-13T00:00:00Z,118,298,106,16,83,347,11,124,0,183,0.17,0,0,0,0,0.06,0.058,0.058,0.128,0.127,0.181,0.178,0.188,0.185,0.185,0.207,0.207
020_AAAF,CRGRO048,30,30,2020-09-14T00:00:00Z,119,296,104,16,83,348,11,124,0,183,0.17,0,0,0,0,0.057,0.056,0.055,0.121,0.121,0.178,0.177,0.191,0.184,0.184,0.207,0.207
020_AAAF,CRGRO048,30,30,2020-09-15T00:00:00Z,120,297,105,16,83,350,11,124,0,183,0.18,0,0,0,0,0.074,0.059,0.056,0.12,0.119,0.176,0.176,0.193,0.184,0.184,0.207,0.207
020_AAAF,CRGRO048,30,30,2020-09-16T00:00:00Z,121,307,115,16,83,360,11,124,0,183,0.18,0,0,0,0,0.152,0.078,0.064,0.128,0.124,0.177,0.176,0.194,0.184,0.184,0.207,0.207
020_AAAF,CRGRO048,30,30,2020-09-17T00:00:00Z,122,310,119,16,83,367,11,124,0,183,0.16,0,0,0,0,0.151,0.084,0.069,0.136,0.128,0.181,0.178,0.198,0.184,0.184,0.207,0.207
020_AAAF,CRGRO048,30,30,2020-09-18T00:00:00Z,123,304,112,16,89,367,11,124,0,183,0.15,0,0,0,0,0.089,0.064,0.057,0.124,0.121,0.176,0.175,0.197,0.194,0.194,0.207,0.207
020_AAAF,CRGRO048,30,30,2020-09-19T00:00:00Z,124,299,107,16,91,367,11,124,0,183,0.14,0,0,0,0,0.062,0.055,0.054,0.118,0.118,0.175,0.174,0.197,0.194,0.194,0.207,0.207
020_AAAF,CRGRO048,30,30,2020-09-20T00:00:00Z,125,298,106,16,91,367,11,124,0,183,0.13,0,0,0,0,0.052,0.054,0.053,0.116,0.116,0.173,0.173,0.196,0.193,0.193,0.207,0.207
020_AAAF,CRGRO048,30,30,2020-09-21T00:00:00Z,126,294,102,16,91,367,11,124,0,183,0.12,0,0,0,0,0.044,0.052,0.051,0.111,0.111,0.171,0.171,0.194,0.192,0.192,0.207,0.207
020_AAAF,CRGRO048,30,30,2020-09-22T00:00:00Z,127,291,99,16,91,367,11,124,0,183,0.1,0,0,0,0,0.037,0.05,0.049,0.107,0.107,0.168,0.168,0.192,0.19,0.19,0.207,0.207
020_AAAF,CRGRO048,30,30,2020-09-23T00:00:00Z,128,289,97,16,91,367,11,124,0,183,0.09,0,0,0,0,0.032,0.048,0.048,0.105,0.105,0.166,0.166,0.191,0.189,0.189,0.207,0.207
020_AAAF,CRGRO048,30,30,2020-09-24T00:00:00Z,129,286,94,16,91,367,11,124,0,183,0.08,0,0,0,0,0.027,0.046,0.046,0.102,0.102,0.164,0.164,0.189,0.188,0.188,0.207,0.207
020_AAAF,CRGRO048,30,30,2020-09-25T00:00:00Z,130,286,94,16,91,370,11,124,0,183,0.19,0,0,0,0,0.061,0.053,0.044,0.099,0.099,0.162,0.162,0.187,0.186,0.186,0.207,0.207
020_AAAF,CRGRO048,30,30,2020-09-26T00:00:00Z,131,282,90,16,91,370,11,124,0,183,0.16,0,0,0,0,0.044,0.049,0.044,0.097,0.097,0.159,0.16,0.185,0.184,0.185,0.207,0.207
020_AAAF,CRGRO048,30,30,2020-09-27T00:00:00Z,132,293,101,16,91,370,12,134,0,183,0.2,0,0,0,0,0.153,0.074,0.058,0.109,0.097,0.159,0.159,0.185,0.183,0.184,0.207,0.207
020_AAAF,CRGRO048,30,30,2020-09-28T00:00:00Z,133,293,101,16,91,373,12,134,0,183,0.18,0,0,0,0,0.115,0.071,0.062,0.124,0.106,0.158,0.159,0.184,0.183,0.184,0.207,0.207
020_AAAF,CRGRO048,30,30,2020-09-29T00:00:00Z,134,313,121,16,91,394,12,134,0,183,0.19,0,0,0,0,0.161,0.129,0.087,0.149,0.132,0.176,0.158,0.184,0.183,0.184,0.207,0.207
020_AAAF,CRGRO048,30,30,2020-09-30T00:00:00Z,135,304,112,16,96,394,12,134,0,183,0.17,0,0,0,0,0.086,0.078,0.061,0.126,0.119,0.174,0.174,0.196,0.194,0.194,0.207,0.207
020_AAAF,CRGRO048,30,30,2020-10-01T00:00:00Z,136,297,106,16,99,394,12,134,0,183,0.15,0,0,0,0,0.055,0.058,0.053,0.117,0.114,0.172,0.172,0.195,0.193,0.193,0.207,0.207
020_AAAF,CRGRO048,30,30,2020-10-02T00:00:00Z,137,295,103,16,99,394,12,134,0,183,0.13,0,0,0,0,0.048,0.052,0.052,0.114,0.111,0.17,0.17,0.194,0.192,0.192,0.207,0.207
020_AAAF,CRGRO048,30,30,2020-10-03T00:00:00Z,138,292,100,16,99,394,12,134,0,183,0.11,0,0,0,0,0.043,0.051,0.051,0.111,0.109,0.169,0.169,0.193,0.191,0.191,0.206,0.207
020_AAAF,CRGRO048,30,30,2020-10-04T00:00:00Z,139,290,98,16,99,394,12,134,0,183,0.1,0,0,0,0,0.037,0.049,0.049,0.107,0.106,0.167,0.167,0.191,0.19,0.19,0.206,0.207
020_AAAF,CRGRO048,30,30,2020-10-05T00:00:00Z,140,287,95,16,99,394,12,134,0,183,0.09,0,0,0,0,0.032,0.047,0.047,0.104,0.103,0.165,0.165,0.19,0.188,0.189,0.206,0.207
020_AAAF,CRGRO048,30,30,2020-10-06T00:00:00Z,141,285,93,16,99,394,12,134,0,183,0.08,0,0,0,0,0.028,0.046,0.046,0.102,0.102,0.163,0.164,0.188,0.187,0.188,0.206,0.207
020_AAAF,CRGRO048,30,30,2020-10-07T00:00:00Z,142,281,89,16,99,394,12,134,0,183,0.07,0,0,0,0,0.02,0.043,0.044,0.098,0.098,0.16,0.161,0.186,0.185,0.185,0.206,0.207
020_AAAF,CRGRO048,30,30,2020-10-08T00:00:00Z,143,288,97,16,99,394,13,146,0,183,0.06,0,0,0,0,0.142,0.068,0.054,0.103,0.094,0.156,0.157,0.183,0.182,0.182,0.206,0.207
020_AAAF,CRGRO048,30,30,2020-10-09T00:00:00Z,144,286,94,16,99,394,13,146,0,183,0.05,0,0,0,0,0.076,0.049,0.051,0.117,0.112,0.156,0.156,0.182,0.181,0.182,0.206,0.207
020_AAAF,CRGRO048,30,30,2020-10-10T00:00:00Z,145,293,101,16,99,405,13,146,0,183,0.2,0,0,0,0,0.145,0.075,0.06,0.117,0.116,0.155,0.156,0.181,0.18,0.181,0.206,0.207
020_AAAF,CRGRO048,30,30,2020-10-11T00:00:00Z,146,289,97,16,99,405,13,146,0,183,0.18,0,0,0,0,0.084,0.063,0.059,0.121,0.116,0.159,0.155,0.181,0.18,0.181,0.206,0.207
020_AAAF,CRGRO048,30,30,2020-10-12T00:00:00Z,147,287,95,16,99,405,13,146,0,183,0.16,0,0,0,0,0.057,0.053,0.053,0.116,0.115,0.174,0.155,0.18,0.179,0.181,0.206,0.207
020_AAAF,CRGRO048,31,31,2020-05-25T00:00:00Z,0,256,64,0,0,0,0,0,0,174,0,0,0,0,0,0.086,0.086,0.086,0.086,0.086,0.118,0.118,0.135,0.129,0.129,0.178,0.258
020_AAAF,CRGRO048,31,31,2020-05-26T00:00:00Z,1,257,65,0,7,3,1,8,0,179,0,0,0,0,0,0.126,0.093,0.082,0.132,0.104,0.118,0.118,0.135,0.129,0.129,0.178,0.228
020_AAAF,CRGRO048,31,31,2020-05-27T00:00:00Z,2,252,60,0,10,4,1,8,0,181,0,0,0,0,0,0.035,0.078,0.074,0.143,0.126,0.129,0.118,0.135,0.129,0.129,0.178,0.214
020_AAAF,CRGRO048,31,31,2020-05-28T00:00:00Z,3,249,57,0,12,4,1,8,0,182,0,0,0,0,0,0.014,0.062,0.062,0.129,0.121,0.174,0.118,0.135,0.129,0.13,0.178,0.209
020_AAAF,CRGRO048,31,31,2020-05-29T00:00:00Z,4,249,57,0,12,4,1,8,0,183,0,0,0,0,0,0.014,0.056,0.056,0.123,0.121,0.173,0.133,0.135,0.129,0.13,0.178,0.206
020_AAAF,CRGRO048,31,31,2020-05-30T00:00:00Z,5,249,57,0,12,4,1,8,0,183,0,0,0,0,0,0.014,0.054,0.054,0.121,0.121,0.174,0.139,0.135,0.129,0.13,0.178,0.206
020_AAAF,CRGRO048,31,31,2020-05-31T00:00:00Z,6,249,57,0,12,4,1,8,0,183,0,0,0,0,0,0.014,0.053,0.054,0.121,0.121,0.173,0.139,0.135,0.129,0.13,0.178,0.206
020_AAAF,CRGRO048,31,31,2020-06-01T00:00:00Z,7,249,57,0,12,4,1,8,0,183,0,0,0,0,0,0.014,0.053,0.054,0.121,0.121,0.173,0.139,0.135,0.129,0.13,0.178,0.206
020_AAAF,CRGRO048,31,31,2020-06-02T00:00:00Z,8,248,57,0,12,4,1,8,0,183,0,0,0,0,0,0.014,0.052,0.054,0.121,0.121,0.172,0.139,0.135,0.129,0.13,0.178,0.206
020_AAAF,CRGRO048,31,31,2020-06-03T00:00:00Z,9,248,57,0,12,4,1,8,0,183,0,0,0,0,0,0.014,0.052,0.054,0.121,0.121,0.172,0.14,0.135,0.129,0.131,0.178,0.206
020_AAAF,CRGRO048,31,31,2020-06-04T00:00:00Z,10,248,56,0,12,4,1,8,0,183,0,0,0,0,0,0.014,0.051,0.054,0.121,0.121,0.172,0.14,0.135,0.129,0.131,0.178,0.206
020_AAAF,CRGRO048,31,31,2020-06-05T00:00:00Z,11,248,56,0,12,4,1,8,0,183,0,0,0,0,0,0.014,0.05,0.054,0.121,0.121,0.171,0.14,0.135,0.129,0.131,0.178,0.205
020_AAAF,CRGRO048,31,31,2020-06-06T00:00:00Z,12,249,57,0,12,4,1,8,0,183,0,0,0,0,0,0.024,0.05,0.054,0.121,0.121,0.171,0.14,0.135,0.129,0.131,0.178,0.205
020_AAAF,CRGRO048,31,31,2020-06-07T00:00:00Z,13,258,67,0,12,15,1,8,0,183,0,0,0,0,0,0.125,0.07,0.06,0.127,0.124,0.175,0.143,0.135,0.129,0.131,0.178,0.205
020_AAAF,CRGRO048,31,31,2020-06-08T00:00:00Z,14,257,65,0,12,17,1,8,0,183,0,0,0,0,0,0.023,0.073,0.064,0.132,0.128,0.179,0.151,0.135,0.129,0.131,0.178,0.205
020_AAAF,CRGRO048,31,31,2020-06-09T00:00:00Z,15,264,73,0,12,25,1,8,0,183,0,0,0,0,0,0.108,0.075,0.066,0.136,0.132,0.183,0.164,0.135,0.129,0.132,0.178,0.205
020_AAAF,CRGRO048,31,31,2020-06-10T00:00:00Z,16,261,70,0,12,26,1,8,0,183,0,0,0,0,0,0.013,0.069,0.064,0.136,0.134,0.186,0.176,0.137,0.129,0.132,0.178,0.205
020_AAAF,CRGRO048,31,31,2020-06-11T00:00:00Z,17,264,72,0,12,28,1,8,0,183,0,0,0,0,0,0.057,0.058,0.06,0.132,0.132,0.186,0.181,0.143,0.129,0.132,0.178,0.205
020_AAAF,CRGRO048,31,31,2020-06-12T00:00:00Z,18,262,70,0,12,29,1,8,0,183,0,0,0,0,0,0.014,0.056,0.057,0.128,0.129,0.184,0.182,0.149,0.129,0.132,0.178,0.205
020_AAAF,CRGRO048,31,31,2020-06-13T00:00:00Z,19,261,69,0,12,29,1,8,0,183,0,0,0,0,0,0.014,0.055,0.054,0.121,0.123,0.178,0.177,0.159,0.129,0.132,0.178,0.205
020_AAAF,CRGRO048,31,31,2020-06-14T00:00:00Z,20,261,69,0,12,29,1,8,0,183,0,0,0,0,0,0.014,0.053,0.053,0.12,0.12,0.176,0.175,0.162,0.129,0.132,0.178,0.204
020_AAAF,CRGRO048,31,31,2020-06-15T00:00:00Z,21,261,69,0,12,29,1,8,0,183,0,0,0,0,0,0.014,0.052,0.053,0.119,0.12,0.176,0.175,0.162,0.129,0.133,0.178,0.204
020_AAAF,CRGRO048,31,31,2020-06-16T00:00:00Z,22,260,68,0,12,29,1,8,0,183,0,0,0,0,0,0.014,0.051,0.053,0.118,0.12,0.176,0.175,0.162,0.13,0.133,0.178,0.204
020_AAAF,CRGRO048,31,31,2020-06-17T00:00:00Z,23,260,68,0,12,29,1,8,0,183,0,0,0,0,0,0.014,0.05,0.052,0.117,0.119,0.176,0.174,0.162,0.13,0.133,0.178,0.204
020_AAAF,CRGRO048,31,31,2020-06-18T00:00:00Z,24,260,68,0,12,29,1,8,0,183,0,0,0,0,0,0.014,0.049,0.051,0.116,0.118,0.176,0.174,0.162,0.13,0.133,0.178,0.204
020_AAAF,CRGRO048,31,31,2020-06-19T00:00:00Z,25,260,68,0,12,30,1,8,0,183,0,0,0,0,0,0.03,0.048,0.051,0.115,0.117,0.176,0.174,0.162,0.13,0.133,0.178,0.204
020_AAAF,CRGRO048,31,31,2020-06-20T00:00:00Z,26,259,67,0,12,30,1,8,0,183,0,0,0,0,0,0.02,0.047,0.05,0.113,0.116,0.175,0.174,0.162,0.13,0.133,0.178,0.204
020_AAAF,CRGRO048,31,31,2020-06-21T00:00:00Z,27,258,66,0,12,30,1,8,0,183,0,0,0,0,0,0.014,0.046,0.049,0.112,0.114,0.175,0.174,0.163,0.13,0.134,0.178,0.204
020_AAAF,CRGRO048,31,31,2020-06-22T00:00:00Z,28,257,66,0,12,30,1,8,0,183,0,0,0,0,0,0.014,0.045,0.049,0.11,0.113,0.175,0.173,0.163,0.13,0.134,0.178,0.204
020_AAAF,CRGRO048,31,31,2020-06-23T00:00:00Z,29,257,65,0,12,30,1,8,0,183,0,0,0,0,0,0.014,0.044,0.048,0.109,0.112,0.174,0.173,0.163,0.13,0.134,0.178,0.203
020_AAAF,CRGRO048,31,31,2020-06-24T00:00:00Z,30,256,64,0,12,30,1,8,0,183,0,0,0,0,0,0.014,0.044,0.047,0.107,0.11,0.173,0.173,0.163,0.13,0.134,0.178,0.203
020_AAAF,CRGRO048,31,31,2020-06-25T00:00:00Z,31,256,64,0,12,30,1,8,0,183,0,0,0,0,0,0.014,0.043,0.047,0.106,0.109,0.173,0.173,0.163,0.131,0.134,0.178,0.203
020_AAAF,CRGRO048,31,31,2020-06-26T00:00:00Z,32,255,63,0,12,30,1,8,0,183,0,0,0,0,0,0.014,0.042,0.046,0.105,0.108,0.172,0.172,0.163,0.131,0.134,0.178,0.203
020_AAAF,CRGRO048,31,31,2020-06-27T00:00:00Z,33,255,63,0,12,30,1,8,0,183,0,0,0,0,0,0.024,0.041,0.045,0.104,0.107,0.171,0.171,0.163,0.131,0.135,0.178,0.203
020_AAAF,CRGRO048,31,31,2020-06-28T00:00:00Z,34,254,62,0,12,30,1,8,0,183,0,0,0,0,0,0.014,0.04,0.044,0.103,0.105,0.17,0.171,0.163,0.131,0.135,0.178,0.203
020_AAAF,CRGRO048,31,31,2020-06-29T00:00:00Z,35,253,61,0,12,30,1,8,0,183,0,0,0,0,0,0.014,0.04,0.044,0.102,0.104,0.168,0.17,0.163,0.131,0.135,0.178,0.203
020_AAAF,CRGRO048,31,31,2020-06-30T00:00:00Z,36,266,74,0,12,44,1,8,0,183,0,0,0,0,0,0.161,0.072,0.057,0.11,0.103,0.167,0.169,0.163,0.131,0.135,0.178,0.203
020_AAAF,CRGRO048,31,31,2020-07-01T00:00:00Z,37,261,69,0,12,44,1,8,0,183,0,0,0,0,0,0.013,0.056,0.053,0.118,0.119,0.173,0.174,0.165,0.131,0.135,0.178,0.203
020_AAAF,CRGRO048,31,31,2020-07-02T00:00:00Z,38,260,68,0,12,44,1,8,0,183,0,0,0,0,0,0.014,0.054,0.052,0.114,0.115,0.173,0.173,0.165,0.131,0.135,0.178,0.203
020_AAAF,CRGRO048,31,31,2020-07-03T00:00:00Z,39,258,67,0,12,44,1,8,0,183,0,0,0,0,0,0.014,0.051,0.05,0.111,0.112,0.171,0.172,0.165,0.132,0.135,0.178,0.202
020_AAAF,CRGRO048,31,31,2020-07-04T00:00:00Z,40,257,65,0,12,44,1,8,0,183,0,0,0,0,0,0.014,0.049,0.049,0.107,0.108,0.169,0.17,0.165,0.132,0.136,0.178,0.202
020_AAAF,CRGRO048,31,31,2020-07-05T00:00:00Z,41,260,68,0,12,49,1,8,0,183,0,0,0,0,0,0.079,0.056,0.052,0.105,0.106,0.168,0.169,0.165,0.132,0.136,0.178,0.202
020_AAAF,CRGRO048,31,31,2020-07-06T00:00:00Z,42,301,110,11,12,103,1,8,0,183,0.01,0,0,10.71,0,0.122,0.151,0.131,0.184,0.149,0.188,0.179,0.169,0.132,0.136,0.178,0.202
020_AAAF,CRGRO048,31,31,2020-07-07T00:00:00Z,43,307,115,11,12,112,1,8,0,183,0.01,0,0,0,0,0.12,0.116,0.109,0.195,0.172,0.209,0.195,0.184,0.132,0.136,0.178,0.202
020_AAAF,CRGRO048,31,31,2020-07-08T00:00:00Z,44,303,111,11,12,112,1,8,0,183,0.01,0,0,0,0,0.027,0.076,0.073,0.147,0.138,0.187,0.182,0.196,0.216,0.181,0.178,0.202
020_AAAF,CRGRO048,31,31,2020-07-09T00:00:00Z,45,303,111,11,12,114,1,8,0,183,0.01,0,0,0,0,0.049,0.06,0.062,0.139,0.136,0.189,0.185,0.199,0.206,0.196,0.18,0.202
020_AAAF,CRGRO048,31,31,2020-07-10T00:00:00Z,46,298,106,11,13,114,1,8,0,183,0.01,0,0,0,0,0.013,0.053,0.053,0.121,0.12,0.178,0.176,0.197,0.199,0.196,0.205,0.205
020_AAAF,CRGRO048,31,31,2020-07-11T00:00:00Z,47,294,102,11,13,114,1,8,0,183,0.01,0,0,0,0,0.014,0.05,0.051,0.111,0.112,0.172,0.174,0.196,0.196,0.196,0.205,0.205
020_AAAF,CRGRO048,31,31,2020-07-12T00:00:00Z,48,291,99,11,13,114,1,8,0,183,0.01,0,0,0,0,0.014,0.047,0.048,0.105,0.106,0.169,0.171,0.194,0.195,0.196,0.205,0.205
020_AAAF,CRGRO048,31,31,2020-07-13T00:00:00Z,49,288,96,11,13,114,1,8,0,183,0.01,0,0,0,0,0.014,0.045,0.046,0.102,0.103,0.166,0.168,0.193,0.194,0.196,0.205,0.205
020_AAAF,CRGRO048,31,31,2020-07-14T00:00:00Z,50,286,94,11,13,114,1,8,0,183,0.01,0,0,0,0,0.014,0.043,0.044,0.099,0.1,0.163,0.165,0.191,0.193,0.196,0.205,0.205
020_AAAF,CRGRO048,31,31,2020-07-15T00:00:00Z,51,283,91,11,13,114,1,8,0,183,0.01,0,0,0,0,0.014,0.041,0.042,0.097,0.098,0.161,0.163,0.189,0.191,0.195,0.205,0.205
020_AAAF,CRGRO048,31,31,2020-07-16T00:00:00Z,52,281,89,11,13,114,1,8,0,183,0.01,0,0,0,0,0.014,0.039,0.041,0.095,0.096,0.159,0.16,0.187,0.19,0.195,0.205,0.205
020_AAAF,CRGRO048,31,31,2020-07-17T00:00:00Z,53,279,87,11,13,114,1,8,0,183,0.01,0,0,0,0,0.014,0.038,0.039,0.093,0.094,0.157,0.159,0.185,0.188,0.194,0.205,0.205
020_AAAF,CRGRO048,31,31,2020-07-18T00:00:00Z,54,277,85,11,13,114,1,8,0,183,0.01,0,0,0,0,0.014,0.037,0.038,0.091,0.092,0.155,0.157,0.184,0.186,0.192,0.205,0.205
020_AAAF,CRGRO048,31,31,2020-07-19T00:00:00Z,55,275,83,11,13,114,1,8,0,183,0.01,0,0,0,0,0.014,0.035,0.037,0.09,0.091,0.153,0.155,0.182,0.184,0.191,0.205,0.205
020_AAAF,CRGRO048,31,31,2020-07-20T00:00:00Z,56,273,81,11,13,114,1,8,0,183,0.01,0,0,0,0,0.014,0.034,0.036,0.089,0.089,0.152,0.153,0.181,0.182,0.189,0.205,0.205
020_AAAF,CRGRO048,31,31,2020-07-21T00:00:00Z,57,271,79,11,13,114,1,8,0,183,0.01,0,0,0,0,0.014,0.033,0.035,0.087,0.088,0.15,0.152,0.179,0.181,0.187,0.205,0.205
020_AAAF,CRGRO048,31,31,2020-07-22T00:00:00Z,58,272,80,11,13,117,1,8,0,183,0.02,0,0,0,0,0.061,0.037,0.034,0.086,0.087,0.149,0.151,0.178,0.179,0.186,0.205,0.205
020_AAAF,CRGRO048,31,31,2020-07-23T00:00:00Z,59,271,79,11,13,120,1,8,0,183,0.02,0,0,0,0,0.034,0.051,0.033,0.085,0.086,0.148,0.149,0.176,0.178,0.184,0.205,0.205
020_AAAF,CRGRO048,31,31,2020-07-24T00:00:00Z,60,268,76,11,13,120,1,8,0,183,0.03,0,0,0,0,0.02,0.044,0.032,0.084,0.085,0.147,0.148,0.175,0.177,0.182,0.205,0.205
020_AAAF,CRGRO048,31,31,2020-07-25T00:00:00Z,61,266,74,11,13,120,1,8,0,183,0.03,0,0,0,0,0.014,0.04,0.032,0.083,0.084,0.145,0.147,0.174,0.175,0.181,0.205,0.205
020_AAAF,CRGRO048,31,31,2020-07-26T00:00:00Z,62,264,72,11,13,120,1,8,0,183,0.03,0,0,0,0,0.014,0.038,0.031,0.082,0.083,0.144,0.146,0.173,0.174,0.18,0.205,0.205
020_AAAF,CRGRO048,31,31,2020-07-27T00:00:00Z,63,263,71,11,13,120,1,8,0,183,0.03,0,0,0,0,0.014,0.036,0.03,0.081,0.082,0.143,0.145,0.172,0.173,0.178,0.205,0.205
020_AAAF,CRGRO048,31,31,2020-07-28T00:00:00Z,64,262,70,11,13,120,1,8,0,183,0.03,0,0,0,0,0.014,0.034,0.029,0.081,0.082,0.142,0.144,0.171,0.172,0.177,0.205,0.205
020_AAAF,CRGRO048,31,31,2020-07-29T00:00:00Z,65,267,75,11,13,126,1,8,0,183,0.05,0,0,0,0,0.091,0.053,0.03,0.08,0.081,0.142,0.143,0.17,0.171,0.176,0.205,0.205
020_AAAF,CRGRO048,31,31,2020-07-30T00:00:00Z,66,264,72,11,13,127,1,8,0,183,0.05,0,0,0,0,0.04,0.052,0.036,0.079,0.08,0.141,0.143,0.169,0.17,0.175,0.204,0.205
020_AAAF,CRGRO048,31,31,2020-07-31T00:00:00Z,67,261,69,11,13,127,1,8,0,183,0.05,0,0,0,0,0.014,0.043,0.035,0.079,0.08,0.14,0.142,0.168,0.169,0.174,0.204,0.205
020_AAAF,CRGRO048,31,31,2020-08-01T00:00:00Z,68,259,67,11,13,127,1,8,0,183,0.05,0,0,0,0,0.014,0.039,0.034,0.078,0.079,0.139,0.141,0.167,0.168,0.173,0.204,0.205
020_AAAF,CRGRO048,31,31,2020-08-02T00:00:00Z,69,258,66,11,13,127,1,8,0,183,0.05,0,0,0,0,0.014,0.037,0.032,0.078,0.078,0.139,0.14,0.167,0.168,0.173,0.204,0.205
020_AAAF,CRGRO048,31,31,2020-08-03T00:00:00Z,70,257,65,11,13,127,1,8,0,183,0.05,0,0,0,0,0.014,0.035,0.031,0.077,0.078,0.138,0.14,0.166,0.167,0.172,0.204,0.205
020_AAAF,CRGRO048,31,31,2020-08-04T00:00:00Z,71,257,65,11,13,128,1,8,0,183,0.07,0,0,0,0,0.023,0.033,0.031,0.077,0.077,0.137,0.139,0.165,0.166,0.171,0.204,0.205
020_AAAF,CRGRO048,31,31,2020-08-05T00:00:00Z,72,255,63,11,13,128,1,8,0,183,0.07,0,0,0,0,0.014,0.032,0.03,0.076,0.077,0.137,0.139,0.165,0.165,0.17,0.204,0.205
020_AAAF,CRGRO048,31,31,2020-08-06T00:00:00Z,73,258,66,11,13,131,1,8,0,183,0.08,0,0,0,0,0.068,0.04,0.029,0.076,0.076,0.136,0.138,0.164,0.165,0.17,0.204,0.205
020_AAAF,CRGRO048,31,31,2020-08-07T00:00:00Z,74,255,63,11,13,132,1,8,0,183,0.08,0,0,0,0,0.02,0.043,0.028,0.075,0.076,0.136,0.137,0.163,0.164,0.169,0.204,0.205
020_AAAF,CRGRO048,31,31,2020-08-08T00:00:00Z,75,254,62,11,13,132,1,8,0,183,0.08,0,0,0,0,0.014,0.039,0.028,0.075,0.076,0.135,0.137,0.163,0.164,0.168,0.203,0.205
020_AAAF,CRGRO048,31,31,2020-08-09T00:00:00Z,76,258,66,11,13,137,1,8,0,183,0.09,0,0,0,0,0.084,0.052,0.029,0.075,0.075,0.135,0.136,0.162,0.163,0.168,0.203,0.205
020_AAAF,CRGRO048,31,31,2020-08-10T00:00:00Z,77,266,74,11,13,147,1,8,0,183,0.1,0,0,0,0,0.129,0.071,0.054,0.074,0.075,0.134,0.136,0.162,0.163,0.168,0.203,0.205
020_AAAF,CRGRO048,31,31,2020-08-11T00:00:00Z,78,261,69,11,13,147,1,8,0,183,0.09,0,0,0,0,0.036,0.045,0.05,0.109,0.075,0.134,0.136,0.162,0.162,0.168,0.203,0.205
020_AAAF,CRGRO048,31,31,2020-08-12T00:00:00Z,79,267,76,11,13,157,1,8,0,183,0.11,0,0,0,0,0.114,0.066,0.053,0.111,0.075,0.134,0.136,0.161,0.162,0.167,0.203,0.205
020_AAAF,CRGRO048,31,31,2020-08-13T00:00:00Z,80,263,71,11,13,157,1,8,0,183,0.11,0,0,0,0,0.038,0.052,0.055,0.115,0.077,0.134,0.136,0.161,0.162,0.167,0.203,0.205
020_AAAF,CRGRO048,31,31,2020-08-14T00:00:00Z,81,267,75,11,13,165,1,8,0,183,0.12,0,0,0,0,0.091,0.063,0.054,0.111,0.084,0.133,0.135,0.161,0.162,0.167,0.203,0.205
020_AAAF,CRGRO048,31,31,2020-08-15T00:00:00Z,82,262,70,11,13,165,1,8,0,183,0.11,0,0,0,0,0.024,0.046,0.05,0.113,0.093,0.133,0.135,0.161,0.162,0.167,0.203,0.205
020_AAAF,CRGRO048,31,31,2020-08-16T00:00:00Z,83,258,66,11,13,165,1,8,0,183,0.1,0,0,0,0,0.014,0.042,0.044,0.097,0.091,0.133,0.135,0.161,0.161,0.167,0.203,0.205
020_AAAF,CRGRO048,31,31,2020-08-17T00:00:00Z,84,256,64,11,13,165,1,8,0,183,0.09,0,0,0,0,0.014,0.039,0.04,0.093,0.089,0.133,0.134,0.16,0.161,0.166,0.202,0.205
020_AAAF,CRGRO048,31,31,2020-08-18T00:00:00Z,85,292,100,13,13,204,1,8,0,183,0.13,0,0,2.15,0,0.167,0.15,0.094,0.145,0.121,0.138,0.134,0.16,0.16,0.166,0.202,0.205
020_AAAF,CRGRO048,31,31,2020-08-19T00:00:00Z,86,288,96,13,13,204,1,8,0,183,0.12,0,0,0,0,0.06,0.086,0.064,0.124,0.115,0.174,0.174,0.177,0.16,0.166,0.202,0.205
020_AAAF,CRGRO048,31,31,2020-08-20T00:00:00Z,87,285,93,13,13,206,1,8,0,183,0.13,0,0,0,0,0.038,0.065,0.06,0.126,0.121,0.175,0.174,0.178,0.16,0.166,0.202,0.205
020_AAAF,CRGRO048,31,31,2020-08-21T00:00:00Z,88,283,91,13,13,206,1,8,0,183,0.13,0,0,0,0,0.026,0.055,0.056,0.123,0.121,0.176,0.174,0.179,0.16,0.166,0.202,0.205
020_AAAF,CRGRO048,31,31,2020-08-22T00:00:00Z,89,282,90,13,13,207,1,8,0,183,0.13,0,0,0,0,0.033,0.053,0.053,0.12,0.119,0.175,0.174,0.18,0.161,0.166,0.202,0.205
020_AAAF,CRGRO048,31,31,2020-08-23T00:00:00Z,90,281,89,13,13,208,1,8,0,183,0.14,0,0,0,0,0.036,0.052,0.053,0.117,0.116,0.174,0.173,0.18,0.161,0.166,0.202,0.205
020_AAAF,CRGRO048,31,31,2020-08-24T00:00:00Z,91,308,116,13,13,237,1,8,0,183,0.14,0,0,0.23,0,0.157,0.139,0.087,0.147,0.132,0.181,0.177,0.183,0.161,0.166,0.202,0.205
020_AAAF,CRGRO048,31,31,2020-08-25T00:00:00Z,92,323,132,13,13,256,1,8,0,183,0.14,0,0,0.08,0,0.136,0.148,0.109,0.18,0.156,0.197,0.187,0.193,0.161,0.166,0.201,0.205
020_AAAF,CRGRO048,31,31,2020-08-26T00:00:00Z,93,320,128,13,13,256,1,8,0,183,0.15,0,0,0,0,0.066,0.096,0.09,0.177,0.164,0.208,0.197,0.201,0.177,0.167,0.201,0.205
020_AAAF,CRGRO048,31,31,2020-08-27T00:00:00Z,94,313,121,13,15,256,1,8,0,183,0.13,0,0,0,0,0.025,0.066,0.063,0.138,0.133,0.185,0.181,0.197,0.249,0.194,0.205,0.205
020_AAAF,CRGRO048,31,31,2020-08-28T00:00:00Z,95,302,110,13,22,256,1,8,0,183,0.12,0,0,0,0,0.014,0.052,0.053,0.121,0.119,0.176,0.174,0.196,0.234,0.193,0.205,0.205
020_AAAF,CRGRO048,31,31,2020-08-29T00:00:00Z,96,296,104,13,26,256,1,8,0,183,0.11,0,0,0,0,0.014,0.05,0.052,0.116,0.114,0.173,0.172,0.194,0.209,0.193,0.205,0.205
020_AAAF,CRGRO048,31,31,2020-08-30T00:00:00Z,97,330,138,15,26,295,1,8,0,183,0.15,0,0,1.96,0,0.167,0.15,0.102,0.158,0.137,0.183,0.178,0.197,0.199,0.196,0.206,0.207
020_AAAF,CRGRO048,31,31,2020-08-31T00:00:00Z,98,329,138,15,27,298,1,8,0,183,0.15,0,0,0,0,0.113,0.107,0.093,0.17,0.153,0.197,0.188,0.2,0.201,0.198,0.207,0.207
020_AAAF,CRGRO048,31,31,2020-09-01T00:00:00Z,99,318,126,15,34,298,1,8,0,183,0.13,0,0,0,0,0.048,0.07,0.064,0.135,0.129,0.181,0.177,0.196,0.267,0.198,0.207,0.207
020_AAAF,CRGRO048,31,31,2020-09-02T00:00:00Z,100,306,115,15,41,298,1,8,0,183,0.12,0,0,0,0,0.022,0.055,0.054,0.121,0.119,0.175,0.173,0.195,0.248,0.197,0.207,0.207
020_AAAF,CRGRO048,31,31,2020-09-03T00:00:00Z,101,297,105,15,46,298,1,8,0,183,0.11,0,0,0,0,0.014,0.052,0.052,0.113,0.111,0.171,0.171,0.194,0.214,0.194,0.207,0.207
020_AAAF,CRGRO048,31,31,2020-09-04T00:00:00Z,102,291,99,15,48,298,1,8,0,183,0.1,0,0,0,0,0.014,0.049,0.049,0.107,0.106,0.168,0.167,0.191,0.2,0.192,0.207,0.207
020_AAAF,CRGRO048,31,31,2020-09-05T00:00:00Z,103,287,95,15,48,298,1,8,0,183,0.09,0,0,0,0,0.014,0.046,0.046,0.102,0.102,0.164,0.164,0.189,0.193,0.191,0.207,0.207
020_AAAF,CRGRO048,31,31,2020-09-06T00:00:00Z,104,284,92,15,48,298,1,8,0,183,0.08,0,0,0,0,0.014,0.044,0.045,0.1,0.1,0.162,0.162,0.187,0.19,0.19,0.207,0.207
020_AAAF,CRGRO048,31,31,2020-09-07T00:00:00Z,105,281,89,15,48,298,1,8,0,183,0.07,0,0,0,0,0.014,0.042,0.043,0.097,0.097,0.159,0.159,0.185,0.187,0.187,0.207,0.207
020_AAAF,CRGRO048,31,31,2020-09-08T00:00:00Z,106,278,86,15,48,298,1,8,0,183,0.06,0,0,0,0,0.014,0.04,0.041,0.095,0.095,0.157,0.157,0.182,0.184,0.184,0.207,0.207
020_AAAF,CRGRO048,31,31,2020-09-09T00:00:00Z,107,286,95,15,48,309,1,8,0,183,0.16,0,0,0,0,0.132,0.065,0.053,0.093,0.094,0.155,0.156,0.181,0.183,0.183,0.207,0.207
020_AAAF,CRGRO048,31,31,2020-09-10T00:00:00Z,108,295,103,15,48,319,1,8,0,183,0.15,0,0,0,0,0.152,0.086,0.067,0.123,0.1,0.155,0.155,0.181,0.182,0.183,0.207,0.207
020_AAAF,CRGRO048,31,31,2020-09-11T00:00:00Z,109,294,102,15,48,321,1,8,0,183,0.17,0,0,0,0,0.102,0.077,0.066,0.132,0.12,0.156,0.155,0.18,0.182,0.183,0.207,0.207
020_AAAF,CRGRO048,31,31,2020-09-12T00:00:00Z,110,291,99,15,48,322,1,8,0,183,0.17,0,0,0,0,0.059,0.063,0.059,0.129,0.123,0.168,0.155,0.18,0.181,0.182,0.207,0.207
020_AAAF,CRGRO048,31,31,2020-09-13T00:00:00Z,111,289,98,15,48,322,1,8,0,183,0.17,0,0,0,0,0.048,0.056,0.056,0.124,0.121,0.174,0.156,0.18,0.181,0.182,0.207,0.207
020_AAAF,CRGRO048,31,31,2020-09-14T00:00:00Z,112,287,96,15,48,323,1,8,0,183,0.17,0,0,0,0,0.043,0.053,0.053,0.117,0.117,0.174,0.159,0.18,0.181,0.182,0.207,0.207
020_AAAF,CRGRO048,31,31,2020-09-15T00:00:00Z,113,288,97,15,48,325,1,8,0,183,0.17,0,0,0,0,0.064,0.056,0.054,0.119,0.114,0.172,0.159,0.179,0.18,0.182,0.207,0.207
020_AAAF,CRGRO048,31,31,2020-09-16T00:00:00Z,114,298,106,15,48,335,1,8,0,183,0.18,0,0,0,0,0.146,0.076,0.063,0.126,0.121,0.176,0.159,0.179,0.18,0.182,0.207,0.207
020_AAAF,CRGRO048,31,31,2020-09-17T00:00:00Z,115,302,110,15,48,342,1,8,0,183,0.16,0,0,0,0,0.141,0.082,0.068,0.134,0.126,0.179,0.168,0.179,0.18,0.182,0.207,0.207
020_AAAF,CRGRO048,31,31,2020-09-18T00:00:00Z,116,300,108,15,48,342,1,8,0,183,0.15,0,0,0,0,0.081,0.063,0.057,0.123,0.12,0.175,0.174,0.196,0.193,0.182,0.207,0.207
020_AAAF,CRGRO048,31,31,2020-09-19T00:00:00Z,117,298,106,15,48,342,1,8,0,183,0.13,0,0,0,0,0.054,0.055,0.054,0.118,0.118,0.174,0.173,0.195,0.193,0.193,0.207,0.207
020_AAAF,CRGRO048,31,31,2020-09-20T00:00:00Z,118,297,105,15,48,342,1,8,0,183,0.11,0,0,0,0,0.044,0.054,0.053,0.116,0.115,0.173,0.172,0.195,0.193,0.193,0.206,0.207
020_AAAF,CRGRO048,31,31,2020-09-21T00:00:00Z,119,293,101,15,48,342,1,8,0,183,0.1,0,0,0,0,0.027,0.052,0.051,0.112,0.112,0.171,0.17,0.193,0.192,0.192,0.206,0.207
020_AAAF,CRGRO048,31,31,2020-09-22T00:00:00Z,120,290,98,15,48,342,1,8,0,183,0.09,0,0,0,0,0.014,0.05,0.05,0.108,0.108,0.168,0.168,0.192,0.19,0.19,0.206,0.207
020_AAAF,CRGRO048,31,31,2020-09-23T00:00:00Z,121,288,96,15,48,342,1,8,0,183,0.08,0,0,0,0,0.014,0.048,0.048,0.105,0.106,0.166,0.166,0.191,0.189,0.189,0.206,0.207
020_AAAF,CRGRO048,31,31,2020-09-24T00:00:00Z,122,285,93,15,48,342,1,8,0,183,0.07,0,0,0,0,0.014,0.046,0.047,0.103,0.103,0.164,0.164,0.189,0.187,0.188,0.206,0.207
020_AAAF,CRGRO048,31,31,2020-09-25T00:00:00Z,123,285,93,15,48,345,1,8,0,183,0.19,0,0,0,0,0.062,0.049,0.045,0.1,0.1,0.162,0.162,0.187,0.185,0.186,0.206,0.207
020_AAAF,CRGRO048,31,31,2020-09-26T00:00:00Z,124,282,90,15,48,345,1,8,0,183,0.16,0,0,0,0,0.037,0.049,0.043,0.098,0.098,0.16,0.16,0.185,0.184,0.185,0.206,0.207
020_AAAF,CRGRO048,31,31,2020-09-27T00:00:00Z,125,282,90,15,48,346,1,8,0,183,0.19,0,0,0,0,0.047,0.048,0.043,0.097,0.098,0.159,0.159,0.185,0.183,0.184,0.206,0.207
020_AAAF,CRGRO048,31,31,2020-09-28T00:00:00Z,126,282,90,15,48,349,1,8,0,183,0.18,0,0,0,0,0.064,0.054,0.045,0.096,0.096,0.158,0.158,0.183,0.182,0.183,0.206,0.207
020_AAAF,CRGRO048,31,31,2020-09-29T00:00:00Z,127,301,109,15,48,369,1,8,0,183,0.19,0,0,0,0,0.157,0.113,0.074,0.129,0.11,0.157,0.157,0.183,0.181,0.183,0.206,0.207
020_AAAF,CRGRO048,31,31,2020-09-30T00:00:00Z,128,298,106,15,48,369,1,8,0,183,0.17,0,0,0,0,0.075,0.071,0.056,0.117,0.117,0.174,0.174,0.196,0.183,0.182,0.206,0.207
020_AAAF,CRGRO048,31,31,2020-10-01T00:00:00Z,129,294,102,15,48,369,1,8,0,183,0.15,0,0,0,0,0.042,0.054,0.054,0.115,0.115,0.172,0.172,0.195,0.191,0.182,0.206,0.207
020_AAAF,CRGRO048,31,31,2020-10-02T00:00:00Z,130,291,99,15,48,369,1,8,0,183,0.13,0,0,0,0,0.027,0.053,0.052,0.111,0.112,0.17,0.17,0.194,0.19,0.182,0.206,0.207
020_AAAF,CRGRO048,31,31,2020-10-03T00:00:00Z,131,289,97,15,48,369,1,8,0,183,0.11,0,0,0,0,0.016,0.051,0.051,0.109,0.109,0.169,0.169,0.193,0.189,0.182,0.206,0.207
020_AAAF,CRGRO048,31,31,2020-10-04T00:00:00Z,132,287,95,15,48,369,1,8,0,183,0.1,0,0,0,0,0.014,0.049,0.049,0.106,0.106,0.167,0.167,0.191,0.187,0.181,0.206,0.207
020_AAAF,CRGRO048,31,31,2020-10-05T00:00:00Z,133,284,92,15,48,369,1,8,0,183,0.09,0,0,0,0,0.014,0.047,0.048,0.103,0.104,0.164,0.165,0.189,0.186,0.181,0.206,0.207
020_AAAF,CRGRO048,31,31,2020-10-06T00:00:00Z,134,282,91,15,48,369,1,8,0,183,0.08,0,0,0,0,0.014,0.045,0.046,0.101,0.102,0.163,0.163,0.188,0.185,0.18,0.206,0.207
020_AAAF,CRGRO048,31,31,2020-10-07T00:00:00Z,135,279,87,15,48,369,1,8,0,183,0.07,0,0,0,0,0.014,0.042,0.043,0.098,0.098,0.159,0.16,0.185,0.183,0.179,0.206,0.207
020_AAAF,CRGRO048,31,31,2020-10-08T00:00:00Z,136,275,83,15,48,369,1,8,0,183,0.06,0,0,0,0,0.014,0.039,0.041,0.094,0.094,0.156,0.156,0.182,0.18,0.178,0.205,0.207
020_AAAF,CRGRO048,31,31,2020-10-09T00:00:00Z,137,272,80,15,48,369,1,8,0,183,0.05,0,0,0,0,0.014,0.038,0.039,0.092,0.092,0.154,0.154,0.18,0.178,0.176,0.205,0.207
020_AAAF,CRGRO048,31,31,2020-10-10T00:00:00Z,138,280,88,15,48,380,1,8,0,183,0.21,0,0,0,0,0.132,0.063,0.049,0.09,0.09,0.151,0.152,0.177,0.176,0.175,0.205,0.207
020_AAAF,CRGRO048,31,31,2020-10-11T00:00:00Z,139,276,84,15,48,380,1,8,0,183,0.19,0,0,0,0,0.066,0.052,0.054,0.098,0.089,0.15,0.151,0.177,0.175,0.174,0.205,0.207
020_AAAF,CRGRO048,31,31,2020-10-12T00:00:00Z,140,274,82,15,48,380,1,8,0,183,0.16,0,0,0,0,0.043,0.05,0.05,0.099,0.089,0.15,0.15,0.176,0.174,0.174,0.205,0.207
020_AAAF,CRGRO048,31,31,2020-10-13T00:00:00Z,141,270,78,15,48,380,1,8,0,183,0.14,0,0,0,0,0.02,0.044,0.044,0.095,0.088,0.148,0.149,0.175,0.173,0.173,0.205,0.207
020_AAAF,CRGRO048,31,31,2020-10-14T00:00:00Z,142,267,75,15,48,380,1,8,0,183,0.12,0,0,0,0,0.014,0.04,0.041,0.092,0.086,0.147,0.147,0.173,0.172,0.172,0.205,0.207
020_AAAF,CRGRO048,31,31,2020-10-15T00:00:00Z,143,265,73,15,48,380,1,8,0,183,0.11,0,0,0,0,0.014,0.038,0.038,0.089,0.085,0.145,0.146,0.172,0.17,0.171,0.205,0.207
020_AAAF,CRGRO048,32,32,2020-05-25T00:00:00Z,0,256,64,0,0,0,0,0,0,174,0,0,0,0,0,0.086,0.086,0.086,0.086,0.086,0.118,0.118,0.135,0.129,0.129,0.178,0.258
020_AAAF,CRGRO048,32,32,2020-05-26T00:00:00Z,1,257,65,0,7,3,1,8,0,179,0,0,0,0,0,0.126,0.093,0.082,0.132,0.104,0.118,0.118,0.135,0.129,0.129,0.178,0.228
020_AAAF,CRGRO048,32,32,2020-05-27T00:00:00Z,2,252,60,0,10,4,1,8,0,181,0,0,0,0,0,0.035,0.078,0.074,0.143,0.126,0.129,0.118,0.135,0.129,0.129,0.178,0.214
020_AAAF,CRGRO048,32,32,2020-05-28T00:00:00Z,3,249,57,0,12,4,1,8,0,182,0,0,0,0,0,0.014,0.062,0.062,0.129,0.121,0.174,0.118,0.135,0.129,0.13,0.178,0.209
020_AAAF,CRGRO048,32,32,2020-05-29T00:00:00Z,4,249,57,0,12,4,1,8,0,183,0,0,0,0,0,0.014,0.056,0.056,0.123,0.121,0.173,0.133,0.135,0.129,0.13,0.178,0.206
020_AAAF,CRGRO048,32,32,2020-05-30T00:00:00Z,5,249,57,0,12,4,1,8,0,183,0,0,0,0,0,0.014,0.054,0.054,0.121,0.121,0.174,0.139,0.135,0.129,0.13,0.178,0.206
020_AAAF,CRGRO048,32,32,2020-05-31T00:00:00Z,6,249,57,0,12,4,1,8,0,183,0,0,0,0,0,0.014,0.053,0.054,0.121,0.121,0.173,0.139,0.135,0.129,0.13,0.178,0.206
020_AAAF,CRGRO048,32,32,2020-06-01T00:00:00Z,7,249,57,0,12,4,1,8,0,183,0,0,0,0,0,0.014,0.053,0.054,0.121,0.121,0.173,0.139,0.135,0.129,0.13,0.178,0.206
020_AAAF,CRGRO048,32,32,2020-06-02T00:00:00Z,8,248,57,0,12,4,1,8,0,183,0,0,0,0,0,0.014,0.052,0.054,0.121,0.121,0.172,0.139,0.135,0.129,0.13,0.178,0.206
020_AAAF,CRGRO048,32,32,2020-06-03T00:00:00Z,9,248,57,0,12,4,1,8,0,183,0,0,0,0,0,0.014,0.052,0.054,0.121,0.121,0.172,0.14,0.135,0.129,0.131,0.178,0.206
020_AAAF,CRGRO048,32,32,2020-06-04T00:00:00Z,10,248,56,0,12,4,1,8,0,183,0,0,0,0,0,0.014,0.051,0.054,0.121,0.121,0.172,0.14,0.135,0.129,0.131,0.178,0.206
020_AAAF,CRGRO048,32,32,2020-06-05T00:00:00Z,11,248,56,0,12,4,1,8,0,183,0,0,0,0,0,0.014,0.05,0.054,0.121,0.121,0.171,0.14,0.135,0.129,0.131,0.178,0.205
020_AAAF,CRGRO048,32,32,2020-06-06T00:00:00Z,12,249,57,0,12,4,1,8,0,183,0,0,0,0,0,0.024,0.05,0.054,0.121,0.121,0.171,0.14,0.135,0.129,0.131,0.178,0.205
020_AAAF,CRGRO048,32,32,2020-06-07T00:00:00Z,13,258,67,0,12,15,1,8,0,183,0,0,0,0,0,0.125,0.07,0.06,0.127,0.124,0.175,0.143,0.135,0.129,0.131,0.178,0.205
020_AAAF,CRGRO048,32,32,2020-06-08T00:00:00Z,14,257,65,0,12,17,1,8,0,183,0,0,0,0,0,0.023,0.073,0.064,0.132,0.128,0.179,0.151,0.135,0.129,0.131,0.178,0.205
020_AAAF,CRGRO048,32,32,2020-06-09T00:00:00Z,15,264,73,0,12,25,1,8,0,183,0,0,0,0,0,0.108,0.075,0.066,0.136,0.132,0.183,0.164,0.135,0.129,0.132,0.178,0.205
020_AAAF,CRGRO048,32,32,2020-06-10T00:00:00Z,16,261,70,0,12,26,1,8,0,183,0,0,0,0,0,0.013,0.069,0.064,0.136,0.134,0.186,0.176,0.137,0.129,0.132,0.178,0.205
020_AAAF,CRGRO048,32,32,2020-06-11T00:00:00Z,17,264,72,0,12,28,1,8,0,183,0,0,0,0,0,0.057,0.058,0.06,0.132,0.132,0.186,0.181,0.143,0.129,0.132,0.178,0.205
020_AAAF,CRGRO048,32,32,2020-06-12T00:00:00Z,18,262,70,0,12,29,1,8,0,183,0,0,0,0,0,0.014,0.056,0.057,0.128,0.129,0.184,0.182,0.149,0.129,0.132,0.178,0.205
020_AAAF,CRGRO048,32,32,2020-06-13T00:00:00Z,19,261,69,0,12,29,1,8,0,183,0,0,0,0,0,0.014,0.055,0.054,0.121,0.123,0.178,0.177,0.159,0.129,0.132,0.178,0.205
020_AAAF,CRGRO048,32,32,2020-06-14T00:00:00Z,20,261,69,0,12,29,1,8,0,183,0,0,0,0,0,0.014,0.053,0.053,0.12,0.12,0.176,0.175,0.162,0.129,0.132,0.178,0.204
020_AAAF,CRGRO048,32,32,2020-06-15T00:00:00Z,21,261,69,0,12,29,1,8,0,183,0,0,0,0,0,0.014,0.052,0.053,0.119,0.12,0.176,0.175,0.162,0.129,0.133,0.178,0.204
020_AAAF,CRGRO048,32,32,2020-06-16T00:00:00Z,22,260,68,0,12,29,1,8,0,183,0,0,0,0,0,0.014,0.051,0.053,0.118,0.12,0.176,0.175,0.162,0.13,0.133,0.178,0.204
020_AAAF,CRGRO048,32,32,2020-06-17T00:00:00Z,23,260,68,0,12,29,1,8,0,183,0,0,0,0,0,0.014,0.05,0.052,0.117,0.119,0.176,0.174,0.162,0.13,0.133,0.178,0.204
020_AAAF,CRGRO048,32,32,2020-06-18T00:00:00Z,24,260,68,0,12,29,1,8,0,183,0,0,0,0,0,0.014,0.049,0.051,0.116,0.118,0.176,0.174,0.162,0.13,0.133,0.178,0.204
020_AAAF,CRGRO048,32,32,2020-06-19T00:00:00Z,25,260,68,0,12,30,1,8,0,183,0,0,0,0,0,0.03,0.048,0.051,0.115,0.117,0.176,0.174,0.162,0.13,0.133,0.178,0.204
020_AAAF,CRGRO048,32,32,2020-06-20T00:00:00Z,26,259,67,0,12,30,1,8,0,183,0,0,0,0,0,0.02,0.047,0.05,0.113,0.116,0.175,0.174,0.162,0.13,0.133,0.178,0.204
020_AAAF,CRGRO048,32,32,2020-06-21T00:00:00Z,27,258,66,0,12,30,1,8,0,183,0,0,0,0,0,0.014,0.046,0.049,0.112,0.114,0.175,0.174,0.163,0.13,0.134,0.178,0.204
020_AAAF,CRGRO048,32,32,2020-06-22T00:00:00Z,28,257,66,0,12,30,1,8,0,183,0,0,0,0,0,0.014,0.045,0.049,0.11,0.113,0.175,0.173,0.163,0.13,0.134,0.178,0.204
020_AAAF,CRGRO048,32,32,2020-06-23T00:00:00Z,29,257,65,0,12,30,1,8,0,183,0,0,0,0,0,0.014,0.044,0.048,0.109,0.112,0.174,0.173,0.163,0.13,0.134,0.178,0.203
020_AAAF,CRGRO048,32,32,2020-06-24T00:00:00Z,30,256,64,0,12,30,1,8,0,183,0,0,0,0,0,0.014,0.044,0.047,0.107,0.11,0.173,0.173,0.163,0.13,0.134,0.178,0.203
020_AAAF,CRGRO048,32,32,2020-06-25T00:00:00Z,31,256,64,0,12,30,1,8,0,183,0,0,0,0,0,0.014,0.043,0.047,0.106,0.109,0.173,0.173,0.163,0.131,0.134,0.178,0.203
020_AAAF,CRGRO048,32,32,2020-06-26T00:00:00Z,32,255,63,0,12,30,1,8,0,183,0,0,0,0,0,0.014,0.042,0.046,0.105,0.108,0.172,0.172,0.163,0.131,0.134,0.178,0.203
020_AAAF,CRGRO048,32,32,2020-06-27T00:00:00Z,33,255,63,0,12,30,1,8,0,183,0,0,0,0,0,0.024,0.041,0.045,0.104,0.107,0.171,0.171,0.163,0.131,0.135,0.178,0.203
020_AAAF,CRGRO048,32,32,2020-06-28T00:00:00Z,34,254,62,0,12,30,1,8,0,183,0,0,0,0,0,0.014,0.04,0.044,0.103,0.105,0.17,0.171,0.163,0.131,0.135,0.178,0.203
020_AAAF,CRGRO048,32,32,2020-06-29T00:00:00Z,35,253,61,0,12,30,1,8,0,183,0,0,0,0,0,0.014,0.04,0.044,0.102,0.104,0.168,0.17,0.163,0.131,0.135,0.178,0.203
020_AAAF,CRGRO048,32,32,2020-06-30T00:00:00Z,36,266,74,0,12,44,1,8,0,183,0,0,0,0,0,0.161,0.072,0.057,0.11,0.103,0.167,0.169,0.163,0.131,0.135,0.178,0.203
020_AAAF,CRGRO048,32,32,2020-07-01T00:00:00Z,37,261,69,0,12,44,1,8,0,183,0,0,0,0,0,0.013,0.056,0.053,0.118,0.119,0.173,0.174,0.165,0.131,0.135,0.178,0.203
020_AAAF,CRGRO048,32,32,2020-07-02T00:00:00Z,38,260,68,0,12,44,1,8,0,183,0,0,0,0,0,0.014,0.054,0.052,0.114,0.115,0.173,0.173,0.165,0.131,0.135,0.178,0.203
020_AAAF,CRGRO048,32,32,2020-07-03T00:00:00Z,39,258,67,0,12,44,1,8,0,183,0,0,0,0,0,0.014,0.051,0.05,0.111,0.112,0.171,0.172,0.165,0.132,0.135,0.178,0.202
020_AAAF,CRGRO048,32,32,2020-07-04T00:00:00Z,40,257,65,0,12,44,1,8,0,183,0,0,0,0,0,0.014,0.049,0.049,0.107,0.108,0.169,0.17,0.165,0.132,0.136,0.178,0.202
020_AAAF,CRGRO048,32,32,2020-07-05T00:00:00Z,41,260,68,0,12,49,1,8,0,183,0,0,0,0,0,0.079,0.056,0.052,0.105,0.106,0.168,0.169,0.165,0.132,0.136,0.178,0.202
020_AAAF,CRGRO048,32,32,2020-07-06T00:00:00Z,42,301,110,11,12,103,1,8,0,183,0.01,0,0,10.71,0,0.122,0.151,0.131,0.184,0.149,0.188,0.179,0.169,0.132,0.136,0.178,0.202
020_AAAF,CRGRO048,32,32,2020-07-07T00:00:00Z,43,307,115,11,12,112,1,8,0,183,0.01,0,0,0,0,0.12,0.116,0.109,0.195,0.172,0.209,0.195,0.184,0.132,0.136,0.178,0.202
020_AAAF,CRGRO048,32,32,2020-07-08T00:00:00Z,44,303,111,11,12,112,1,8,0,183,0.01,0,0,0,0,0.027,0.076,0.073,0.147,0.138,0.187,0.182,0.196,0.216,0.181,0.178,0.202
020_AAAF,CRGRO048,32,32,2020-07-09T00:00:00Z,45,303,111,11,12,114,1,8,0,183,0.01,0,0,0,0,0.049,0.06,0.062,0.139,0.136,0.189,0.185,0.199,0.206,0.196,0.18,0.202
020_AAAF,CRGRO048,32,32,2020-07-10T00:00:00Z,46,298,106,11,13,114,1,8,0,183,0.01,0,0,0,0,0.013,0.053,0.053,0.121,0.12,0.178,0.176,0.197,0.199,0.196,0.205,0.205
020_AAAF,CRGRO048,32,32,2020-07-11T00:00:00Z,47,294,102,11,13,114,1,8,0,183,0.01,0,0,0,0,0.014,0.05,0.051,0.111,0.112,0.172,0.174,0.196,0.196,0.196,0.205,0.205
020_AAAF,CRGRO048,32,32,2020-07-12T00:00:00Z,48,291,99,11,13,114,1,8,0,183,0.01,0,0,0,0,0.014,0.047,0.048,0.105,0.106,0.169,0.171,0.194,0.195,0.196,0.205,0.205
020_AAAF,CRGRO048,32,32,2020-07-13T00:00:00Z,49,288,96,11,13,114,1,8,0,183,0.01,0,0,0,0,0.014,0.045,0.046,0.102,0.103,0.166,0.168,0.193,0.194,0.196,0.205,0.205
020_AAAF,CRGRO048,32,32,2020-07-14T00:00:00Z,50,286,94,11,13,114,1,8,0,183,0.01,0,0,0,0,0.014,0.043,0.044,0.099,0.1,0.163,0.165,0.191,0.193,0.196,0.205,0.205
020_AAAF,CRGRO048,32,32,2020-07-15T00:00:00Z,51,283,91,11,13,114,1,8,0,183,0.01,0,0,0,0,0.014,0.041,0.042,0.097,0.098,0.161,0.163,0.189,0.191,0.195,0.205,0.205
020_AAAF,CRGRO048,32,32,2020-07-16T00:00:00Z,52,281,89,11,13,114,1,8,0,183,0.01,0,0,0,0,0.014,0.039,0.041,0.095,0.096,0.159,0.16,0.187,0.19,0.195,0.205,0.205
020_AAAF,CRGRO048,32,32,2020-07-17T00:00:00Z,53,279,87,11,13,114,1,8,0,183,0.01,0,0,0,0,0.014,0.038,0.039,0.093,0.094,0.157,0.159,0.185,0.188,0.194,0.205,0.205
020_AAAF,CRGRO048,32,32,2020-07-18T00:00:00Z,54,277,85,11,13,114,1,8,0,183,0.01,0,0,0,0,0.014,0.037,0.038,0.091,0.092,0.155,0.157,0.184,0.186,0.192,0.205,0.205
020_AAAF,CRGRO048,32,32,2020-07-19T00:00:00Z,55,275,83,11,13,114,1,8,0,183,0.01,0,0,0,0,0.014,0.035,0.037,0.09,0.091,0.153,0.155,0.182,0.184,0.191,0.205,0.205
020_AAAF,CRGRO048,32,32,2020-07-20T00:00:00Z,56,273,81,11,13,114,1,8,0,183,0.01,0,0,0,0,0.014,0.034,0.036,0.089,0.089,0.152,0.153,0.181,0.182,0.189,0.205,0.205
020_AAAF,CRGRO048,32,32,2020-07-21T00:00:00Z,57,271,79,11,13,114,1,8,0,183,0.01,0,0,0,0,0.014,0.033,0.035,0.087,0.088,0.15,0.152,0.179,0.181,0.187,0.205,0.205
020_AAAF,CRGRO048,32,32,2020-07-22T00:00:00Z,58,272,80,11,13,117,1,8,0,183,0.02,0,0,0,0,0.061,0.037,0.034,0.086,0.087,0.149,0.151,0.178,0.179,0.186,0.205,0.205
020_AAAF,CRGRO048,32,32,2020-07-23T00:00:00Z,59,271,79,11,13,120,1,8,0,183,0.02,0,0,0,0,0.034,0.051,0.033,0.085,0.086,0.148,0.149,0.176,0.178,0.184,0.205,0.205
020_AAAF,CRGRO048,32,32,2020-07-24T00:00:00Z,60,268,76,11,13,120,1,8,0,183,0.03,0,0,0,0,0.02,0.044,0.032,0.084,0.085,0.147,0.148,0.175,0.177,0.182,0.205,0.205
020_AAAF,CRGRO048,32,32,2020-07-25T00:00:00Z,61,266,74,11,13,120,1,8,0,183,0.03,0,0,0,0,0.014,0.04,0.032,0.083,0.084,0.145,0.147,0.174,0.175,0.181,0.205,0.205
020_AAAF,CRGRO048,32,32,2020-07-26T00:00:00Z,62,264,72,11,13,120,1,8,0,183,0.03,0,0,0,0,0.014,0.038,0.031,0.082,0.083,0.144,0.146,0.173,0.174,0.18,0.205,0.205
020_AAAF,CRGRO048,32,32,2020-07-27T00:00:00Z,63,263,71,11,13,120,1,8,0,183,0.03,0,0,0,0,0.014,0.036,0.03,0.081,0.082,0.143,0.145,0.172,0.173,0.178,0.205,0.205
020_AAAF,CRGRO048,32,32,2020-07-28T00:00:00Z,64,271,79,11,13,120,2,17,0,183,0.03,0,0,0,0,0.118,0.06,0.038,0.081,0.082,0.142,0.144,0.171,0.172,0.177,0.205,0.205
020_AAAF,CRGRO048,32,32,2020-07-29T00:00:00Z,65,274,82,11,13,126,2,17,0,183,0.05,0,0,0,0,0.111,0.069,0.056,0.088,0.081,0.142,0.144,0.17,0.172,0.177,0.205,0.205
020_AAAF,CRGRO048,32,32,2020-07-30T00:00:00Z,66,272,80,11,13,127,2,17,0,183,0.05,0,0,0,0,0.054,0.057,0.057,0.103,0.081,0.142,0.144,0.17,0.171,0.177,0.204,0.205
020_AAAF,CRGRO048,32,32,2020-07-31T00:00:00Z,67,268,76,11,13,127,2,17,0,183,0.05,0,0,0,0,0.017,0.048,0.048,0.106,0.081,0.142,0.143,0.17,0.171,0.176,0.204,0.205
020_AAAF,CRGRO048,32,32,2020-08-01T00:00:00Z,68,264,72,11,13,127,2,17,0,183,0.05,0,0,0,0,0.014,0.042,0.043,0.095,0.081,0.141,0.143,0.169,0.17,0.175,0.204,0.205
020_AAAF,CRGRO048,32,32,2020-08-02T00:00:00Z,69,262,70,11,13,127,2,17,0,183,0.05,0,0,0,0,0.014,0.039,0.04,0.092,0.08,0.14,0.142,0.168,0.169,0.174,0.204,0.205
020_AAAF,CRGRO048,32,32,2020-08-03T00:00:00Z,70,261,69,11,13,127,2,17,0,183,0.05,0,0,0,0,0.014,0.037,0.037,0.089,0.08,0.139,0.141,0.167,0.168,0.173,0.204,0.205
020_AAAF,CRGRO048,32,32,2020-08-04T00:00:00Z,71,260,68,11,13,128,2,17,0,183,0.07,0,0,0,0,0.023,0.035,0.036,0.087,0.079,0.138,0.14,0.166,0.167,0.172,0.204,0.205
020_AAAF,CRGRO048,32,32,2020-08-05T00:00:00Z,72,258,66,11,13,128,2,17,0,183,0.07,0,0,0,0,0.014,0.033,0.034,0.085,0.079,0.138,0.14,0.166,0.167,0.171,0.204,0.205
020_AAAF,CRGRO048,32,32,2020-08-06T00:00:00Z,73,260,68,11,13,131,2,17,0,183,0.07,0,0,0,0,0.068,0.041,0.033,0.084,0.078,0.137,0.139,0.165,0.166,0.171,0.204,0.205
020_AAAF,CRGRO048,32,32,2020-08-07T00:00:00Z,74,257,65,11,13,132,2,17,0,183,0.08,0,0,0,0,0.02,0.044,0.032,0.083,0.078,0.137,0.138,0.164,0.165,0.17,0.204,0.205
020_AAAF,CRGRO048,32,32,2020-08-08T00:00:00Z,75,256,64,11,13,132,2,17,0,183,0.07,0,0,0,0,0.014,0.039,0.031,0.081,0.077,0.136,0.138,0.164,0.164,0.169,0.204,0.205
020_AAAF,CRGRO048,32,32,2020-08-09T00:00:00Z,76,260,68,11,13,137,2,17,0,183,0.09,0,0,0,0,0.084,0.052,0.032,0.08,0.077,0.135,0.137,0.163,0.164,0.168,0.203,0.205
020_AAAF,CRGRO048,32,32,2020-08-10T00:00:00Z,77,267,76,11,13,147,2,17,0,183,0.09,0,0,0,0,0.132,0.071,0.054,0.083,0.076,0.135,0.137,0.163,0.163,0.168,0.203,0.205
020_AAAF,CRGRO048,32,32,2020-08-11T00:00:00Z,78,263,71,11,13,147,2,17,0,183,0.09,0,0,0,0,0.043,0.044,0.05,0.118,0.076,0.135,0.137,0.162,0.163,0.168,0.203,0.205
020_AAAF,CRGRO048,32,32,2020-08-12T00:00:00Z,79,269,77,11,13,157,2,17,0,183,0.1,0,0,0,0,0.111,0.068,0.056,0.109,0.083,0.135,0.136,0.162,0.163,0.168,0.203,0.205
020_AAAF,CRGRO048,32,32,2020-08-13T00:00:00Z,80,265,73,11,13,157,2,17,0,183,0.11,0,0,0,0,0.043,0.052,0.055,0.116,0.085,0.134,0.136,0.162,0.163,0.168,0.203,0.205
020_AAAF,CRGRO048,32,32,2020-08-14T00:00:00Z,81,269,77,11,13,165,2,17,0,183,0.11,0,0,0,0,0.089,0.064,0.055,0.112,0.092,0.134,0.136,0.162,0.163,0.168,0.203,0.205
020_AAAF,CRGRO048,32,32,2020-08-15T00:00:00Z,82,264,72,11,13,165,2,17,0,183,0.11,0,0,0,0,0.03,0.045,0.051,0.112,0.101,0.134,0.136,0.162,0.162,0.168,0.203,0.205
020_AAAF,CRGRO048,32,32,2020-08-16T00:00:00Z,83,260,68,11,13,165,2,17,0,183,0.1,0,0,0,0,0.014,0.042,0.045,0.097,0.097,0.134,0.136,0.161,0.162,0.167,0.203,0.205
020_AAAF,CRGRO048,32,32,2020-08-17T00:00:00Z,84,257,65,11,13,165,2,17,0,183,0.09,0,0,0,0,0.014,0.039,0.04,0.092,0.092,0.134,0.135,0.161,0.162,0.167,0.202,0.205
020_AAAF,CRGRO048,32,32,2020-08-18T00:00:00Z,85,293,101,13,13,204,2,17,0,183,0.12,0,0,2.17,0,0.167,0.15,0.094,0.145,0.121,0.14,0.135,0.16,0.161,0.166,0.202,0.205
020_AAAF,CRGRO048,32,32,2020-08-19T00:00:00Z,86,288,96,13,13,204,2,17,0,183,0.11,0,0,0,0,0.066,0.085,0.063,0.123,0.115,0.174,0.174,0.179,0.161,0.166,0.202,0.205
020_AAAF,CRGRO048,32,32,2020-08-20T00:00:00Z,87,286,94,13,13,206,2,17,0,183,0.13,0,0,0,0,0.046,0.065,0.06,0.125,0.121,0.175,0.174,0.18,0.161,0.166,0.202,0.205
020_AAAF,CRGRO048,32,32,2020-08-21T00:00:00Z,88,284,92,13,13,206,2,17,0,183,0.13,0,0,0,0,0.036,0.055,0.056,0.122,0.12,0.175,0.174,0.181,0.161,0.166,0.202,0.205
020_AAAF,CRGRO048,32,32,2020-08-22T00:00:00Z,89,283,91,13,13,207,2,17,0,183,0.13,0,0,0,0,0.044,0.054,0.055,0.118,0.119,0.174,0.173,0.181,0.161,0.167,0.202,0.205
020_AAAF,CRGRO048,32,32,2020-08-23T00:00:00Z,90,282,90,13,13,208,2,17,0,183,0.13,0,0,0,0,0.045,0.054,0.054,0.115,0.116,0.173,0.172,0.18,0.161,0.167,0.202,0.205
020_AAAF,CRGRO048,32,32,2020-08-24T00:00:00Z,91,309,117,13,13,237,2,17,0,183,0.14,0,0,0.28,0,0.159,0.142,0.088,0.148,0.133,0.181,0.177,0.183,0.161,0.167,0.202,0.205
020_AAAF,CRGRO048,32,32,2020-08-25T00:00:00Z,92,324,132,13,13,256,2,17,0,183,0.14,0,0,0.09,0,0.141,0.147,0.11,0.181,0.157,0.198,0.187,0.193,0.161,0.167,0.202,0.205
020_AAAF,CRGRO048,32,32,2020-08-26T00:00:00Z,93,321,129,13,13,256,2,17,0,183,0.14,0,0,0,0,0.072,0.097,0.091,0.177,0.164,0.209,0.198,0.201,0.179,0.167,0.201,0.205
020_AAAF,CRGRO048,32,32,2020-08-27T00:00:00Z,94,314,122,13,15,256,2,17,0,183,0.13,0,0,0,0,0.032,0.065,0.063,0.138,0.133,0.185,0.181,0.197,0.252,0.194,0.205,0.205
020_AAAF,CRGRO048,32,32,2020-08-28T00:00:00Z,95,303,111,13,22,256,2,17,0,183,0.12,0,0,0,0,0.014,0.053,0.053,0.121,0.119,0.176,0.174,0.196,0.237,0.193,0.205,0.205
020_AAAF,CRGRO048,32,32,2020-08-29T00:00:00Z,96,296,104,13,26,256,2,17,0,183,0.11,0,0,0,0,0.014,0.051,0.052,0.115,0.114,0.174,0.172,0.194,0.21,0.193,0.205,0.205
020_AAAF,CRGRO048,32,32,2020-08-30T00:00:00Z,97,330,138,15,26,295,2,17,0,183,0.15,0,0,1.98,0,0.167,0.15,0.102,0.158,0.137,0.183,0.178,0.197,0.199,0.196,0.206,0.207
020_AAAF,CRGRO048,32,32,2020-08-31T00:00:00Z,98,329,138,15,27,298,2,17,0,183,0.14,0,0,0,0,0.115,0.107,0.093,0.17,0.153,0.196,0.187,0.2,0.201,0.198,0.207,0.207
020_AAAF,CRGRO048,32,32,2020-09-01T00:00:00Z,99,318,126,15,34,298,2,17,0,183,0.13,0,0,0,0,0.053,0.07,0.064,0.135,0.128,0.181,0.177,0.196,0.267,0.198,0.207,0.207
020_AAAF,CRGRO048,32,32,2020-09-02T00:00:00Z,100,306,115,15,41,298,2,17,0,183,0.12,0,0,0,0,0.031,0.055,0.054,0.121,0.118,0.174,0.173,0.195,0.247,0.197,0.207,0.207
020_AAAF,CRGRO048,32,32,2020-09-03T00:00:00Z,101,297,105,15,46,298,2,17,0,183,0.11,0,0,0,0,0.014,0.052,0.052,0.112,0.111,0.171,0.171,0.194,0.214,0.194,0.207,0.207
020_AAAF,CRGRO048,32,32,2020-09-04T00:00:00Z,102,291,99,15,48,298,2,17,0,183,0.1,0,0,0,0,0.014,0.049,0.049,0.106,0.106,0.167,0.167,0.191,0.199,0.192,0.207,0.207
020_AAAF,CRGRO048,32,32,2020-09-05T00:00:00Z,103,286,94,15,48,298,2,17,0,183,0.09,0,0,0,0,0.014,0.046,0.046,0.101,0.101,0.164,0.164,0.188,0.193,0.191,0.207,0.207
020_AAAF,CRGRO048,32,32,2020-09-06T00:00:00Z,104,284,92,15,48,298,2,17,0,183,0.08,0,0,0,0,0.014,0.044,0.045,0.099,0.099,0.162,0.162,0.187,0.19,0.189,0.207,0.207
020_AAAF,CRGRO048,32,32,2020-09-07T00:00:00Z,105,280,88,15,48,298,2,17,0,183,0.07,0,0,0,0,0.014,0.041,0.042,0.096,0.097,0.159,0.159,0.184,0.187,0.187,0.207,0.207
020_AAAF,CRGRO048,32,32,2020-09-08T00:00:00Z,106,277,85,15,48,298,2,17,0,183,0.06,0,0,0,0,0.014,0.039,0.04,0.093,0.094,0.156,0.157,0.182,0.184,0.184,0.207,0.207
020_AAAF,CRGRO048,32,32,2020-09-09T00:00:00Z,107,286,94,15,48,309,2,17,0,183,0.16,0,0,0,0,0.132,0.065,0.052,0.092,0.093,0.155,0.155,0.181,0.182,0.183,0.207,0.207
020_AAAF,CRGRO048,32,32,2020-09-10T00:00:00Z,108,294,102,15,48,319,2,17,0,183,0.15,0,0,0,0,0.153,0.086,0.067,0.123,0.098,0.154,0.155,0.18,0.181,0.182,0.207,0.207
020_AAAF,CRGRO048,32,32,2020-09-11T00:00:00Z,109,294,102,15,48,321,2,17,0,183,0.17,0,0,0,0,0.105,0.077,0.065,0.131,0.121,0.154,0.154,0.18,0.181,0.182,0.207,0.207
020_AAAF,CRGRO048,32,32,2020-09-12T00:00:00Z,110,291,99,15,48,322,2,17,0,183,0.17,0,0,0,0,0.062,0.063,0.059,0.129,0.122,0.166,0.154,0.18,0.181,0.182,0.207,0.207
020_AAAF,CRGRO048,32,32,2020-09-13T00:00:00Z,111,289,97,15,48,322,2,17,0,183,0.17,0,0,0,0,0.051,0.056,0.056,0.123,0.121,0.173,0.154,0.179,0.18,0.182,0.207,0.207
020_AAAF,CRGRO048,32,32,2020-09-14T00:00:00Z,112,287,95,15,48,323,2,17,0,183,0.17,0,0,0,0,0.046,0.054,0.053,0.117,0.116,0.173,0.156,0.179,0.18,0.181,0.207,0.207
020_AAAF,CRGRO048,32,32,2020-09-15T00:00:00Z,113,288,96,15,48,325,2,17,0,183,0.17,0,0,0,0,0.067,0.057,0.054,0.119,0.114,0.172,0.156,0.179,0.18,0.181,0.207,0.207
020_AAAF,CRGRO048,32,32,2020-09-16T00:00:00Z,114,297,105,15,48,335,2,17,0,183,0.18,0,0,0,0,0.147,0.077,0.063,0.126,0.121,0.175,0.156,0.179,0.18,0.181,0.207,0.207
020_AAAF,CRGRO048,32,32,2020-09-17T00:00:00Z,115,301,109,15,48,342,2,17,0,183,0.16,0,0,0,0,0.143,0.083,0.068,0.134,0.126,0.179,0.165,0.179,0.179,0.181,0.207,0.207
020_AAAF,CRGRO048,32,32,2020-09-18T00:00:00Z,116,300,108,15,48,342,2,17,0,183,0.14,0,0,0,0,0.083,0.063,0.057,0.123,0.12,0.175,0.174,0.196,0.189,0.181,0.207,0.207
020_AAAF,CRGRO048,32,32,2020-09-19T00:00:00Z,117,298,106,15,48,342,2,17,0,183,0.13,0,0,0,0,0.056,0.055,0.054,0.118,0.117,0.174,0.173,0.195,0.194,0.189,0.207,0.207
020_AAAF,CRGRO048,32,32,2020-09-20T00:00:00Z,118,296,104,15,48,342,2,17,0,183,0.11,0,0,0,0,0.047,0.054,0.053,0.115,0.115,0.173,0.172,0.195,0.193,0.189,0.207,0.207
020_AAAF,CRGRO048,32,32,2020-09-21T00:00:00Z,119,293,101,15,48,342,2,17,0,183,0.1,0,0,0,0,0.032,0.052,0.051,0.111,0.111,0.17,0.17,0.193,0.192,0.188,0.206,0.207
020_AAAF,CRGRO048,32,32,2020-09-22T00:00:00Z,120,289,97,15,48,342,2,17,0,183,0.09,0,0,0,0,0.017,0.05,0.049,0.107,0.107,0.168,0.168,0.192,0.19,0.187,0.206,0.207
020_AAAF,CRGRO048,32,32,2020-09-23T00:00:00Z,121,287,95,15,48,342,2,17,0,183,0.08,0,0,0,0,0.014,0.048,0.048,0.105,0.105,0.166,0.166,0.19,0.189,0.186,0.206,0.207
020_AAAF,CRGRO048,32,32,2020-09-24T00:00:00Z,122,284,93,15,48,342,2,17,0,183,0.07,0,0,0,0,0.014,0.046,0.046,0.102,0.102,0.164,0.164,0.189,0.187,0.185,0.206,0.207
020_AAAF,CRGRO048,32,32,2020-09-25T00:00:00Z,123,284,92,15,48,345,2,17,0,183,0.19,0,0,0,0,0.062,0.049,0.044,0.099,0.099,0.161,0.162,0.186,0.185,0.184,0.206,0.207
020_AAAF,CRGRO048,32,32,2020-09-26T00:00:00Z,124,281,89,15,48,345,2,17,0,183,0.16,0,0,0,0,0.039,0.049,0.043,0.097,0.097,0.159,0.16,0.185,0.183,0.183,0.206,0.207
020_AAAF,CRGRO048,32,32,2020-09-27T00:00:00Z,125,281,89,15,48,346,2,17,0,183,0.2,0,0,0,0,0.05,0.047,0.042,0.096,0.097,0.158,0.159,0.184,0.183,0.182,0.206,0.207
020_AAAF,CRGRO048,32,32,2020-09-28T00:00:00Z,126,281,89,15,48,349,2,17,0,183,0.18,0,0,0,0,0.066,0.054,0.045,0.095,0.095,0.157,0.157,0.183,0.181,0.181,0.206,0.207
020_AAAF,CRGRO048,32,32,2020-09-29T00:00:00Z,127,300,109,15,48,369,2,17,0,183,0.19,0,0,0,0,0.157,0.114,0.074,0.128,0.108,0.156,0.157,0.182,0.181,0.181,0.206,0.207
020_AAAF,CRGRO048,32,32,2020-09-30T00:00:00Z,128,297,105,15,48,369,2,17,0,183,0.17,0,0,0,0,0.077,0.071,0.055,0.117,0.117,0.174,0.174,0.195,0.18,0.181,0.206,0.207
020_AAAF,CRGRO048,32,32,2020-10-01T00:00:00Z,129,293,101,15,48,369,2,17,0,183,0.15,0,0,0,0,0.045,0.054,0.054,0.115,0.115,0.172,0.172,0.195,0.186,0.18,0.206,0.207
020_AAAF,CRGRO048,32,32,2020-10-02T00:00:00Z,130,290,99,15,48,369,2,17,0,183,0.13,0,0,0,0,0.032,0.052,0.052,0.111,0.111,0.17,0.17,0.193,0.186,0.18,0.206,0.207
020_AAAF,CRGRO048,32,32,2020-10-03T00:00:00Z,131,288,96,15,48,369,2,17,0,183,0.11,0,0,0,0,0.022,0.051,0.051,0.108,0.109,0.168,0.169,0.192,0.185,0.18,0.206,0.207
020_AAAF,CRGRO048,32,32,2020-10-04T00:00:00Z,132,285,94,15,48,369,2,17,0,183,0.1,0,0,0,0,0.014,0.048,0.049,0.105,0.106,0.166,0.167,0.191,0.184,0.18,0.206,0.207
020_AAAF,CRGRO048,32,32,2020-10-05T00:00:00Z,133,283,91,15,48,369,2,17,0,183,0.09,0,0,0,0,0.014,0.046,0.047,0.102,0.103,0.164,0.165,0.189,0.183,0.179,0.206,0.207
020_AAAF,CRGRO048,32,32,2020-10-06T00:00:00Z,134,281,89,15,48,369,2,17,0,183,0.08,0,0,0,0,0.014,0.045,0.046,0.1,0.101,0.162,0.163,0.188,0.182,0.179,0.205,0.207
020_AAAF,CRGRO048,32,32,2020-10-07T00:00:00Z,135,278,86,15,48,369,2,17,0,183,0.07,0,0,0,0,0.014,0.042,0.043,0.097,0.097,0.159,0.159,0.185,0.18,0.178,0.205,0.207
020_AAAF,CRGRO048,32,32,2020-10-08T00:00:00Z,136,273,82,15,48,369,2,17,0,183,0.06,0,0,0,0,0.014,0.039,0.04,0.093,0.093,0.155,0.156,0.181,0.178,0.176,0.205,0.207
020_AAAF,CRGRO048,32,32,2020-10-09T00:00:00Z,137,271,79,15,48,369,2,17,0,183,0.05,0,0,0,0,0.014,0.037,0.038,0.09,0.091,0.153,0.153,0.179,0.176,0.175,0.205,0.207
020_AAAF,CRGRO048,32,32,2020-10-10T00:00:00Z,138,279,87,15,48,380,2,17,0,183,0.21,0,0,0,0,0.132,0.063,0.048,0.088,0.089,0.15,0.151,0.177,0.174,0.173,0.205,0.207
020_AAAF,CRGRO048,32,32,2020-10-11T00:00:00Z,139,275,83,15,48,380,2,17,0,183,0.19,0,0,0,0,0.068,0.051,0.054,0.095,0.088,0.149,0.15,0.176,0.173,0.173,0.205,0.207
020_AAAF,CRGRO048,32,32,2020-10-12T00:00:00Z,140,273,81,15,48,380,2,17,0,183,0.16,0,0,0,0,0.044,0.05,0.05,0.097,0.088,0.149,0.15,0.175,0.173,0.173,0.205,0.207
020_AAAF,CRGRO048,32,32,2020-10-13T00:00:00Z,141,269,77,15,48,380,2,17,0,183,0.14,0,0,0,0,0.024,0.044,0.043,0.093,0.087,0.147,0.148,0.174,0.171,0.172,0.205,0.207
020_AAAF,CRGRO048,32,32,2020-10-14T00:00:00Z,142,266,74,15,48,380,2,17,0,183,0.12,0,0,0,0,0.014,0.04,0.04,0.09,0.085,0.146,0.147,0.172,0.17,0.171,0.205,0.207
020_AAAF,CRGRO048,32,32,2020-10-15T00:00:00Z,143,263,72,15,48,380,2,17,0,183,0.11,0,0,0,0,0.014,0.037,0.038,0.088,0.084,0.144,0.145,0.171,0.169,0.17,0.204,0.207
020_AAAF,CRGRO048,33,33,2020-05-25T00:00:00Z,0,256,64,0,0,0,0,0,0,174,0,0,0,0,0,0.086,0.086,0.086,0.086,0.086,0.118,0.118,0.135,0.129,0.129,0.178,0.258
020_AAAF,CRGRO048,33,33,2020-05-26T00:00:00Z,1,257,65,0,7,3,1,8,0,179,0,0,0,0,0,0.126,0.093,0.082,0.132,0.104,0.118,0.118,0.135,0.129,0.129,0.178,0.228
020_AAAF,CRGRO048,33,33,2020-05-27T00:00:00Z,2,252,60,0,10,4,1,8,0,181,0,0,0,0,0,0.035,0.078,0.074,0.143,0.126,0.129,0.118,0.135,0.129,0.129,0.178,0.214
020_AAAF,CRGRO048,33,33,2020-05-28T00:00:00Z,3,249,57,0,12,4,1,8,0,182,0,0,0,0,0,0.014,0.062,0.062,0.129,0.121,0.174,0.118,0.135,0.129,0.13,0.178,0.209
020_AAAF,CRGRO048,33,33,2020-05-29T00:00:00Z,4,249,57,0,12,4,1,8,0,183,0,0,0,0,0,0.014,0.056,0.056,0.123,0.121,0.173,0.133,0.135,0.129,0.13,0.178,0.206
020_AAAF,CRGRO048,33,33,2020-05-30T00:00:00Z,5,249,57,0,12,4,1,8,0,183,0,0,0,0,0,0.014,0.054,0.054,0.121,0.121,0.174,0.139,0.135,0.129,0.13,0.178,0.206
020_AAAF,CRGRO048,33,33,2020-05-31T00:00:00Z,6,249,57,0,12,4,1,8,0,183,0,0,0,0,0,0.014,0.053,0.054,0.121,0.121,0.173,0.139,0.135,0.129,0.13,0.178,0.206
020_AAAF,CRGRO048,33,33,2020-06-01T00:00:00Z,7,249,57,0,12,4,1,8,0,183,0,0,0,0,0,0.014,0.053,0.054,0.121,0.121,0.173,0.139,0.135,0.129,0.13,0.178,0.206
020_AAAF,CRGRO048,33,33,2020-06-02T00:00:00Z,8,248,57,0,12,4,1,8,0,183,0,0,0,0,0,0.014,0.052,0.054,0.121,0.121,0.172,0.139,0.135,0.129,0.13,0.178,0.206
020_AAAF,CRGRO048,33,33,2020-06-03T00:00:00Z,9,248,57,0,12,4,1,8,0,183,0,0,0,0,0,0.014,0.052,0.054,0.121,0.121,0.172,0.14,0.135,0.129,0.131,0.178,0.206
020_AAAF,CRGRO048,33,33,2020-06-04T00:00:00Z,10,248,56,0,12,4,1,8,0,183,0,0,0,0,0,0.014,0.051,0.054,0.121,0.121,0.172,0.14,0.135,0.129,0.131,0.178,0.206
020_AAAF,CRGRO048,33,33,2020-06-05T00:00:00Z,11,248,56,0,12,4,1,8,0,183,0,0,0,0,0,0.014,0.05,0.054,0.121,0.121,0.171,0.14,0.135,0.129,0.131,0.178,0.205
020_AAAF,CRGRO048,33,33,2020-06-06T00:00:00Z,12,249,57,0,12,4,1,8,0,183,0,0,0,0,0,0.024,0.05,0.054,0.121,0.121,0.171,0.14,0.135,0.129,0.131,0.178,0.205
020_AAAF,CRGRO048,33,33,2020-06-07T00:00:00Z,13,258,67,0,12,15,1,8,0,183,0,0,0,0,0,0.125,0.07,0.06,0.127,0.124,0.175,0.143,0.135,0.129,0.131,0.178,0.205
020_AAAF,CRGRO048,33,33,2020-06-08T00:00:00Z,14,257,65,0,12,17,1,8,0,183,0,0,0,0,0,0.023,0.073,0.064,0.132,0.128,0.179,0.151,0.135,0.129,0.131,0.178,0.205
020_AAAF,CRGRO048,33,33,2020-06-09T00:00:00Z,15,264,73,0,12,25,1,8,0,183,0,0,0,0,0,0.108,0.075,0.066,0.136,0.132,0.183,0.164,0.135,0.129,0.132,0.178,0.205
020_AAAF,CRGRO048,33,33,2020-06-10T00:00:00Z,16,261,70,0,12,26,1,8,0,183,0,0,0,0,0,0.013,0.069,0.064,0.136,0.134,0.186,0.176,0.137,0.129,0.132,0.178,0.205
020_AAAF,CRGRO048,33,33,2020-06-11T00:00:00Z,17,264,72,0,12,28,1,8,0,183,0,0,0,0,0,0.057,0.058,0.06,0.132,0.132,0.186,0.181,0.143,0.129,0.132,0.178,0.205
020_AAAF,CRGRO048,33,33,2020-06-12T00:00:00Z,18,262,70,0,12,29,1,8,0,183,0,0,0,0,0,0.014,0.056,0.057,0.128,0.129,0.184,0.182,0.149,0.129,0.132,0.178,0.205
020_AAAF,CRGRO048,33,33,2020-06-13T00:00:00Z,19,261,69,0,12,29,1,8,0,183,0,0,0,0,0,0.014,0.055,0.054,0.121,0.123,0.178,0.177,0.159,0.129,0.132,0.178,0.205
020_AAAF,CRGRO048,33,33,2020-06-14T00:00:00Z,20,261,69,0,12,29,1,8,0,183,0,0,0,0,0,0.014,0.053,0.053,0.12,0.12,0.176,0.175,0.162,0.129,0.132,0.178,0.204
020_AAAF,CRGRO048,33,33,2020-06-15T00:00:00Z,21,261,69,0,12,29,1,8,0,183,0,0,0,0,0,0.014,0.052,0.053,0.119,0.12,0.176,0.175,0.162,0.129,0.133,0.178,0.204
020_AAAF,CRGRO048,33,33,2020-06-16T00:00:00Z,22,260,68,0,12,29,1,8,0,183,0,0,0,0,0,0.014,0.051,0.053,0.118,0.12,0.176,0.175,0.162,0.13,0.133,0.178,0.204
020_AAAF,CRGRO048,33,33,2020-06-17T00:00:00Z,23,260,68,0,12,29,1,8,0,183,0,0,0,0,0,0.014,0.05,0.052,0.117,0.119,0.176,0.174,0.162,0.13,0.133,0.178,0.204
020_AAAF,CRGRO048,33,33,2020-06-18T00:00:00Z,24,260,68,0,12,29,1,8,0,183,0,0,0,0,0,0.014,0.049,0.051,0.116,0.118,0.176,0.174,0.162,0.13,0.133,0.178,0.204
020_AAAF,CRGRO048,33,33,2020-06-19T00:00:00Z,25,260,68,0,12,30,1,8,0,183,0,0,0,0,0,0.03,0.048,0.051,0.115,0.117,0.176,0.174,0.162,0.13,0.133,0.178,0.204
020_AAAF,CRGRO048,33,33,2020-06-20T00:00:00Z,26,259,67,0,12,30,1,8,0,183,0,0,0,0,0,0.02,0.047,0.05,0.113,0.116,0.175,0.174,0.162,0.13,0.133,0.178,0.204
020_AAAF,CRGRO048,33,33,2020-06-21T00:00:00Z,27,258,66,0,12,30,1,8,0,183,0,0,0,0,0,0.014,0.046,0.049,0.112,0.114,0.175,0.174,0.163,0.13,0.134,0.178,0.204
020_AAAF,CRGRO048,33,33,2020-06-22T00:00:00Z,28,257,66,0,12,30,1,8,0,183,0,0,0,0,0,0.014,0.045,0.049,0.11,0.113,0.175,0.173,0.163,0.13,0.134,0.178,0.204
020_AAAF,CRGRO048,33,33,2020-06-23T00:00:00Z,29,257,65,0,12,30,1,8,0,183,0,0,0,0,0,0.014,0.044,0.048,0.109,0.112,0.174,0.173,0.163,0.13,0.134,0.178,0.203
020_AAAF,CRGRO048,33,33,2020-06-24T00:00:00Z,30,256,64,0,12,30,1,8,0,183,0,0,0,0,0,0.014,0.044,0.047,0.107,0.11,0.173,0.173,0.163,0.13,0.134,0.178,0.203
020_AAAF,CRGRO048,33,33,2020-06-25T00:00:00Z,31,256,64,0,12,30,1,8,0,183,0,0,0,0,0,0.014,0.043,0.047,0.106,0.109,0.173,0.173,0.163,0.131,0.134,0.178,0.203
020_AAAF,CRGRO048,33,33,2020-06-26T00:00:00Z,32,255,63,0,12,30,1,8,0,183,0,0,0,0,0,0.014,0.042,0.046,0.105,0.108,0.172,0.172,0.163,0.131,0.134,0.178,0.203
020_AAAF,CRGRO048,33,33,2020-06-27T00:00:00Z,33,255,63,0,12,30,1,8,0,183,0,0,0,0,0,0.024,0.041,0.045,0.104,0.107,0.171,0.171,0.163,0.131,0.135,0.178,0.203
020_AAAF,CRGRO048,33,33,2020-06-28T00:00:00Z,34,254,62,0,12,30,1,8,0,183,0,0,0,0,0,0.014,0.04,0.044,0.103,0.105,0.17,0.171,0.163,0.131,0.135,0.178,0.203
020_AAAF,CRGRO048,33,33,2020-06-29T00:00:00Z,35,253,61,0,12,30,1,8,0,183,0,0,0,0,0,0.014,0.04,0.044,0.102,0.104,0.168,0.17,0.163,0.131,0.135,0.178,0.203
020_AAAF,CRGRO048,33,33,2020-06-30T00:00:00Z,36,266,74,0,12,44,1,8,0,183,0,0,0,0,0,0.161,0.072,0.057,0.11,0.103,0.167,0.169,0.163,0.131,0.135,0.178,0.203
020_AAAF,CRGRO048,33,33,2020-07-01T00:00:00Z,37,261,69,0,12,44,1,8,0,183,0,0,0,0,0,0.013,0.056,0.053,0.118,0.119,0.173,0.174,0.165,0.131,0.135,0.178,0.203
020_AAAF,CRGRO048,33,33,2020-07-02T00:00:00Z,38,260,68,0,12,44,1,8,0,183,0,0,0,0,0,0.014,0.054,0.052,0.114,0.115,0.173,0.173,0.165,0.131,0.135,0.178,0.203
020_AAAF,CRGRO048,33,33,2020-07-03T00:00:00Z,39,258,67,0,12,44,1,8,0,183,0,0,0,0,0,0.014,0.051,0.05,0.111,0.112,0.171,0.172,0.165,0.132,0.135,0.178,0.202
020_AAAF,CRGRO048,33,33,2020-07-04T00:00:00Z,40,257,65,0,12,44,1,8,0,183,0,0,0,0,0,0.014,0.049,0.049,0.107,0.108,0.169,0.17,0.165,0.132,0.136,0.178,0.202
020_AAAF,CRGRO048,33,33,2020-07-05T00:00:00Z,41,260,68,0,12,49,1,8,0,183,0,0,0,0,0,0.079,0.056,0.052,0.105,0.106,0.168,0.169,0.165,0.132,0.136,0.178,0.202
020_AAAF,CRGRO048,33,33,2020-07-06T00:00:00Z,42,301,110,11,12,103,1,8,0,183,0.01,0,0,10.71,0,0.122,0.151,0.131,0.184,0.149,0.188,0.179,0.169,0.132,0.136,0.178,0.202
020_AAAF,CRGRO048,33,33,2020-07-07T00:00:00Z,43,307,115,11,12,112,1,8,0,183,0.01,0,0,0,0,0.12,0.116,0.109,0.195,0.172,0.209,0.195,0.184,0.132,0.136,0.178,0.202
020_AAAF,CRGRO048,33,33,2020-07-08T00:00:00Z,44,303,111,11,12,112,1,8,0,183,0.01,0,0,0,0,0.027,0.076,0.073,0.147,0.138,0.187,0.182,0.196,0.216,0.181,0.178,0.202
020_AAAF,CRGRO048,33,33,2020-07-09T00:00:00Z,45,303,111,11,12,114,1,8,0,183,0.01,0,0,0,0,0.049,0.06,0.062,0.139,0.136,0.189,0.185,0.199,0.206,0.196,0.18,0.202
020_AAAF,CRGRO048,33,33,2020-07-10T00:00:00Z,46,298,106,11,13,114,1,8,0,183,0.01,0,0,0,0,0.013,0.053,0.053,0.121,0.12,0.178,0.176,0.197,0.199,0.196,0.205,0.205
020_AAAF,CRGRO048,33,33,2020-07-11T00:00:00Z,47,294,102,11,13,114,1,8,0,183,0.01,0,0,0,0,0.014,0.05,0.051,0.111,0.112,0.172,0.174,0.196,0.196,0.196,0.205,0.205
020_AAAF,CRGRO048,33,33,2020-07-12T00:00:00Z,48,291,99,11,13,114,1,8,0,183,0.01,0,0,0,0,0.014,0.047,0.048,0.105,0.106,0.169,0.171,0.194,0.195,0.196,0.205,0.205
020_AAAF,CRGRO048,33,33,2020-07-13T00:00:00Z,49,288,96,11,13,114,1,8,0,183,0.01,0,0,0,0,0.014,0.045,0.046,0.102,0.103,0.166,0.168,0.193,0.194,0.196,0.205,0.205
020_AAAF,CRGRO048,33,33,2020-07-14T00:00:00Z,50,286,94,11,13,114,1,8,0,183,0.01,0,0,0,0,0.014,0.043,0.044,0.099,0.1,0.163,0.165,0.191,0.193,0.196,0.205,0.205
020_AAAF,CRGRO048,33,33,2020-07-15T00:00:00Z,51,283,91,11,13,114,1,8,0,183,0.01,0,0,0,0,0.014,0.041,0.042,0.097,0.098,0.161,0.163,0.189,0.191,0.195,0.205,0.205
020_AAAF,CRGRO048,33,33,2020-07-16T00:00:00Z,52,281,89,11,13,114,1,8,0,183,0.01,0,0,0,0,0.014,0.039,0.041,0.095,0.096,0.159,0.16,0.187,0.19,0.195,0.205,0.205
020_AAAF,CRGRO048,33,33,2020-07-17T00:00:00Z,53,287,95,11,13,114,2,15,0,183,0.01,0,0,0,0,0.105,0.058,0.046,0.093,0.094,0.157,0.159,0.185,0.188,0.194,0.205,0.205
020_AAAF,CRGRO048,33,33,2020-07-18T00:00:00Z,54,281,90,11,13,114,2,15,0,183,0.01,0,0,0,0,0.02,0.047,0.051,0.101,0.093,0.155,0.157,0.184,0.186,0.193,0.205,0.205
020_AAAF,CRGRO048,33,33,2020-07-19T00:00:00Z,55,278,86,11,13,114,2,15,0,183,0.01,0,0,0,0,0.014,0.043,0.046,0.097,0.091,0.154,0.156,0.183,0.185,0.191,0.205,0.205
020_AAAF,CRGRO048,33,33,2020-07-20T00:00:00Z,56,276,84,11,13,114,2,15,0,183,0.01,0,0,0,0,0.014,0.041,0.043,0.094,0.09,0.152,0.154,0.181,0.183,0.189,0.205,0.205
020_AAAF,CRGRO048,33,33,2020-07-21T00:00:00Z,57,273,82,11,13,114,2,15,0,183,0.01,0,0,0,0,0.014,0.039,0.041,0.092,0.089,0.151,0.152,0.179,0.181,0.188,0.205,0.205
020_AAAF,CRGRO048,33,33,2020-07-22T00:00:00Z,58,282,90,11,13,117,3,23,0,183,0.02,0,0,0,0,0.131,0.064,0.051,0.09,0.088,0.149,0.151,0.178,0.18,0.186,0.205,0.205
020_AAAF,CRGRO048,33,33,2020-07-23T00:00:00Z,59,280,88,11,13,120,3,23,0,183,0.02,0,0,0,0,0.07,0.06,0.057,0.105,0.087,0.149,0.151,0.177,0.179,0.185,0.205,0.205
020_AAAF,CRGRO048,33,33,2020-07-24T00:00:00Z,60,276,84,11,13,120,3,23,0,183,0.02,0,0,0,0,0.02,0.05,0.051,0.109,0.087,0.148,0.15,0.177,0.179,0.185,0.205,0.205
020_AAAF,CRGRO048,33,33,2020-07-25T00:00:00Z,61,272,81,11,13,120,3,23,0,183,0.03,0,0,0,0,0.014,0.045,0.046,0.1,0.087,0.147,0.149,0.176,0.178,0.183,0.205,0.205
020_AAAF,CRGRO048,33,33,2020-07-26T00:00:00Z,62,270,78,11,13,120,3,23,0,183,0.03,0,0,0,0,0.014,0.041,0.042,0.095,0.086,0.146,0.148,0.175,0.176,0.182,0.205,0.205
020_AAAF,CRGRO048,33,33,2020-07-27T00:00:00Z,63,268,76,11,13,120,3,23,0,183,0.03,0,0,0,0,0.014,0.039,0.04,0.092,0.085,0.145,0.147,0.174,0.175,0.18,0.205,0.205
020_AAAF,CRGRO048,33,33,2020-07-28T00:00:00Z,64,274,82,11,13,120,4,31,0,183,0.03,0,0,0,0,0.106,0.058,0.045,0.09,0.084,0.144,0.146,0.172,0.174,0.179,0.205,0.205
020_AAAF,CRGRO048,33,33,2020-07-29T00:00:00Z,65,277,85,11,13,126,4,31,0,183,0.04,0,0,0,0,0.111,0.067,0.057,0.1,0.084,0.144,0.145,0.172,0.173,0.179,0.205,0.205
020_AAAF,CRGRO048,33,33,2020-07-30T00:00:00Z,66,275,83,11,13,127,4,31,0,183,0.04,0,0,0,0,0.062,0.056,0.056,0.115,0.084,0.143,0.145,0.172,0.173,0.178,0.205,0.205
020_AAAF,CRGRO048,33,33,2020-07-31T00:00:00Z,67,271,79,11,13,127,4,31,0,183,0.04,0,0,0,0,0.027,0.051,0.049,0.109,0.085,0.143,0.145,0.171,0.173,0.178,0.204,0.205
020_AAAF,CRGRO048,33,33,2020-08-01T00:00:00Z,68,266,74,11,13,127,4,31,0,183,0.04,0,0,0,0,0.014,0.043,0.043,0.094,0.084,0.142,0.144,0.17,0.171,0.177,0.204,0.205
020_AAAF,CRGRO048,33,33,2020-08-02T00:00:00Z,69,264,72,11,13,127,4,31,0,183,0.04,0,0,0,0,0.014,0.039,0.04,0.091,0.083,0.141,0.143,0.169,0.17,0.175,0.204,0.205
020_AAAF,CRGRO048,33,33,2020-08-03T00:00:00Z,70,270,78,11,13,127,5,38,0,183,0.05,0,0,0,0,0.106,0.058,0.044,0.089,0.082,0.14,0.142,0.168,0.169,0.174,0.204,0.205
020_AAAF,CRGRO048,33,33,2020-08-04T00:00:00Z,71,266,75,11,13,128,5,38,0,183,0.06,0,0,0,0,0.052,0.051,0.051,0.087,0.082,0.14,0.142,0.168,0.169,0.174,0.204,0.205
020_AAAF,CRGRO048,33,33,2020-08-05T00:00:00Z,72,262,70,11,13,128,5,38,0,183,0.06,0,0,0,0,0.02,0.042,0.042,0.086,0.081,0.139,0.141,0.167,0.168,0.173,0.204,0.205
020_AAAF,CRGRO048,33,33,2020-08-06T00:00:00Z,73,263,71,11,13,131,5,38,0,183,0.07,0,0,0,0,0.065,0.049,0.039,0.084,0.08,0.138,0.14,0.166,0.167,0.172,0.204,0.205
020_AAAF,CRGRO048,33,33,2020-08-07T00:00:00Z,74,260,68,11,13,132,5,38,0,183,0.07,0,0,0,0,0.027,0.046,0.037,0.083,0.079,0.138,0.139,0.165,0.166,0.171,0.204,0.205
020_AAAF,CRGRO048,33,33,2020-08-08T00:00:00Z,75,257,66,11,13,132,5,38,0,183,0.07,0,0,0,0,0.014,0.04,0.035,0.082,0.079,0.137,0.139,0.165,0.165,0.17,0.204,0.205
020_AAAF,CRGRO048,33,33,2020-08-09T00:00:00Z,76,269,78,11,13,137,6,47,0,183,0.08,0,0,0,0,0.159,0.07,0.053,0.081,0.078,0.136,0.138,0.164,0.165,0.169,0.204,0.205
020_AAAF,CRGRO048,33,33,2020-08-10T00:00:00Z,77,277,85,11,13,147,6,47,0,183,0.08,0,0,0,0,0.149,0.088,0.069,0.12,0.08,0.136,0.138,0.164,0.164,0.169,0.203,0.205
020_AAAF,CRGRO048,33,33,2020-08-11T00:00:00Z,78,273,81,11,13,147,6,47,0,183,0.08,0,0,0,0,0.063,0.058,0.051,0.112,0.119,0.153,0.138,0.164,0.164,0.169,0.203,0.205
020_AAAF,CRGRO048,33,33,2020-08-12T00:00:00Z,79,279,87,11,13,157,6,47,0,183,0.1,0,0,0,0,0.128,0.073,0.06,0.12,0.112,0.157,0.138,0.163,0.164,0.169,0.203,0.205
020_AAAF,CRGRO048,33,33,2020-08-13T00:00:00Z,80,275,83,11,13,157,6,47,0,183,0.1,0,0,0,0,0.064,0.061,0.058,0.119,0.117,0.159,0.138,0.163,0.164,0.169,0.203,0.205
020_AAAF,CRGRO048,33,33,2020-08-14T00:00:00Z,81,279,87,11,13,165,6,47,0,183,0.1,0,0,0,0,0.106,0.069,0.06,0.12,0.116,0.164,0.138,0.163,0.164,0.169,0.203,0.205
020_AAAF,CRGRO048,33,33,2020-08-15T00:00:00Z,82,274,82,11,13,165,6,47,0,183,0.1,0,0,0,0,0.049,0.05,0.052,0.111,0.113,0.173,0.151,0.163,0.164,0.169,0.203,0.205
020_AAAF,CRGRO048,33,33,2020-08-16T00:00:00Z,83,270,78,11,13,165,6,47,0,183,0.09,0,0,0,0,0.027,0.047,0.048,0.104,0.104,0.167,0.15,0.163,0.164,0.169,0.203,0.205
020_AAAF,CRGRO048,33,33,2020-08-17T00:00:00Z,84,265,73,11,13,165,6,47,0,183,0.09,0,0,0,0,0.014,0.042,0.043,0.096,0.097,0.16,0.149,0.162,0.163,0.168,0.203,0.205
020_AAAF,CRGRO048,33,33,2020-08-18T00:00:00Z,85,299,107,13,13,204,6,47,0,183,0.12,0,0,2.24,0,0.167,0.148,0.095,0.146,0.123,0.166,0.147,0.162,0.162,0.168,0.203,0.205
020_AAAF,CRGRO048,33,33,2020-08-19T00:00:00Z,86,294,103,13,13,204,6,47,0,183,0.11,0,0,0,0,0.076,0.084,0.063,0.123,0.114,0.173,0.174,0.196,0.168,0.168,0.202,0.205
020_AAAF,CRGRO048,33,33,2020-08-20T00:00:00Z,87,292,100,13,13,206,6,47,0,183,0.12,0,0,0,0,0.059,0.065,0.06,0.125,0.12,0.174,0.175,0.195,0.168,0.168,0.202,0.205
020_AAAF,CRGRO048,33,33,2020-08-21T00:00:00Z,88,290,98,13,13,206,6,47,0,183,0.12,0,0,0,0,0.048,0.056,0.056,0.123,0.12,0.175,0.174,0.195,0.168,0.168,0.202,0.205
020_AAAF,CRGRO048,33,33,2020-08-22T00:00:00Z,89,289,97,13,13,207,6,47,0,183,0.12,0,0,0,0,0.052,0.054,0.054,0.12,0.119,0.175,0.176,0.194,0.168,0.168,0.202,0.205
020_AAAF,CRGRO048,33,33,2020-08-23T00:00:00Z,90,288,96,13,13,208,6,47,0,183,0.13,0,0,0,0,0.052,0.054,0.054,0.117,0.118,0.174,0.174,0.194,0.168,0.168,0.202,0.205
020_AAAF,CRGRO048,33,33,2020-08-24T00:00:00Z,91,315,123,13,13,237,6,47,0,183,0.13,0,0,0.33,0,0.161,0.143,0.089,0.149,0.134,0.182,0.178,0.197,0.168,0.168,0.202,0.205
020_AAAF,CRGRO048,33,33,2020-08-25T00:00:00Z,92,330,138,13,13,256,6,47,0,183,0.13,0,0,0.12,0,0.149,0.147,0.11,0.182,0.157,0.199,0.188,0.2,0.182,0.168,0.202,0.205
020_AAAF,CRGRO048,33,33,2020-08-26T00:00:00Z,93,327,135,13,13,256,6,47,0,183,0.13,0,0,0,0,0.083,0.097,0.091,0.178,0.165,0.209,0.198,0.204,0.199,0.176,0.202,0.205
020_AAAF,CRGRO048,33,33,2020-08-27T00:00:00Z,94,319,127,13,17,256,6,47,0,183,0.12,0,0,0,0,0.045,0.065,0.063,0.137,0.132,0.186,0.181,0.198,0.278,0.194,0.205,0.205
020_AAAF,CRGRO048,33,33,2020-08-28T00:00:00Z,95,307,115,13,24,256,6,47,0,183,0.11,0,0,0,0,0.029,0.053,0.053,0.121,0.119,0.176,0.174,0.196,0.263,0.193,0.205,0.205
020_AAAF,CRGRO048,33,33,2020-08-29T00:00:00Z,96,298,106,13,30,256,6,47,0,183,0.1,0,0,0,0,0.018,0.051,0.052,0.115,0.114,0.174,0.172,0.195,0.221,0.193,0.205,0.205
020_AAAF,CRGRO048,33,33,2020-08-30T00:00:00Z,97,331,139,15,31,295,6,47,0,183,0.14,0,0,2.05,0,0.164,0.15,0.102,0.158,0.137,0.183,0.178,0.196,0.205,0.199,0.208,0.207
020_AAAF,CRGRO048,33,33,2020-08-31T00:00:00Z,98,330,138,15,32,298,6,47,0,182,0.14,0,0,0,0,0.118,0.107,0.092,0.17,0.152,0.196,0.187,0.199,0.202,0.201,0.209,0.208
020_AAAF,CRGRO048,33,33,2020-09-01T00:00:00Z,99,319,127,15,39,298,6,47,0,182,0.13,0,0,0,0,0.061,0.069,0.064,0.134,0.128,0.181,0.177,0.196,0.268,0.2,0.209,0.208
020_AAAF,CRGRO048,33,33,2020-09-02T00:00:00Z,100,307,115,15,46,298,6,47,0,182,0.11,0,0,0,0,0.04,0.054,0.053,0.12,0.117,0.174,0.175,0.195,0.246,0.199,0.209,0.208
020_AAAF,CRGRO048,33,33,2020-09-03T00:00:00Z,101,297,105,15,52,298,6,47,0,182,0.1,0,0,0,0,0.024,0.052,0.051,0.111,0.111,0.171,0.172,0.193,0.213,0.195,0.207,0.208
020_AAAF,CRGRO048,33,33,2020-09-04T00:00:00Z,102,290,99,15,54,298,6,47,0,182,0.09,0,0,0,0,0.014,0.048,0.049,0.105,0.105,0.167,0.168,0.191,0.199,0.193,0.207,0.208
020_AAAF,CRGRO048,33,33,2020-09-05T00:00:00Z,103,286,94,15,54,298,6,47,0,182,0.09,0,0,0,0,0.014,0.045,0.046,0.101,0.101,0.163,0.164,0.188,0.193,0.191,0.207,0.208
020_AAAF,CRGRO048,33,33,2020-09-06T00:00:00Z,104,283,91,15,54,298,6,47,0,182,0.08,0,0,0,0,0.014,0.043,0.044,0.098,0.099,0.161,0.162,0.186,0.19,0.189,0.207,0.208
020_AAAF,CRGRO048,33,33,2020-09-07T00:00:00Z,105,279,87,15,54,298,6,47,0,182,0.07,0,0,0,0,0.014,0.041,0.042,0.095,0.096,0.158,0.159,0.184,0.186,0.186,0.206,0.208
020_AAAF,CRGRO048,33,33,2020-09-08T00:00:00Z,106,276,84,15,54,298,6,47,0,182,0.06,0,0,0,0,0.014,0.039,0.04,0.093,0.093,0.155,0.156,0.181,0.183,0.183,0.206,0.208
020_AAAF,CRGRO048,33,33,2020-09-09T00:00:00Z,107,292,101,15,54,309,7,54,0,182,0.16,0,0,0,0,0.167,0.089,0.061,0.113,0.092,0.154,0.155,0.18,0.181,0.182,0.206,0.208
020_AAAF,CRGRO048,33,33,2020-09-10T00:00:00Z,108,301,109,15,54,319,7,54,0,182,0.15,0,0,0,0,0.157,0.104,0.076,0.137,0.121,0.153,0.154,0.18,0.181,0.182,0.206,0.208
020_AAAF,CRGRO048,33,33,2020-09-11T00:00:00Z,109,300,109,15,54,321,7,54,0,182,0.16,0,0,0,0,0.109,0.085,0.072,0.143,0.131,0.176,0.154,0.179,0.18,0.181,0.206,0.208
020_AAAF,CRGRO048,33,33,2020-09-12T00:00:00Z,110,297,105,15,54,322,7,54,0,182,0.16,0,0,0,0,0.068,0.067,0.063,0.138,0.132,0.182,0.169,0.179,0.18,0.181,0.206,0.208
020_AAAF,CRGRO048,33,33,2020-09-13T00:00:00Z,111,296,104,15,54,322,7,54,0,182,0.17,0,0,0,0,0.056,0.058,0.058,0.13,0.129,0.183,0.177,0.182,0.18,0.181,0.206,0.208
020_AAAF,CRGRO048,33,33,2020-09-14T00:00:00Z,112,294,102,15,54,323,7,54,0,182,0.17,0,0,0,0,0.052,0.055,0.055,0.122,0.122,0.179,0.177,0.185,0.18,0.181,0.206,0.208
020_AAAF,CRGRO048,33,33,2020-09-15T00:00:00Z,113,295,103,15,54,325,7,54,0,182,0.17,0,0,0,0,0.07,0.058,0.055,0.12,0.12,0.177,0.176,0.187,0.179,0.181,0.206,0.208
020_AAAF,CRGRO048,33,33,2020-09-16T00:00:00Z,114,304,112,15,54,335,7,54,0,182,0.18,0,0,0,0,0.149,0.078,0.064,0.128,0.124,0.178,0.177,0.19,0.179,0.181,0.206,0.208
020_AAAF,CRGRO048,33,33,2020-09-17T00:00:00Z,115,308,116,15,54,342,7,54,0,182,0.16,0,0,0,0,0.148,0.084,0.068,0.135,0.128,0.181,0.178,0.193,0.179,0.181,0.206,0.208
020_AAAF,CRGRO048,33,33,2020-09-18T00:00:00Z,116,303,111,15,57,342,7,54,0,182,0.15,0,0,0,0,0.086,0.064,0.057,0.124,0.121,0.176,0.175,0.196,0.194,0.194,0.206,0.208
020_AAAF,CRGRO048,33,33,2020-09-19T00:00:00Z,117,299,107,15,59,342,7,54,0,182,0.13,0,0,0,0,0.059,0.055,0.054,0.118,0.118,0.175,0.174,0.195,0.194,0.194,0.206,0.208
020_AAAF,CRGRO048,33,33,2020-09-20T00:00:00Z,118,297,105,15,59,342,7,54,0,182,0.12,0,0,0,0,0.049,0.054,0.053,0.116,0.116,0.174,0.173,0.195,0.193,0.193,0.206,0.208
020_AAAF,CRGRO048,33,33,2020-09-21T00:00:00Z,119,294,102,15,59,342,7,54,0,182,0.1,0,0,0,0,0.038,0.052,0.051,0.111,0.111,0.171,0.171,0.193,0.192,0.192,0.206,0.208
020_AAAF,CRGRO048,33,33,2020-09-22T00:00:00Z,120,290,99,15,59,342,7,54,0,182,0.09,0,0,0,0,0.026,0.05,0.05,0.107,0.108,0.169,0.168,0.192,0.19,0.191,0.206,0.208
020_AAAF,CRGRO048,33,33,2020-09-23T00:00:00Z,121,288,96,15,59,342,7,54,0,182,0.08,0,0,0,0,0.019,0.048,0.048,0.105,0.105,0.167,0.167,0.191,0.189,0.19,0.206,0.208
020_AAAF,CRGRO048,33,33,2020-09-24T00:00:00Z,122,285,94,15,59,342,7,54,0,182,0.07,0,0,0,0,0.014,0.046,0.047,0.102,0.103,0.165,0.165,0.189,0.187,0.188,0.206,0.208
020_AAAF,CRGRO048,33,33,2020-09-25T00:00:00Z,123,285,93,15,59,345,7,54,0,182,0.18,0,0,0,0,0.062,0.049,0.045,0.099,0.1,0.162,0.162,0.187,0.185,0.186,0.206,0.208
020_AAAF,CRGRO048,33,33,2020-09-26T00:00:00Z,124,282,90,15,59,345,7,54,0,182,0.16,0,0,0,0,0.042,0.049,0.043,0.097,0.098,0.16,0.16,0.185,0.184,0.185,0.206,0.208
020_AAAF,CRGRO048,33,33,2020-09-27T00:00:00Z,125,282,90,15,59,346,7,54,0,182,0.2,0,0,0,0,0.051,0.049,0.043,0.097,0.097,0.159,0.159,0.184,0.183,0.184,0.205,0.208
020_AAAF,CRGRO048,33,33,2020-09-28T00:00:00Z,126,282,90,15,59,349,7,54,0,182,0.18,0,0,0,0,0.069,0.055,0.046,0.095,0.095,0.157,0.158,0.183,0.182,0.183,0.205,0.208
020_AAAF,CRGRO048,33,33,2020-09-29T00:00:00Z,127,301,109,15,59,369,7,54,0,182,0.19,0,0,0,0,0.158,0.114,0.075,0.129,0.11,0.156,0.157,0.182,0.181,0.182,0.205,0.208
020_AAAF,CRGRO048,33,33,2020-09-30T00:00:00Z,128,298,106,15,59,369,7,54,0,182,0.17,0,0,0,0,0.081,0.071,0.055,0.117,0.117,0.174,0.174,0.196,0.182,0.182,0.205,0.208
020_AAAF,CRGRO048,33,33,2020-10-01T00:00:00Z,129,294,102,15,59,369,7,54,0,182,0.15,0,0,0,0,0.05,0.054,0.054,0.115,0.115,0.172,0.172,0.195,0.191,0.182,0.205,0.208
020_AAAF,CRGRO048,33,33,2020-10-02T00:00:00Z,130,291,100,15,59,369,7,54,0,182,0.13,0,0,0,0,0.039,0.052,0.052,0.11,0.111,0.17,0.17,0.193,0.189,0.182,0.205,0.208
020_AAAF,CRGRO048,33,33,2020-10-03T00:00:00Z,131,289,97,15,59,369,7,54,0,182,0.11,0,0,0,0,0.032,0.051,0.051,0.108,0.108,0.168,0.169,0.192,0.188,0.181,0.205,0.208
020_AAAF,CRGRO048,33,33,2020-10-04T00:00:00Z,132,286,95,15,59,369,7,54,0,182,0.1,0,0,0,0,0.023,0.049,0.049,0.105,0.105,0.166,0.166,0.191,0.187,0.181,0.205,0.208
020_AAAF,CRGRO048,33,33,2020-10-05T00:00:00Z,133,284,92,15,59,369,7,54,0,182,0.09,0,0,0,0,0.015,0.047,0.047,0.103,0.103,0.164,0.165,0.189,0.186,0.181,0.205,0.208
020_AAAF,CRGRO048,33,33,2020-10-06T00:00:00Z,134,282,90,15,59,369,7,54,0,182,0.08,0,0,0,0,0.014,0.045,0.046,0.101,0.101,0.162,0.163,0.188,0.185,0.18,0.205,0.208
020_AAAF,CRGRO048,33,33,2020-10-07T00:00:00Z,135,278,86,15,59,369,7,54,0,182,0.07,0,0,0,0,0.014,0.042,0.043,0.097,0.097,0.159,0.159,0.185,0.182,0.179,0.205,0.208
020_AAAF,CRGRO048,33,33,2020-10-08T00:00:00Z,136,274,82,15,59,369,7,54,0,182,0.06,0,0,0,0,0.014,0.039,0.04,0.093,0.093,0.155,0.156,0.181,0.179,0.177,0.205,0.208
020_AAAF,CRGRO048,33,33,2020-10-09T00:00:00Z,137,279,87,15,59,369,8,62,0,182,0.05,0,0,0,0,0.106,0.058,0.045,0.09,0.091,0.153,0.153,0.179,0.177,0.176,0.205,0.208
020_AAAF,CRGRO048,33,33,2020-10-10T00:00:00Z,138,286,94,15,59,380,8,62,0,182,0.2,0,0,0,0,0.146,0.076,0.06,0.111,0.09,0.151,0.152,0.178,0.176,0.175,0.204,0.208
020_AAAF,CRGRO048,33,33,2020-10-11T00:00:00Z,139,282,90,15,59,380,8,62,0,182,0.18,0,0,0,0,0.081,0.061,0.058,0.121,0.098,0.151,0.152,0.177,0.175,0.175,0.204,0.208
020_AAAF,CRGRO048,33,33,2020-10-12T00:00:00Z,140,280,88,15,59,380,8,62,0,182,0.16,0,0,0,0,0.054,0.052,0.052,0.113,0.114,0.151,0.151,0.177,0.175,0.175,0.204,0.208
020_AAAF,CRGRO048,33,33,2020-10-13T00:00:00Z,141,276,84,15,59,380,8,62,0,182,0.14,0,0,0,0,0.037,0.049,0.049,0.104,0.104,0.15,0.151,0.176,0.174,0.174,0.204,0.208
020_AAAF,CRGRO048,33,33,2020-10-14T00:00:00Z,142,272,80,15,59,380,8,62,0,182,0.12,0,0,0,0,0.025,0.045,0.045,0.099,0.099,0.149,0.15,0.175,0.173,0.173,0.204,0.208
020_AAAF,CRGRO048,33,33,2020-10-15T00:00:00Z,143,269,77,15,59,380,8,62,0,182,0.1,0,0,0,0,0.014,0.041,0.041,0.094,0.094,0.148,0.148,0.174,0.172,0.172,0.204,0.208
020_AAAF,CRGRO048,33,33,2020-10-16T00:00:00Z,144,266,74,15,59,380,8,62,0,182,0.09,0,0,0,0,0.014,0.038,0.039,0.091,0.091,0.146,0.147,0.172,0.171,0.171,0.204,0.208
020_AAAF,CRGRO048,34,34,2020-05-25T00:00:00Z,0,256,64,0,0,0,0,0,0,174,0,0,0,0,0,0.086,0.086,0.086,0.086,0.086,0.118,0.118,0.135,0.129,0.129,0.178,0.258
020_AAAF,CRGRO048,34,34,2020-05-26T00:00:00Z,1,257,65,0,7,3,1,8,0,179,0,0,0,0,0,0.126,0.093,0.082,0.132,0.104,0.118,0.118,0.135,0.129,0.129,0.178,0.228
020_AAAF,CRGRO048,34,34,2020-05-27T00:00:00Z,2,252,60,0,10,4,1,8,0,181,0,0,0,0,0,0.035,0.078,0.074,0.143,0.126,0.129,0.118,0.135,0.129,0.129,0.178,0.214
020_AAAF,CRGRO048,34,34,2020-05-28T00:00:00Z,3,249,57,0,12,4,1,8,0,182,0,0,0,0,0,0.014,0.062,0.062,0.129,0.121,0.174,0.118,0.135,0.129,0.13,0.178,0.209
020_AAAF,CRGRO048,34,34,2020-05-29T00:00:00Z,4,249,57,0,12,4,1,8,0,183,0,0,0,0,0,0.014,0.056,0.056,0.123,0.121,0.173,0.133,0.135,0.129,0.13,0.178,0.206
020_AAAF,CRGRO048,34,34,2020-05-30T00:00:00Z,5,249,57,0,12,4,1,8,0,183,0,0,0,0,0,0.014,0.054,0.054,0.121,0.121,0.174,0.139,0.135,0.129,0.13,0.178,0.206
020_AAAF,CRGRO048,34,34,2020-05-31T00:00:00Z,6,249,57,0,12,4,1,8,0,183,0,0,0,0,0,0.014,0.053,0.054,0.121,0.121,0.173,0.139,0.135,0.129,0.13,0.178,0.206
020_AAAF,CRGRO048,34,34,2020-06-01T00:00:00Z,7,249,57,0,12,4,1,8,0,183,0,0,0,0,0,0.014,0.053,0.054,0.121,0.121,0.173,0.139,0.135,0.129,0.13,0.178,0.206
020_AAAF,CRGRO048,34,34,2020-06-02T00:00:00Z,8,248,57,0,12,4,1,8,0,183,0,0,0,0,0,0.014,0.052,0.054,0.121,0.121,0.172,0.139,0.135,0.129,0.13,0.178,0.206
020_AAAF,CRGRO048,34,34,2020-06-03T00:00:00Z,9,248,57,0,12,4,1,8,0,183,0,0,0,0,0,0.014,0.052,0.054,0.121,0.121,0.172,0.14,0.135,0.129,0.131,0.178,0.206
020_AAAF,CRGRO048,34,34,2020-06-04T00:00:00Z,10,248,56,0,12,4,1,8,0,183,0,0,0,0,0,0.014,0.051,0.054,0.121,0.121,0.172,0.14,0.135,0.129,0.131,0.178,0.206
020_AAAF,CRGRO048,34,34,2020-06-05T00:00:00Z,11,248,56,0,12,4,1,8,0,183,0,0,0,0,0,0.014,0.05,0.054,0.121,0.121,0.171,0.14,0.135,0.129,0.131,0.178,0.205
020_AAAF,CRGRO048,34,34,2020-06-06T00:00:00Z,12,249,57,0,12,4,1,8,0,183,0,0,0,0,0,0.024,0.05,0.054,0.121,0.121,0.171,0.14,0.135,0.129,0.131,0.178,0.205
020_AAAF,CRGRO048,34,34,2020-06-07T00:00:00Z,13,258,67,0,12,15,1,8,0,183,0,0,0,0,0,0.125,0.07,0.06,0.127,0.124,0.175,0.143,0.135,0.129,0.131,0.178,0.205
020_AAAF,CRGRO048,34,34,2020-06-08T00:00:00Z,14,257,65,0,12,17,1,8,0,183,0,0,0,0,0,0.023,0.073,0.064,0.132,0.128,0.179,0.151,0.135,0.129,0.131,0.178,0.205
020_AAAF,CRGRO048,34,34,2020-06-09T00:00:00Z,15,264,73,0,12,25,1,8,0,183,0,0,0,0,0,0.108,0.075,0.066,0.136,0.132,0.183,0.164,0.135,0.129,0.132,0.178,0.205
020_AAAF,CRGRO048,34,34,2020-06-10T00:00:00Z,16,261,70,0,12,26,1,8,0,183,0,0,0,0,0,0.013,0.069,0.064,0.136,0.134,0.186,0.176,0.137,0.129,0.132,0.178,0.205
020_AAAF,CRGRO048,34,34,2020-06-11T00:00:00Z,17,264,72,0,12,28,1,8,0,183,0,0,0,0,0,0.057,0.058,0.06,0.132,0.132,0.186,0.181,0.143,0.129,0.132,0.178,0.205
020_AAAF,CRGRO048,34,34,2020-06-12T00:00:00Z,18,262,70,0,12,29,1,8,0,183,0,0,0,0,0,0.014,0.056,0.057,0.128,0.129,0.184,0.182,0.149,0.129,0.132,0.178,0.205
020_AAAF,CRGRO048,34,34,2020-06-13T00:00:00Z,19,261,69,0,12,29,1,8,0,183,0,0,0,0,0,0.014,0.055,0.054,0.121,0.123,0.178,0.177,0.159,0.129,0.132,0.178,0.205
020_AAAF,CRGRO048,34,34,2020-06-14T00:00:00Z,20,261,69,0,12,29,1,8,0,183,0,0,0,0,0,0.014,0.053,0.053,0.12,0.12,0.176,0.175,0.162,0.129,0.132,0.178,0.204
020_AAAF,CRGRO048,34,34,2020-06-15T00:00:00Z,21,261,69,0,12,29,1,8,0,183,0,0,0,0,0,0.014,0.052,0.053,0.119,0.12,0.176,0.175,0.162,0.129,0.133,0.178,0.204
020_AAAF,CRGRO048,34,34,2020-06-16T00:00:00Z,22,260,68,0,12,29,1,8,0,183,0,0,0,0,0,0.014,0.051,0.053,0.118,0.12,0.176,0.175,0.162,0.13,0.133,0.178,0.204
020_AAAF,CRGRO048,34,34,2020-06-17T00:00:00Z,23,260,68,0,12,29,1,8,0,183,0,0,0,0,0,0.014,0.05,0.052,0.117,0.119,0.176,0.174,0.162,0.13,0.133,0.178,0.204
020_AAAF,CRGRO048,34,34,2020-06-18T00:00:00Z,24,260,68,0,12,29,1,8,0,183,0,0,0,0,0,0.014,0.049,0.051,0.116,0.118,0.176,0.174,0.162,0.13,0.133,0.178,0.204
020_AAAF,CRGRO048,34,34,2020-06-19T00:00:00Z,25,260,68,0,12,30,1,8,0,183,0,0,0,0,0,0.03,0.048,0.051,0.115,0.117,0.176,0.174,0.162,0.13,0.133,0.178,0.204
020_AAAF,CRGRO048,34,34,2020-06-20T00:00:00Z,26,259,67,0,12,30,1,8,0,183,0,0,0,0,0,0.02,0.047,0.05,0.113,0.116,0.175,0.174,0.162,0.13,0.133,0.178,0.204
020_AAAF,CRGRO048,34,34,2020-06-21T00:00:00Z,27,258,66,0,12,30,1,8,0,183,0,0,0,0,0,0.014,0.046,0.049,0.112,0.114,0.175,0.174,0.163,0.13,0.134,0.178,0.204
020_AAAF,CRGRO048,34,34,2020-06-22T00:00:00Z,28,264,72,0,12,30,2,14,0,183,0,0,0,0,0,0.091,0.058,0.055,0.11,0.113,0.175,0.173,0.163,0.13,0.134,0.178,0.204
020_AAAF,CRGRO048,34,34,2020-06-23T00:00:00Z,29,260,68,0,12,30,2,14,0,183,0,0,0,0,0,0.013,0.054,0.054,0.118,0.118,0.174,0.173,0.163,0.13,0.134,0.178,0.203
020_AAAF,CRGRO048,34,34,2020-06-24T00:00:00Z,30,260,68,0,12,30,2,14,0,183,0,0,0,0,0,0.014,0.052,0.053,0.116,0.116,0.174,0.173,0.163,0.13,0.134,0.178,0.203
020_AAAF,CRGRO048,34,34,2020-06-25T00:00:00Z,31,259,67,0,12,30,2,14,0,183,0,0,0,0,0,0.014,0.051,0.052,0.114,0.115,0.173,0.173,0.163,0.131,0.134,0.178,0.203
020_AAAF,CRGRO048,34,34,2020-06-26T00:00:00Z,32,258,66,0,12,30,2,14,0,183,0,0,0,0,0,0.014,0.049,0.051,0.112,0.113,0.173,0.172,0.163,0.131,0.134,0.178,0.203
020_AAAF,CRGRO048,34,34,2020-06-27T00:00:00Z,33,258,66,0,12,30,2,14,0,183,0,0,0,0,0,0.024,0.048,0.05,0.109,0.111,0.172,0.172,0.163,0.131,0.135,0.178,0.203
020_AAAF,CRGRO048,34,34,2020-06-28T00:00:00Z,34,256,64,0,12,30,2,14,0,183,0,0,0,0,0,0.014,0.046,0.049,0.107,0.109,0.171,0.171,0.163,0.131,0.135,0.178,0.203
020_AAAF,CRGRO048,34,34,2020-06-29T00:00:00Z,35,261,70,0,12,30,3,20,0,183,0,0,0,0,0,0.092,0.058,0.054,0.106,0.107,0.169,0.17,0.163,0.131,0.135,0.178,0.203
020_AAAF,CRGRO048,34,34,2020-06-30T00:00:00Z,36,270,78,0,12,44,3,20,0,183,0,0,0,0,0,0.084,0.092,0.068,0.128,0.119,0.168,0.169,0.163,0.131,0.135,0.178,0.203
020_AAAF,CRGRO048,34,34,2020-07-01T00:00:00Z,37,266,74,0,12,44,3,20,0,183,0,0,0,0,0,0.013,0.065,0.056,0.12,0.117,0.174,0.174,0.177,0.131,0.135,0.178,0.203
020_AAAF,CRGRO048,34,34,2020-07-02T00:00:00Z,38,264,72,0,12,44,3,20,0,183,0,0,0,0,0,0.014,0.052,0.054,0.115,0.116,0.173,0.173,0.178,0.131,0.135,0.178,0.203
020_AAAF,CRGRO048,34,34,2020-07-03T00:00:00Z,39,262,70,0,12,44,3,20,0,183,0,0,0,0,0,0.014,0.05,0.052,0.11,0.111,0.171,0.172,0.178,0.132,0.135,0.178,0.202
020_AAAF,CRGRO048,34,34,2020-07-04T00:00:00Z,40,260,69,0,12,44,3,20,0,183,0,0,0,0,0,0.014,0.047,0.05,0.107,0.108,0.169,0.17,0.178,0.132,0.136,0.178,0.202
020_AAAF,CRGRO048,34,34,2020-07-05T00:00:00Z,41,270,78,0,12,49,4,26,0,183,0,0,0,0,0,0.134,0.068,0.057,0.116,0.105,0.167,0.168,0.178,0.132,0.136,0.178,0.202
020_AAAF,CRGRO048,34,34,2020-07-06T00:00:00Z,42,309,117,12,12,103,4,26,0,183,0,0,0,12.19,0,0.127,0.149,0.14,0.195,0.156,0.191,0.181,0.183,0.132,0.136,0.178,0.202
020_AAAF,CRGRO048,34,34,2020-07-07T00:00:00Z,43,315,123,12,12,112,4,26,0,183,0,0,0,0,0,0.126,0.116,0.112,0.202,0.179,0.214,0.199,0.198,0.138,0.136,0.178,0.202
020_AAAF,CRGRO048,34,34,2020-07-08T00:00:00Z,44,311,119,12,12,112,4,26,0,183,0,0,0,0,0,0.036,0.075,0.074,0.15,0.141,0.189,0.183,0.197,0.256,0.181,0.178,0.202
020_AAAF,CRGRO048,34,34,2020-07-09T00:00:00Z,45,310,118,12,12,114,4,26,0,183,0.01,0,0,0,0,0.044,0.061,0.062,0.14,0.138,0.191,0.186,0.2,0.224,0.206,0.19,0.202
020_AAAF,CRGRO048,34,34,2020-07-10T00:00:00Z,46,303,111,12,15,114,4,26,0,183,0.01,0,0,0,0,0.014,0.052,0.053,0.121,0.12,0.178,0.177,0.197,0.22,0.206,0.205,0.205
020_AAAF,CRGRO048,34,34,2020-07-11T00:00:00Z,47,295,103,12,19,114,4,26,0,183,0.01,0,0,0,0,0.014,0.05,0.05,0.11,0.111,0.172,0.174,0.196,0.204,0.199,0.205,0.205
020_AAAF,CRGRO048,34,34,2020-07-12T00:00:00Z,48,291,99,12,20,114,4,26,0,183,0.01,0,0,0,0,0.014,0.047,0.048,0.105,0.105,0.168,0.17,0.194,0.198,0.196,0.205,0.205
020_AAAF,CRGRO048,34,34,2020-07-13T00:00:00Z,49,294,102,12,20,114,5,32,0,183,0.01,0,0,0,0,0.093,0.057,0.052,0.101,0.102,0.165,0.167,0.192,0.194,0.196,0.207,0.205
020_AAAF,CRGRO048,34,34,2020-07-14T00:00:00Z,50,288,96,12,20,114,5,32,0,183,0.01,0,0,0,0,0.013,0.047,0.049,0.112,0.099,0.162,0.164,0.191,0.193,0.195,0.207,0.205
020_AAAF,CRGRO048,34,34,2020-07-15T00:00:00Z,51,291,99,12,20,114,6,38,0,183,0.01,0,0,0,0,0.092,0.057,0.053,0.103,0.097,0.16,0.162,0.189,0.191,0.195,0.207,0.205
020_AAAF,CRGRO048,34,34,2020-07-16T00:00:00Z,52,286,94,12,20,114,6,38,0,183,0.01,0,0,0,0,0.02,0.048,0.049,0.114,0.096,0.159,0.16,0.187,0.19,0.195,0.207,0.205
020_AAAF,CRGRO048,34,34,2020-07-17T00:00:00Z,53,282,90,12,20,114,6,38,0,183,0.01,0,0,0,0,0.014,0.044,0.045,0.1,0.094,0.157,0.158,0.186,0.188,0.194,0.207,0.205
020_AAAF,CRGRO048,34,34,2020-07-18T00:00:00Z,54,286,94,12,20,114,7,45,0,183,0.01,0,0,0,0,0.097,0.057,0.05,0.097,0.093,0.155,0.156,0.184,0.186,0.192,0.207,0.205
020_AAAF,CRGRO048,34,34,2020-07-19T00:00:00Z,55,280,88,12,20,114,7,45,0,183,0.01,0,0,0,0,0.02,0.046,0.049,0.105,0.091,0.153,0.155,0.182,0.185,0.191,0.207,0.205
020_AAAF,CRGRO048,34,34,2020-07-20T00:00:00Z,56,277,85,12,20,114,7,45,0,183,0.01,0,0,0,0,0.014,0.042,0.045,0.098,0.09,0.152,0.153,0.181,0.183,0.189,0.207,0.205
020_AAAF,CRGRO048,34,34,2020-07-21T00:00:00Z,57,281,89,12,20,114,8,52,0,183,0.01,0,0,0,0,0.099,0.057,0.048,0.094,0.089,0.15,0.152,0.179,0.181,0.187,0.207,0.205
020_AAAF,CRGRO048,34,34,2020-07-22T00:00:00Z,58,279,87,12,20,117,8,52,0,183,0.02,0,0,0,0,0.057,0.057,0.053,0.1,0.088,0.149,0.151,0.178,0.18,0.186,0.207,0.205
020_AAAF,CRGRO048,34,34,2020-07-23T00:00:00Z,59,277,86,12,20,120,8,52,0,183,0.02,0,0,0,0,0.048,0.053,0.051,0.104,0.087,0.148,0.15,0.177,0.179,0.185,0.207,0.205
020_AAAF,CRGRO048,34,34,2020-07-24T00:00:00Z,60,273,81,12,20,120,8,52,0,183,0.02,0,0,0,0,0.024,0.046,0.045,0.098,0.087,0.147,0.149,0.176,0.178,0.184,0.206,0.205
020_AAAF,CRGRO048,34,34,2020-07-25T00:00:00Z,61,276,84,12,20,120,9,58,0,183,0.02,0,0,0,0,0.087,0.056,0.049,0.094,0.086,0.146,0.148,0.175,0.177,0.182,0.206,0.205
020_AAAF,CRGRO048,34,34,2020-07-26T00:00:00Z,62,271,79,12,20,120,9,58,0,183,0.03,0,0,0,0,0.02,0.043,0.048,0.098,0.085,0.145,0.147,0.174,0.175,0.181,0.206,0.205
020_AAAF,CRGRO048,34,34,2020-07-27T00:00:00Z,63,274,82,12,20,120,10,64,0,183,0.03,0,0,0,0,0.089,0.056,0.049,0.093,0.084,0.144,0.146,0.173,0.174,0.179,0.206,0.205
020_AAAF,CRGRO048,34,34,2020-07-28T00:00:00Z,64,269,77,12,20,120,10,64,0,183,0.03,0,0,0,0,0.027,0.046,0.049,0.096,0.083,0.143,0.145,0.172,0.173,0.178,0.206,0.205
020_AAAF,CRGRO048,34,34,2020-07-29T00:00:00Z,65,273,81,12,20,126,10,64,0,183,0.04,0,0,0,0,0.085,0.057,0.05,0.096,0.083,0.143,0.144,0.171,0.172,0.177,0.206,0.205
020_AAAF,CRGRO048,34,34,2020-07-30T00:00:00Z,66,271,79,12,20,127,10,64,0,183,0.04,0,0,0,0,0.051,0.052,0.051,0.099,0.083,0.142,0.144,0.171,0.172,0.177,0.206,0.205
020_AAAF,CRGRO048,34,34,2020-07-31T00:00:00Z,67,267,75,12,20,127,10,64,0,183,0.04,0,0,0,0,0.029,0.045,0.045,0.094,0.082,0.142,0.143,0.17,0.171,0.176,0.206,0.205
020_AAAF,CRGRO048,34,34,2020-08-01T00:00:00Z,68,270,78,12,20,127,11,71,0,183,0.04,0,0,0,0,0.084,0.056,0.048,0.091,0.081,0.141,0.142,0.169,0.17,0.175,0.206,0.205
020_AAAF,CRGRO048,34,34,2020-08-02T00:00:00Z,69,265,73,12,20,127,11,71,0,183,0.04,0,0,0,0,0.023,0.042,0.048,0.093,0.081,0.14,0.142,0.168,0.169,0.174,0.206,0.205
020_AAAF,CRGRO048,34,34,2020-08-03T00:00:00Z,70,268,76,12,20,127,12,77,0,183,0.04,0,0,0,0,0.088,0.056,0.048,0.09,0.08,0.139,0.141,0.167,0.168,0.173,0.206,0.205
020_AAAF,CRGRO048,34,34,2020-08-04T00:00:00Z,71,265,73,12,20,128,12,77,0,183,0.06,0,0,0,0,0.043,0.05,0.05,0.089,0.08,0.139,0.14,0.167,0.168,0.173,0.205,0.205
020_AAAF,CRGRO048,34,34,2020-08-05T00:00:00Z,72,261,69,12,20,128,12,77,0,183,0.06,0,0,0,0,0.02,0.042,0.042,0.087,0.079,0.138,0.14,0.166,0.167,0.172,0.205,0.205
020_AAAF,CRGRO048,34,34,2020-08-06T00:00:00Z,73,270,78,12,20,131,13,84,0,183,0.06,0,0,0,0,0.13,0.064,0.051,0.088,0.079,0.137,0.139,0.165,0.166,0.171,0.205,0.205
020_AAAF,CRGRO048,34,34,2020-08-07T00:00:00Z,74,266,74,12,20,132,13,84,0,183,0.07,0,0,0,0,0.063,0.049,0.054,0.098,0.078,0.137,0.139,0.165,0.166,0.17,0.205,0.205
020_AAAF,CRGRO048,34,34,2020-08-08T00:00:00Z,75,262,70,12,20,132,13,84,0,183,0.07,0,0,0,0,0.033,0.048,0.046,0.095,0.078,0.137,0.138,0.164,0.165,0.17,0.205,0.205
020_AAAF,CRGRO048,34,34,2020-08-09T00:00:00Z,76,264,72,12,20,137,13,84,0,183,0.08,0,0,0,0,0.078,0.053,0.048,0.091,0.078,0.136,0.138,0.164,0.165,0.169,0.205,0.205
020_AAAF,CRGRO048,34,34,2020-08-10T00:00:00Z,77,272,80,12,20,147,13,84,0,183,0.08,0,0,0,0,0.136,0.072,0.058,0.107,0.078,0.136,0.137,0.163,0.164,0.169,0.205,0.205
020_AAAF,CRGRO048,34,34,2020-08-11T00:00:00Z,78,267,76,12,20,147,13,84,0,183,0.08,0,0,0,0,0.061,0.045,0.049,0.114,0.105,0.135,0.137,0.163,0.164,0.169,0.205,0.205
020_AAAF,CRGRO048,34,34,2020-08-12T00:00:00Z,79,274,82,12,20,157,13,84,0,183,0.1,0,0,0,0,0.129,0.07,0.056,0.11,0.105,0.136,0.137,0.163,0.164,0.169,0.204,0.205
020_AAAF,CRGRO048,34,34,2020-08-13T00:00:00Z,80,270,78,12,20,157,13,84,0,183,0.1,0,0,0,0,0.067,0.054,0.056,0.117,0.106,0.136,0.137,0.163,0.164,0.169,0.204,0.205
020_AAAF,CRGRO048,34,34,2020-08-14T00:00:00Z,81,274,82,12,20,165,13,84,0,183,0.11,0,0,0,0,0.108,0.067,0.057,0.114,0.112,0.136,0.137,0.163,0.163,0.169,0.204,0.205
020_AAAF,CRGRO048,34,34,2020-08-15T00:00:00Z,82,269,77,12,20,165,13,84,0,183,0.1,0,0,0,0,0.053,0.046,0.05,0.112,0.113,0.149,0.137,0.162,0.163,0.168,0.204,0.205
020_AAAF,CRGRO048,34,34,2020-08-16T00:00:00Z,83,265,73,12,20,165,13,84,0,183,0.09,0,0,0,0,0.035,0.044,0.046,0.101,0.101,0.148,0.136,0.162,0.163,0.168,0.204,0.205
020_AAAF,CRGRO048,34,34,2020-08-17T00:00:00Z,84,260,68,12,20,165,13,84,0,183,0.09,0,0,0,0,0.019,0.039,0.041,0.093,0.093,0.147,0.136,0.161,0.162,0.168,0.204,0.205
020_AAAF,CRGRO048,34,34,2020-08-18T00:00:00Z,85,303,111,14,20,204,14,91,0,183,0.12,0,0,2.28,0,0.161,0.149,0.114,0.163,0.131,0.167,0.136,0.161,0.162,0.167,0.204,0.205
020_AAAF,CRGRO048,34,34,2020-08-19T00:00:00Z,86,298,106,14,20,204,14,91,0,183,0.11,0,0,0,0,0.078,0.084,0.07,0.129,0.117,0.173,0.174,0.196,0.177,0.167,0.204,0.205
020_AAAF,CRGRO048,34,34,2020-08-20T00:00:00Z,87,296,104,14,20,206,14,91,0,183,0.12,0,0,0,0,0.063,0.066,0.062,0.131,0.124,0.176,0.175,0.196,0.177,0.167,0.203,0.205
020_AAAF,CRGRO048,34,34,2020-08-21T00:00:00Z,88,294,102,14,20,206,14,91,0,183,0.12,0,0,0,0,0.052,0.056,0.057,0.126,0.123,0.178,0.176,0.198,0.177,0.167,0.203,0.205
020_AAAF,CRGRO048,34,34,2020-08-22T00:00:00Z,89,293,101,14,20,207,14,91,0,183,0.12,0,0,0,0,0.055,0.055,0.055,0.122,0.121,0.177,0.176,0.197,0.181,0.168,0.203,0.205
020_AAAF,CRGRO048,34,34,2020-08-23T00:00:00Z,90,292,100,14,20,208,14,91,0,183,0.13,0,0,0,0,0.055,0.055,0.054,0.119,0.118,0.175,0.175,0.197,0.181,0.168,0.203,0.205
020_AAAF,CRGRO048,34,34,2020-08-24T00:00:00Z,91,319,127,15,20,237,14,91,0,183,0.14,0,0,0.32,0,0.162,0.144,0.089,0.15,0.134,0.183,0.179,0.198,0.187,0.168,0.203,0.205
020_AAAF,CRGRO048,34,34,2020-08-25T00:00:00Z,92,334,142,15,20,256,14,91,0,183,0.14,0,0,0.11,0,0.152,0.147,0.111,0.183,0.158,0.199,0.189,0.2,0.197,0.173,0.203,0.205
020_AAAF,CRGRO048,34,34,2020-08-26T00:00:00Z,93,331,139,15,20,256,14,91,0,183,0.14,0,0,0,0,0.087,0.097,0.091,0.179,0.165,0.21,0.199,0.204,0.204,0.189,0.203,0.205
020_AAAF,CRGRO048,34,34,2020-08-27T00:00:00Z,94,320,128,15,26,256,14,91,0,183,0.13,0,0,0,0,0.049,0.065,0.063,0.138,0.132,0.186,0.181,0.198,0.286,0.194,0.205,0.205
020_AAAF,CRGRO048,34,34,2020-08-28T00:00:00Z,95,309,117,15,33,256,14,91,0,183,0.12,0,0,0,0,0.036,0.053,0.053,0.121,0.119,0.176,0.174,0.196,0.271,0.193,0.205,0.205
020_AAAF,CRGRO048,34,34,2020-08-29T00:00:00Z,96,299,107,15,40,256,14,91,0,183,0.11,0,0,0,0,0.027,0.051,0.052,0.115,0.114,0.174,0.172,0.195,0.224,0.193,0.205,0.205
020_AAAF,CRGRO048,34,34,2020-08-30T00:00:00Z,97,332,140,17,40,295,14,91,0,183,0.15,0,0,2.08,0,0.159,0.15,0.103,0.159,0.138,0.184,0.178,0.196,0.206,0.2,0.208,0.207
020_AAAF,CRGRO048,34,34,2020-08-31T00:00:00Z,98,331,139,17,42,298,14,91,0,182,0.15,0,0,0,0,0.117,0.106,0.092,0.17,0.153,0.197,0.188,0.199,0.203,0.201,0.209,0.208
020_AAAF,CRGRO048,34,34,2020-09-01T00:00:00Z,99,319,127,17,49,298,14,91,0,182,0.13,0,0,0,0,0.063,0.069,0.064,0.134,0.128,0.181,0.177,0.196,0.269,0.201,0.209,0.208
020_AAAF,CRGRO048,34,34,2020-09-02T00:00:00Z,100,308,116,17,56,298,14,91,0,182,0.12,0,0,0,0,0.043,0.054,0.053,0.12,0.117,0.174,0.175,0.195,0.248,0.2,0.209,0.208
020_AAAF,CRGRO048,34,34,2020-09-03T00:00:00Z,101,297,105,17,63,298,14,91,0,183,0.11,0,0,0,0,0.029,0.051,0.051,0.111,0.111,0.171,0.171,0.193,0.214,0.195,0.207,0.206
020_AAAF,CRGRO048,34,34,2020-09-04T00:00:00Z,102,290,98,17,64,298,14,91,0,183,0.1,0,0,0,0,0.015,0.048,0.049,0.105,0.105,0.167,0.168,0.191,0.2,0.193,0.207,0.206
020_AAAF,CRGRO048,34,34,2020-09-05T00:00:00Z,103,292,100,17,64,298,15,97,0,183,0.09,0,0,0,0,0.09,0.057,0.053,0.1,0.101,0.163,0.164,0.188,0.193,0.193,0.207,0.206
020_AAAF,CRGRO048,34,34,2020-09-06T00:00:00Z,104,289,97,17,64,298,15,97,0,183,0.08,0,0,0,0,0.053,0.051,0.051,0.112,0.1,0.162,0.162,0.187,0.191,0.192,0.207,0.206
020_AAAF,CRGRO048,34,34,2020-09-07T00:00:00Z,105,285,93,17,64,298,15,97,0,183,0.07,0,0,0,0,0.04,0.048,0.048,0.105,0.098,0.16,0.161,0.185,0.189,0.189,0.207,0.206
020_AAAF,CRGRO048,34,34,2020-09-08T00:00:00Z,106,281,89,17,64,298,15,97,0,183,0.06,0,0,0,0,0.029,0.045,0.045,0.1,0.096,0.158,0.159,0.184,0.186,0.187,0.207,0.206
020_AAAF,CRGRO048,34,34,2020-09-09T00:00:00Z,107,296,104,17,64,309,16,103,0,183,0.17,0,0,0,0,0.162,0.087,0.063,0.12,0.099,0.157,0.158,0.183,0.185,0.186,0.207,0.206
020_AAAF,CRGRO048,34,34,2020-09-10T00:00:00Z,108,305,113,17,64,319,16,103,0,183,0.16,0,0,0,0,0.157,0.104,0.076,0.138,0.124,0.163,0.157,0.182,0.184,0.186,0.207,0.206
020_AAAF,CRGRO048,34,34,2020-09-11T00:00:00Z,109,304,112,17,64,321,16,103,0,183,0.18,0,0,0,0,0.11,0.085,0.073,0.144,0.133,0.179,0.165,0.182,0.184,0.185,0.207,0.206
020_AAAF,CRGRO048,34,34,2020-09-12T00:00:00Z,110,301,109,17,64,322,16,103,0,183,0.17,0,0,0,0,0.069,0.068,0.064,0.138,0.133,0.184,0.176,0.184,0.184,0.185,0.206,0.206
020_AAAF,CRGRO048,34,34,2020-09-13T00:00:00Z,111,299,107,17,64,322,16,103,0,183,0.18,0,0,0,0,0.057,0.058,0.058,0.131,0.13,0.184,0.18,0.189,0.183,0.185,0.206,0.206
020_AAAF,CRGRO048,34,34,2020-09-14T00:00:00Z,112,297,105,17,64,323,16,103,0,183,0.18,0,0,0,0,0.053,0.055,0.055,0.122,0.123,0.18,0.179,0.193,0.183,0.185,0.206,0.206
020_AAAF,CRGRO048,34,34,2020-09-15T00:00:00Z,113,298,106,17,64,325,16,103,0,183,0.19,0,0,0,0,0.071,0.058,0.056,0.121,0.12,0.177,0.177,0.196,0.183,0.185,0.206,0.206
020_AAAF,CRGRO048,34,34,2020-09-16T00:00:00Z,114,308,116,17,64,335,16,103,0,183,0.19,0,0,0,0,0.15,0.078,0.064,0.129,0.124,0.178,0.178,0.199,0.183,0.184,0.206,0.206
020_AAAF,CRGRO048,34,34,2020-09-17T00:00:00Z,115,311,120,17,64,342,16,103,0,183,0.17,0,0,0,0,0.148,0.084,0.069,0.136,0.129,0.181,0.179,0.198,0.191,0.184,0.206,0.206
020_AAAF,CRGRO048,34,34,2020-09-18T00:00:00Z,116,304,113,17,70,342,16,103,0,183,0.15,0,0,0,0,0.086,0.064,0.058,0.124,0.121,0.176,0.175,0.198,0.201,0.194,0.206,0.206
020_AAAF,CRGRO048,34,34,2020-09-19T00:00:00Z,117,300,108,17,73,342,16,103,0,183,0.14,0,0,0,0,0.059,0.055,0.054,0.118,0.119,0.175,0.174,0.197,0.196,0.194,0.206,0.206
020_AAAF,CRGRO048,34,34,2020-09-20T00:00:00Z,118,298,106,17,73,342,16,103,0,183,0.12,0,0,0,0,0.049,0.054,0.053,0.116,0.116,0.174,0.173,0.196,0.196,0.194,0.206,0.206
020_AAAF,CRGRO048,34,34,2020-09-21T00:00:00Z,119,295,103,17,73,342,16,103,0,183,0.11,0,0,0,0,0.039,0.052,0.051,0.111,0.112,0.171,0.171,0.195,0.194,0.192,0.206,0.206
020_AAAF,CRGRO048,34,34,2020-09-22T00:00:00Z,120,291,99,17,73,342,16,103,0,183,0.09,0,0,0,0,0.029,0.05,0.05,0.107,0.108,0.169,0.169,0.193,0.193,0.191,0.206,0.206
020_AAAF,CRGRO048,34,34,2020-09-23T00:00:00Z,121,289,97,17,73,342,16,103,0,183,0.08,0,0,0,0,0.023,0.049,0.048,0.105,0.106,0.167,0.167,0.192,0.191,0.19,0.206,0.206
020_AAAF,CRGRO048,34,34,2020-09-24T00:00:00Z,122,286,94,17,73,342,16,103,0,183,0.07,0,0,0,0,0.015,0.047,0.047,0.103,0.103,0.165,0.165,0.19,0.19,0.189,0.206,0.206
020_AAAF,CRGRO048,34,34,2020-09-25T00:00:00Z,123,292,100,17,73,345,17,110,0,183,0.19,0,0,0,0,0.119,0.064,0.054,0.106,0.1,0.162,0.163,0.188,0.187,0.187,0.206,0.206
020_AAAF,CRGRO048,34,34,2020-09-26T00:00:00Z,124,289,97,17,73,345,17,110,0,183,0.17,0,0,0,0,0.064,0.049,0.051,0.117,0.112,0.161,0.161,0.187,0.186,0.186,0.206,0.206
020_AAAF,CRGRO048,34,34,2020-09-27T00:00:00Z,125,289,97,17,73,346,17,110,0,183,0.21,0,0,0,0,0.06,0.054,0.052,0.114,0.11,0.161,0.161,0.186,0.186,0.186,0.206,0.206
020_AAAF,CRGRO048,34,34,2020-09-28T00:00:00Z,126,289,97,17,73,349,17,110,0,183,0.18,0,0,0,0,0.073,0.058,0.054,0.115,0.107,0.16,0.16,0.186,0.185,0.185,0.206,0.206
020_AAAF,CRGRO048,34,34,2020-09-29T00:00:00Z,127,308,116,17,73,369,17,110,0,183,0.2,0,0,0,0,0.159,0.117,0.079,0.138,0.125,0.17,0.16,0.185,0.185,0.185,0.206,0.206
020_AAAF,CRGRO048,34,34,2020-09-30T00:00:00Z,128,302,110,17,76,369,17,110,0,183,0.18,0,0,0,0,0.082,0.073,0.058,0.122,0.117,0.173,0.174,0.196,0.194,0.194,0.206,0.206
020_AAAF,CRGRO048,34,34,2020-10-01T00:00:00Z,129,297,105,17,78,369,17,110,0,183,0.15,0,0,0,0,0.051,0.056,0.053,0.116,0.115,0.172,0.172,0.195,0.193,0.193,0.206,0.206
020_AAAF,CRGRO048,34,34,2020-10-02T00:00:00Z,130,294,102,17,78,369,17,110,0,183,0.13,0,0,0,0,0.041,0.054,0.051,0.112,0.111,0.17,0.17,0.194,0.192,0.192,0.206,0.206
020_AAAF,CRGRO048,34,34,2020-10-03T00:00:00Z,131,292,100,17,78,369,17,110,0,183,0.12,0,0,0,0,0.035,0.052,0.05,0.109,0.109,0.169,0.169,0.193,0.191,0.191,0.206,0.206
020_AAAF,CRGRO048,34,34,2020-10-04T00:00:00Z,132,289,97,17,78,369,17,110,0,183,0.1,0,0,0,0,0.027,0.05,0.049,0.106,0.106,0.167,0.167,0.191,0.19,0.19,0.206,0.206
020_AAAF,CRGRO048,34,34,2020-10-05T00:00:00Z,133,286,95,17,78,369,17,110,0,183,0.09,0,0,0,0,0.02,0.048,0.047,0.104,0.104,0.165,0.165,0.19,0.188,0.189,0.206,0.206
020_AAAF,CRGRO048,34,34,2020-10-06T00:00:00Z,134,290,98,17,78,369,18,116,0,183,0.08,0,0,0,0,0.088,0.059,0.054,0.102,0.102,0.163,0.164,0.188,0.187,0.188,0.206,0.206
020_AAAF,CRGRO048,34,34,2020-10-07T00:00:00Z,135,286,94,17,78,369,18,116,0,183,0.07,0,0,0,0,0.046,0.049,0.05,0.113,0.1,0.161,0.162,0.187,0.186,0.186,0.206,0.206
020_AAAF,CRGRO048,34,34,2020-10-08T00:00:00Z,136,282,90,17,78,369,18,116,0,183,0.06,0,0,0,0,0.03,0.046,0.047,0.102,0.098,0.159,0.16,0.185,0.184,0.185,0.206,0.206
020_AAAF,CRGRO048,34,34,2020-10-09T00:00:00Z,137,279,87,17,78,369,18,116,0,183,0.05,0,0,0,0,0.022,0.044,0.045,0.099,0.096,0.157,0.158,0.183,0.182,0.183,0.206,0.206
020_AAAF,CRGRO048,34,34,2020-10-10T00:00:00Z,138,292,101,17,78,380,19,122,0,183,0.21,0,0,0,0,0.159,0.086,0.061,0.117,0.096,0.155,0.156,0.181,0.18,0.181,0.205,0.206
020_AAAF,CRGRO048,34,34,2020-10-11T00:00:00Z,139,289,97,17,78,380,19,122,0,183,0.19,0,0,0,0,0.087,0.069,0.061,0.123,0.111,0.154,0.155,0.181,0.18,0.181,0.205,0.206
020_AAAF,CRGRO048,34,34,2020-10-12T00:00:00Z,140,287,95,17,78,380,19,122,0,183,0.16,0,0,0,0,0.057,0.054,0.054,0.116,0.117,0.172,0.155,0.18,0.179,0.181,0.205,0.206
020_AAAF,CRGRO048,34,34,2020-10-13T00:00:00Z,141,282,90,17,78,380,19,122,0,183,0.14,0,0,0,0,0.039,0.051,0.051,0.109,0.108,0.168,0.154,0.18,0.179,0.18,0.205,0.206
020_AAAF,CRGRO048,34,34,2020-10-14T00:00:00Z,142,279,87,17,78,380,19,122,0,183,0.12,0,0,0,0,0.028,0.048,0.048,0.103,0.103,0.164,0.154,0.179,0.178,0.179,0.205,0.206
020_AAAF,CRGRO048,34,34,2020-10-15T00:00:00Z,143,275,83,17,78,380,19,122,0,183,0.1,0,0,0,0,0.017,0.044,0.045,0.099,0.099,0.161,0.152,0.177,0.177,0.178,0.205,0.206
020_AAAF,CRGRO048,34,34,2020-10-16T00:00:00Z,144,271,80,17,78,380,19,122,0,183,0.09,0,0,0,0,0.014,0.041,0.041,0.094,0.094,0.156,0.151,0.176,0.175,0.177,0.205,0.206
020_AAAF,CRGRO048,35,35,2020-05-25T00:00:00Z,0,256,64,0,0,0,0,0,0,174,0,0,0,0,0,0.086,0.086,0.086,0.086,0.086,0.118,0.118,0.135,0.129,0.129,0.178,0.258
020_AAAF,CRGRO048,35,35,2020-05-26T00:00:00Z,1,257,65,0,7,3,1,8,0,179,0,0,0,0,0,0.126,0.093,0.082,0.132,0.104,0.118,0.118,0.135,0.129,0.129,0.178,0.228
020_AAAF,CRGRO048,35,35,2020-05-27T00:00:00Z,2,252,60,0,10,4,1,8,0,181,0,0,0,0,0,0.035,0.078,0.074,0.143,0.126,0.129,0.118,0.135,0.129,0.129,0.178,0.214
020_AAAF,CRGRO048,35,35,2020-05-28T00:00:00Z,3,249,57,0,12,4,1,8,0,182,0,0,0,0,0,0.014,0.062,0.062,0.129,0.121,0.174,0.118,0.135,0.129,0.13,0.178,0.209
020_AAAF,CRGRO048,35,35,2020-05-29T00:00:00Z,4,249,57,0,12,4,1,8,0,183,0,0,0,0,0,0.014,0.056,0.056,0.123,0.121,0.173,0.133,0.135,0.129,0.13,0.178,0.206
020_AAAF,CRGRO048,35,35,2020-05-30T00:00:00Z,5,249,57,0,12,4,1,8,0,183,0,0,0,0,0,0.014,0.054,0.054,0.121,0.121,0.174,0.139,0.135,0.129,0.13,0.178,0.206
020_AAAF,CRGRO048,35,35,2020-05-31T00:00:00Z,6,249,57,0,12,4,1,8,0,183,0,0,0,0,0,0.014,0.053,0.054,0.121,0.121,0.173,0.139,0.135,0.129,0.13,0.178,0.206
020_AAAF,CRGRO048,35,35,2020-06-01T00:00:00Z,7,249,57,0,12,4,1,8,0,183,0,0,0,0,0,0.014,0.053,0.054,0.121,0.121,0.173,0.139,0.135,0.129,0.13,0.178,0.206
020_AAAF,CRGRO048,35,35,2020-06-02T00:00:00Z,8,248,57,0,12,4,1,8,0,183,0,0,0,0,0,0.014,0.052,0.054,0.121,0.121,0.172,0.139,0.135,0.129,0.13,0.178,0.206
020_AAAF,CRGRO048,35,35,2020-06-03T00:00:00Z,9,248,57,0,12,4,1,8,0,183,0,0,0,0,0,0.014,0.052,0.054,0.121,0.121,0.172,0.14,0.135,0.129,0.131,0.178,0.206
020_AAAF,CRGRO048,35,35,2020-06-04T00:00:00Z,10,248,56,0,12,4,1,8,0,183,0,0,0,0,0,0.014,0.051,0.054,0.121,0.121,0.172,0.14,0.135,0.129,0.131,0.178,0.206
020_AAAF,CRGRO048,35,35,2020-06-05T00:00:00Z,11,248,56,0,12,4,1,8,0,183,0,0,0,0,0,0.014,0.05,0.054,0.121,0.121,0.171,0.14,0.135,0.129,0.131,0.178,0.205
020_AAAF,CRGRO048,35,35,2020-06-06T00:00:00Z,12,249,57,0,12,4,1,8,0,183,0,0,0,0,0,0.024,0.05,0.054,0.121,0.121,0.171,0.14,0.135,0.129,0.131,0.178,0.205
020_AAAF,CRGRO048,35,35,2020-06-07T00:00:00Z,13,258,67,0,12,15,1,8,0,183,0,0,0,0,0,0.125,0.07,0.06,0.127,0.124,0.175,0.143,0.135,0.129,0.131,0.178,0.205
020_AAAF,CRGRO048,35,35,2020-06-08T00:00:00Z,14,257,65,0,12,17,1,8,0,183,0,0,0,0,0,0.023,0.073,0.064,0.132,0.128,0.179,0.151,0.135,0.129,0.131,0.178,0.205
020_AAAF,CRGRO048,35,35,2020-06-09T00:00:00Z,15,264,73,0,12,25,1,8,0,183,0,0,0,0,0,0.108,0.075,0.066,0.136,0.132,0.183,0.164,0.135,0.129,0.132,0.178,0.205
020_AAAF,CRGRO048,35,35,2020-06-10T00:00:00Z,16,261,70,0,12,26,1,8,0,183,0,0,0,0,0,0.013,0.069,0.064,0.136,0.134,0.186,0.176,0.137,0.129,0.132,0.178,0.205
020_AAAF,CRGRO048,35,35,2020-06-11T00:00:00Z,17,264,72,0,12,28,1,8,0,183,0,0,0,0,0,0.057,0.058,0.06,0.132,0.132,0.186,0.181,0.143,0.129,0.132,0.178,0.205
020_AAAF,CRGRO048,35,35,2020-06-12T00:00:00Z,18,262,70,0,12,29,1,8,0,183,0,0,0,0,0,0.014,0.056,0.057,0.128,0.129,0.184,0.182,0.149,0.129,0.132,0.178,0.205
020_AAAF,CRGRO048,35,35,2020-06-13T00:00:00Z,19,261,69,0,12,29,1,8,0,183,0,0,0,0,0,0.014,0.055,0.054,0.121,0.123,0.178,0.177,0.159,0.129,0.132,0.178,0.205
020_AAAF,CRGRO048,35,35,2020-06-14T00:00:00Z,20,261,69,0,12,29,1,8,0,183,0,0,0,0,0,0.014,0.053,0.053,0.12,0.12,0.176,0.175,0.162,0.129,0.132,0.178,0.204
020_AAAF,CRGRO048,35,35,2020-06-15T00:00:00Z,21,261,69,0,12,29,1,8,0,183,0,0,0,0,0,0.014,0.052,0.053,0.119,0.12,0.176,0.175,0.162,0.129,0.133,0.178,0.204
020_AAAF,CRGRO048,35,35,2020-06-16T00:00:00Z,22,260,68,0,12,29,1,8,0,183,0,0,0,0,0,0.014,0.051,0.053,0.118,0.12,0.176,0.175,0.162,0.13,0.133,0.178,0.204
020_AAAF,CRGRO048,35,35,2020-06-17T00:00:00Z,23,260,68,0,12,29,1,8,0,183,0,0,0,0,0,0.014,0.05,0.052,0.117,0.119,0.176,0.174,0.162,0.13,0.133,0.178,0.204
020_AAAF,CRGRO048,35,35,2020-06-18T00:00:00Z,24,260,68,0,12,29,1,8,0,183,0,0,0,0,0,0.014,0.049,0.051,0.116,0.118,0.176,0.174,0.162,0.13,0.133,0.178,0.204
020_AAAF,CRGRO048,35,35,2020-06-19T00:00:00Z,25,260,68,0,12,30,1,8,0,183,0,0,0,0,0,0.03,0.048,0.051,0.115,0.117,0.176,0.174,0.162,0.13,0.133,0.178,0.204
020_AAAF,CRGRO048,35,35,2020-06-20T00:00:00Z,26,259,67,0,12,30,1,8,0,183,0,0,0,0,0,0.02,0.047,0.05,0.113,0.116,0.175,0.174,0.162,0.13,0.133,0.178,0.204
020_AAAF,CRGRO048,35,35,2020-06-21T00:00:00Z,27,258,66,0,12,30,1,8,0,183,0,0,0,0,0,0.014,0.046,0.049,0.112,0.114,0.175,0.174,0.163,0.13,0.134,0.178,0.204
020_AAAF,CRGRO048,35,35,2020-06-22T00:00:00Z,28,257,66,0,12,30,1,8,0,183,0,0,0,0,0,0.014,0.045,0.049,0.11,0.113,0.175,0.173,0.163,0.13,0.134,0.178,0.204
020_AAAF,CRGRO048,35,35,2020-06-23T00:00:00Z,29,257,65,0,12,30,1,8,0,183,0,0,0,0,0,0.014,0.044,0.048,0.109,0.112,0.174,0.173,0.163,0.13,0.134,0.178,0.203
020_AAAF,CRGRO048,35,35,2020-06-24T00:00:00Z,30,256,64,0,12,30,1,8,0,183,0,0,0,0,0,0.014,0.044,0.047,0.107,0.11,0.173,0.173,0.163,0.13,0.134,0.178,0.203
020_AAAF,CRGRO048,35,35,2020-06-25T00:00:00Z,31,256,64,0,12,30,1,8,0,183,0,0,0,0,0,0.014,0.043,0.047,0.106,0.109,0.173,0.173,0.163,0.131,0.134,0.178,0.203
020_AAAF,CRGRO048,35,35,2020-06-26T00:00:00Z,32,255,63,0,12,30,1,8,0,183,0,0,0,0,0,0.014,0.042,0.046,0.105,0.108,0.172,0.172,0.163,0.131,0.134,0.178,0.203
020_AAAF,CRGRO048,35,35,2020-06-27T00:00:00Z,33,255,63,0,12,30,1,8,0,183,0,0,0,0,0,0.024,0.041,0.045,0.104,0.107,0.171,0.171,0.163,0.131,0.135,0.178,0.203
020_AAAF,CRGRO048,35,35,2020-06-28T00:00:00Z,34,254,62,0,12,30,1,8,0,183,0,0,0,0,0,0.014,0.04,0.044,0.103,0.105,0.17,0.171,0.163,0.131,0.135,0.178,0.203
020_AAAF,CRGRO048,35,35,2020-06-29T00:00:00Z,35,253,61,0,12,30,1,8,0,183,0,0,0,0,0,0.014,0.04,0.044,0.102,0.104,0.168,0.17,0.163,0.131,0.135,0.178,0.203
020_AAAF,CRGRO048,35,35,2020-06-30T00:00:00Z,36,266,74,0,12,44,1,8,0,183,0,0,0,0,0,0.161,0.072,0.057,0.11,0.103,0.167,0.169,0.163,0.131,0.135,0.178,0.203
020_AAAF,CRGRO048,35,35,2020-07-01T00:00:00Z,37,261,69,0,12,44,1,8,0,183,0,0,0,0,0,0.013,0.056,0.053,0.118,0.119,0.173,0.174,0.165,0.131,0.135,0.178,0.203
020_AAAF,CRGRO048,35,35,2020-07-02T00:00:00Z,38,260,68,0,12,44,1,8,0,183,0,0,0,0,0,0.014,0.054,0.052,0.114,0.115,0.173,0.173,0.165,0.131,0.135,0.178,0.203
020_AAAF,CRGRO048,35,35,2020-07-03T00:00:00Z,39,258,67,0,12,44,1,8,0,183,0,0,0,0,0,0.014,0.051,0.05,0.111,0.112,0.171,0.172,0.165,0.132,0.135,0.178,0.202
020_AAAF,CRGRO048,35,35,2020-07-04T00:00:00Z,40,257,65,0,12,44,1,8,0,183,0,0,0,0,0,0.014,0.049,0.049,0.107,0.108,0.169,0.17,0.165,0.132,0.136,0.178,0.202
020_AAAF,CRGRO048,35,35,2020-07-05T00:00:00Z,41,260,68,0,12,49,1,8,0,183,0,0,0,0,0,0.079,0.056,0.052,0.105,0.106,0.168,0.169,0.165,0.132,0.136,0.178,0.202
020_AAAF,CRGRO048,35,35,2020-07-06T00:00:00Z,42,301,110,11,12,103,1,8,0,183,0.01,0,0,10.71,0,0.122,0.151,0.131,0.184,0.149,0.188,0.179,0.169,0.132,0.136,0.178,0.202
020_AAAF,CRGRO048,35,35,2020-07-07T00:00:00Z,43,307,115,11,12,112,1,8,0,183,0.01,0,0,0,0,0.12,0.116,0.109,0.195,0.172,0.209,0.195,0.184,0.132,0.136,0.178,0.202
020_AAAF,CRGRO048,35,35,2020-07-08T00:00:00Z,44,303,111,11,12,112,1,8,0,183,0.01,0,0,0,0,0.027,0.076,0.073,0.147,0.138,0.187,0.182,0.196,0.216,0.181,0.178,0.202
020_AAAF,CRGRO048,35,35,2020-07-09T00:00:00Z,45,303,111,11,12,114,1,8,0,183,0.01,0,0,0,0,0.049,0.06,0.062,0.139,0.136,0.189,0.185,0.199,0.206,0.196,0.18,0.202
020_AAAF,CRGRO048,35,35,2020-07-10T00:00:00Z,46,298,106,11,13,114,1,8,0,183,0.01,0,0,0,0,0.013,0.053,0.053,0.121,0.12,0.178,0.176,0.197,0.199,0.196,0.205,0.205
020_AAAF,CRGRO048,35,35,2020-07-11T00:00:00Z,47,294,102,11,13,114,1,8,0,183,0.01,0,0,0,0,0.014,0.05,0.051,0.111,0.112,0.172,0.174,0.196,0.196,0.196,0.205,0.205
020_AAAF,CRGRO048,35,35,2020-07-12T00:00:00Z,48,291,99,11,13,114,1,8,0,183,0.01,0,0,0,0,0.014,0.047,0.048,0.105,0.106,0.169,0.171,0.194,0.195,0.196,0.205,0.205
020_AAAF,CRGRO048,35,35,2020-07-13T00:00:00Z,49,288,96,11,13,114,1,8,0,183,0.01,0,0,0,0,0.014,0.045,0.046,0.102,0.103,0.166,0.168,0.193,0.194,0.196,0.205,0.205
020_AAAF,CRGRO048,35,35,2020-07-14T00:00:00Z,50,286,94,11,13,114,1,8,0,183,0.01,0,0,0,0,0.014,0.043,0.044,0.099,0.1,0.163,0.165,0.191,0.193,0.196,0.205,0.205
020_AAAF,CRGRO048,35,35,2020-07-15T00:00:00Z,51,283,91,11,13,114,1,8,0,183,0.01,0,0,0,0,0.014,0.041,0.042,0.097,0.098,0.161,0.163,0.189,0.191,0.195,0.205,0.205
020_AAAF,CRGRO048,35,35,2020-07-16T00:00:00Z,52,281,89,11,13,114,1,8,0,183,0.01,0,0,0,0,0.014,0.039,0.041,0.095,0.096,0.159,0.16,0.187,0.19,0.195,0.205,0.205
020_AAAF,CRGRO048,35,35,2020-07-17T00:00:00Z,53,279,87,11,13,114,1,8,0,183,0.01,0,0,0,0,0.014,0.038,0.039,0.093,0.094,0.157,0.159,0.185,0.188,0.194,0.205,0.205
020_AAAF,CRGRO048,35,35,2020-07-18T00:00:00Z,54,277,85,11,13,114,1,8,0,183,0.01,0,0,0,0,0.014,0.037,0.038,0.091,0.092,0.155,0.157,0.184,0.186,0.192,0.205,0.205
020_AAAF,CRGRO048,35,35,2020-07-19T00:00:00Z,55,275,83,11,13,114,1,8,0,183,0.01,0,0,0,0,0.014,0.035,0.037,0.09,0.091,0.153,0.155,0.182,0.184,0.191,0.205,0.205
020_AAAF,CRGRO048,35,35,2020-07-20T00:00:00Z,56,273,81,11,13,114,1,8,0,183,0.01,0,0,0,0,0.014,0.034,0.036,0.089,0.089,0.152,0.153,0.181,0.182,0.189,0.205,0.205
020_AAAF,CRGRO048,35,35,2020-07-21T00:00:00Z,57,271,79,11,13,114,1,8,0,183,0.01,0,0,0,0,0.014,0.033,0.035,0.087,0.088,0.15,0.152,0.179,0.181,0.187,0.205,0.205
020_AAAF,CRGRO048,35,35,2020-07-22T00:00:00Z,58,272,80,11,13,117,1,8,0,183,0.02,0,0,0,0,0.061,0.037,0.034,0.086,0.087,0.149,0.151,0.178,0.179,0.186,0.205,0.205
020_AAAF,CRGRO048,35,35,2020-07-23T00:00:00Z,59,271,79,11,13,120,1,8,0,183,0.02,0,0,0,0,0.034,0.051,0.033,0.085,0.086,0.148,0.149,0.176,0.178,0.184,0.205,0.205
020_AAAF,CRGRO048,35,35,2020-07-24T00:00:00Z,60,268,76,11,13,120,1,8,0,183,0.03,0,0,0,0,0.02,0.044,0.032,0.084,0.085,0.147,0.148,0.175,0.177,0.182,0.205,0.205
020_AAAF,CRGRO048,35,35,2020-07-25T00:00:00Z,61,266,74,11,13,120,1,8,0,183,0.03,0,0,0,0,0.014,0.04,0.032,0.083,0.084,0.145,0.147,0.174,0.175,0.181,0.205,0.205
020_AAAF,CRGRO048,35,35,2020-07-26T00:00:00Z,62,264,72,11,13,120,1,8,0,183,0.03,0,0,0,0,0.014,0.038,0.031,0.082,0.083,0.144,0.146,0.173,0.174,0.18,0.205,0.205
020_AAAF,CRGRO048,35,35,2020-07-27T00:00:00Z,63,263,71,11,13,120,1,8,0,183,0.03,0,0,0,0,0.014,0.036,0.03,0.081,0.082,0.143,0.145,0.172,0.173,0.178,0.205,0.205
020_AAAF,CRGRO048,35,35,2020-07-28T00:00:00Z,64,276,84,11,13,120,2,22,0,183,0.03,0,0,0,0,0.167,0.072,0.051,0.081,0.082,0.142,0.144,0.171,0.172,0.177,0.205,0.205
020_AAAF,CRGRO048,35,35,2020-07-29T00:00:00Z,65,280,88,11,13,126,2,22,0,183,0.05,0,0,0,0,0.135,0.078,0.064,0.109,0.081,0.142,0.144,0.171,0.172,0.177,0.205,0.205
020_AAAF,CRGRO048,35,35,2020-07-30T00:00:00Z,66,277,85,11,13,127,2,22,0,183,0.05,0,0,0,0,0.066,0.067,0.061,0.124,0.092,0.142,0.144,0.17,0.172,0.177,0.204,0.205
020_AAAF,CRGRO048,35,35,2020-07-31T00:00:00Z,67,273,81,11,13,127,2,22,0,183,0.05,0,0,0,0,0.02,0.051,0.052,0.113,0.112,0.142,0.144,0.17,0.171,0.177,0.204,0.205
020_AAAF,CRGRO048,35,35,2020-08-01T00:00:00Z,68,269,77,11,13,127,2,22,0,183,0.05,0,0,0,0,0.014,0.046,0.047,0.101,0.101,0.142,0.143,0.17,0.171,0.176,0.204,0.205
020_AAAF,CRGRO048,35,35,2020-08-02T00:00:00Z,69,266,74,11,13,127,2,22,0,183,0.05,0,0,0,0,0.014,0.041,0.042,0.095,0.095,0.141,0.143,0.169,0.17,0.175,0.204,0.205
020_AAAF,CRGRO048,35,35,2020-08-03T00:00:00Z,70,263,71,11,13,127,2,22,0,183,0.05,0,0,0,0,0.014,0.038,0.039,0.091,0.091,0.141,0.142,0.168,0.169,0.174,0.204,0.205
020_AAAF,CRGRO048,35,35,2020-08-04T00:00:00Z,71,262,70,11,13,128,2,22,0,183,0.07,0,0,0,0,0.023,0.036,0.037,0.089,0.089,0.14,0.141,0.167,0.168,0.173,0.204,0.205
020_AAAF,CRGRO048,35,35,2020-08-05T00:00:00Z,72,260,68,11,13,128,2,22,0,183,0.07,0,0,0,0,0.014,0.034,0.035,0.087,0.087,0.139,0.14,0.166,0.167,0.172,0.204,0.205
020_AAAF,CRGRO048,35,35,2020-08-06T00:00:00Z,73,262,70,11,13,131,2,22,0,183,0.07,0,0,0,0,0.068,0.042,0.034,0.085,0.085,0.138,0.139,0.166,0.166,0.171,0.204,0.205
020_AAAF,CRGRO048,35,35,2020-08-07T00:00:00Z,74,259,67,11,13,132,2,22,0,183,0.07,0,0,0,0,0.02,0.044,0.033,0.084,0.084,0.138,0.139,0.165,0.166,0.17,0.204,0.205
020_AAAF,CRGRO048,35,35,2020-08-08T00:00:00Z,75,257,65,11,13,132,2,22,0,183,0.07,0,0,0,0,0.014,0.04,0.032,0.083,0.083,0.137,0.138,0.164,0.165,0.17,0.204,0.205
020_AAAF,CRGRO048,35,35,2020-08-09T00:00:00Z,76,261,69,11,13,137,2,22,0,183,0.08,0,0,0,0,0.084,0.052,0.033,0.082,0.082,0.136,0.138,0.163,0.164,0.169,0.203,0.205
020_AAAF,CRGRO048,35,35,2020-08-10T00:00:00Z,77,269,77,11,13,147,2,22,0,183,0.08,0,0,0,0,0.134,0.071,0.054,0.085,0.081,0.136,0.137,0.163,0.164,0.168,0.203,0.205
020_AAAF,CRGRO048,35,35,2020-08-11T00:00:00Z,78,264,72,11,13,147,2,22,0,183,0.08,0,0,0,0,0.046,0.043,0.05,0.119,0.082,0.136,0.137,0.163,0.164,0.168,0.203,0.205
020_AAAF,CRGRO048,35,35,2020-08-12T00:00:00Z,79,271,79,11,13,157,2,22,0,183,0.1,0,0,0,0,0.114,0.069,0.056,0.109,0.089,0.136,0.137,0.163,0.163,0.168,0.203,0.205
020_AAAF,CRGRO048,35,35,2020-08-13T00:00:00Z,80,266,74,11,13,157,2,22,0,183,0.1,0,0,0,0,0.047,0.052,0.055,0.116,0.091,0.136,0.137,0.162,0.163,0.168,0.203,0.205
020_AAAF,CRGRO048,35,35,2020-08-14T00:00:00Z,81,270,78,11,13,165,2,22,0,183,0.11,0,0,0,0,0.092,0.065,0.055,0.112,0.098,0.136,0.137,0.162,0.163,0.168,0.203,0.205
020_AAAF,CRGRO048,35,35,2020-08-15T00:00:00Z,82,265,74,11,13,165,2,22,0,183,0.1,0,0,0,0,0.034,0.045,0.051,0.112,0.107,0.136,0.136,0.162,0.163,0.168,0.203,0.205
020_AAAF,CRGRO048,35,35,2020-08-16T00:00:00Z,83,261,69,11,13,165,2,22,0,183,0.09,0,0,0,0,0.014,0.042,0.046,0.099,0.099,0.136,0.136,0.162,0.163,0.168,0.203,0.205
020_AAAF,CRGRO048,35,35,2020-08-17T00:00:00Z,84,258,66,11,13,165,2,22,0,183,0.09,0,0,0,0,0.014,0.039,0.041,0.093,0.093,0.135,0.136,0.161,0.162,0.167,0.203,0.205
020_AAAF,CRGRO048,35,35,2020-08-18T00:00:00Z,85,293,102,13,13,204,2,22,0,183,0.12,0,0,2.21,0,0.167,0.15,0.094,0.145,0.121,0.142,0.135,0.161,0.161,0.166,0.202,0.205
020_AAAF,CRGRO048,35,35,2020-08-19T00:00:00Z,86,289,97,13,13,204,2,22,0,183,0.11,0,0,0,0,0.068,0.085,0.063,0.123,0.114,0.174,0.174,0.181,0.161,0.167,0.202,0.205
020_AAAF,CRGRO048,35,35,2020-08-20T00:00:00Z,87,286,95,13,13,206,2,22,0,183,0.12,0,0,0,0,0.048,0.065,0.06,0.125,0.12,0.174,0.173,0.181,0.161,0.167,0.202,0.205
020_AAAF,CRGRO048,35,35,2020-08-21T00:00:00Z,88,284,92,13,13,206,2,22,0,183,0.12,0,0,0,0,0.04,0.054,0.056,0.122,0.12,0.175,0.176,0.181,0.161,0.167,0.202,0.205
020_AAAF,CRGRO048,35,35,2020-08-22T00:00:00Z,89,284,92,13,13,207,2,22,0,183,0.12,0,0,0,0,0.047,0.054,0.055,0.118,0.119,0.174,0.175,0.181,0.162,0.167,0.202,0.205
020_AAAF,CRGRO048,35,35,2020-08-23T00:00:00Z,90,283,91,13,13,208,2,22,0,183,0.13,0,0,0,0,0.047,0.054,0.053,0.118,0.115,0.173,0.173,0.181,0.162,0.167,0.202,0.205
020_AAAF,CRGRO048,35,35,2020-08-24T00:00:00Z,91,310,118,13,13,237,2,22,0,183,0.13,0,0,0.29,0,0.159,0.142,0.088,0.148,0.133,0.181,0.177,0.184,0.162,0.167,0.202,0.205
020_AAAF,CRGRO048,35,35,2020-08-25T00:00:00Z,92,325,133,13,13,256,2,22,0,183,0.14,0,0,0.11,0,0.143,0.147,0.11,0.181,0.157,0.198,0.188,0.194,0.162,0.167,0.202,0.205
020_AAAF,CRGRO048,35,35,2020-08-26T00:00:00Z,93,321,129,13,13,256,2,22,0,183,0.14,0,0,0,0,0.075,0.097,0.091,0.177,0.164,0.209,0.198,0.202,0.18,0.167,0.201,0.205
020_AAAF,CRGRO048,35,35,2020-08-27T00:00:00Z,94,315,123,13,15,256,2,22,0,183,0.13,0,0,0,0,0.035,0.065,0.063,0.137,0.132,0.185,0.181,0.197,0.255,0.194,0.205,0.205
020_AAAF,CRGRO048,35,35,2020-08-28T00:00:00Z,95,303,111,13,22,256,2,22,0,183,0.11,0,0,0,0,0.014,0.053,0.053,0.121,0.119,0.176,0.174,0.196,0.239,0.193,0.205,0.205
020_AAAF,CRGRO048,35,35,2020-08-29T00:00:00Z,96,296,104,13,26,256,2,22,0,183,0.1,0,0,0,0,0.014,0.051,0.052,0.115,0.113,0.174,0.172,0.194,0.211,0.193,0.205,0.205
020_AAAF,CRGRO048,35,35,2020-08-30T00:00:00Z,97,330,138,15,26,295,2,22,0,183,0.14,0,0,2.01,0,0.167,0.15,0.102,0.158,0.137,0.183,0.178,0.197,0.199,0.196,0.206,0.207
020_AAAF,CRGRO048,35,35,2020-08-31T00:00:00Z,98,330,138,15,27,298,2,22,0,183,0.14,0,0,0,0,0.116,0.107,0.092,0.17,0.153,0.196,0.187,0.2,0.201,0.199,0.208,0.207
020_AAAF,CRGRO048,35,35,2020-09-01T00:00:00Z,99,318,126,15,35,298,2,22,0,183,0.13,0,0,0,0,0.055,0.07,0.064,0.135,0.128,0.181,0.177,0.196,0.267,0.198,0.208,0.207
020_AAAF,CRGRO048,35,35,2020-09-02T00:00:00Z,100,307,115,15,42,298,2,22,0,183,0.12,0,0,0,0,0.034,0.055,0.054,0.121,0.118,0.174,0.173,0.195,0.247,0.197,0.208,0.207
020_AAAF,CRGRO048,35,35,2020-09-03T00:00:00Z,101,297,105,15,47,298,2,22,0,183,0.1,0,0,0,0,0.014,0.052,0.052,0.112,0.111,0.172,0.171,0.194,0.214,0.194,0.208,0.207
020_AAAF,CRGRO048,35,35,2020-09-04T00:00:00Z,102,291,99,15,49,298,2,22,0,183,0.09,0,0,0,0,0.014,0.049,0.049,0.106,0.105,0.168,0.167,0.191,0.199,0.192,0.208,0.207
020_AAAF,CRGRO048,35,35,2020-09-05T00:00:00Z,103,286,94,15,49,298,2,22,0,183,0.09,0,0,0,0,0.014,0.046,0.046,0.101,0.101,0.164,0.164,0.188,0.193,0.191,0.208,0.207
020_AAAF,CRGRO048,35,35,2020-09-06T00:00:00Z,104,284,92,15,49,298,2,22,0,183,0.08,0,0,0,0,0.014,0.044,0.045,0.099,0.099,0.161,0.162,0.187,0.19,0.189,0.208,0.207
020_AAAF,CRGRO048,35,35,2020-09-07T00:00:00Z,105,280,88,15,49,298,2,22,0,183,0.07,0,0,0,0,0.014,0.041,0.042,0.096,0.096,0.159,0.159,0.184,0.186,0.186,0.208,0.207
020_AAAF,CRGRO048,35,35,2020-09-08T00:00:00Z,106,277,85,15,49,298,2,22,0,183,0.06,0,0,0,0,0.014,0.039,0.04,0.093,0.094,0.156,0.156,0.182,0.183,0.184,0.207,0.207
020_AAAF,CRGRO048,35,35,2020-09-09T00:00:00Z,107,286,94,15,49,309,2,22,0,183,0.16,0,0,0,0,0.132,0.065,0.052,0.092,0.092,0.155,0.155,0.181,0.182,0.183,0.207,0.207
020_AAAF,CRGRO048,35,35,2020-09-10T00:00:00Z,108,294,102,15,49,319,2,22,0,183,0.15,0,0,0,0,0.154,0.086,0.067,0.123,0.097,0.154,0.155,0.18,0.181,0.182,0.207,0.207
020_AAAF,CRGRO048,35,35,2020-09-11T00:00:00Z,109,294,102,15,49,321,2,22,0,183,0.16,0,0,0,0,0.105,0.077,0.065,0.131,0.12,0.154,0.154,0.18,0.181,0.182,0.207,0.207
020_AAAF,CRGRO048,35,35,2020-09-12T00:00:00Z,110,290,99,15,49,322,2,22,0,183,0.16,0,0,0,0,0.063,0.063,0.059,0.129,0.122,0.165,0.154,0.18,0.18,0.182,0.207,0.207
020_AAAF,CRGRO048,35,35,2020-09-13T00:00:00Z,111,289,97,15,49,322,2,22,0,183,0.16,0,0,0,0,0.052,0.056,0.056,0.123,0.12,0.172,0.154,0.179,0.18,0.181,0.207,0.207
020_AAAF,CRGRO048,35,35,2020-09-14T00:00:00Z,112,287,95,15,49,323,2,22,0,183,0.17,0,0,0,0,0.047,0.054,0.053,0.117,0.116,0.174,0.154,0.179,0.18,0.181,0.207,0.207
020_AAAF,CRGRO048,35,35,2020-09-15T00:00:00Z,113,288,96,15,49,325,2,22,0,183,0.17,0,0,0,0,0.067,0.057,0.054,0.119,0.113,0.172,0.154,0.179,0.18,0.181,0.207,0.207
020_AAAF,CRGRO048,35,35,2020-09-16T00:00:00Z,114,297,105,15,49,335,2,22,0,183,0.18,0,0,0,0,0.147,0.077,0.063,0.127,0.121,0.175,0.154,0.179,0.18,0.181,0.207,0.207
020_AAAF,CRGRO048,35,35,2020-09-17T00:00:00Z,115,301,109,15,49,342,2,22,0,183,0.16,0,0,0,0,0.144,0.083,0.068,0.134,0.126,0.179,0.163,0.179,0.179,0.181,0.207,0.207
020_AAAF,CRGRO048,35,35,2020-09-18T00:00:00Z,116,299,108,15,49,342,2,22,0,183,0.14,0,0,0,0,0.083,0.063,0.057,0.123,0.12,0.175,0.174,0.196,0.188,0.181,0.207,0.207
020_AAAF,CRGRO048,35,35,2020-09-19T00:00:00Z,117,298,106,15,49,342,2,22,0,183,0.13,0,0,0,0,0.056,0.055,0.054,0.118,0.117,0.174,0.173,0.195,0.194,0.188,0.207,0.207
020_AAAF,CRGRO048,35,35,2020-09-20T00:00:00Z,118,296,104,15,49,342,2,22,0,183,0.11,0,0,0,0,0.046,0.054,0.053,0.116,0.115,0.173,0.172,0.195,0.193,0.188,0.207,0.207
020_AAAF,CRGRO048,35,35,2020-09-21T00:00:00Z,119,293,101,15,49,342,2,22,0,183,0.1,0,0,0,0,0.032,0.052,0.051,0.111,0.111,0.17,0.17,0.193,0.192,0.187,0.207,0.207
020_AAAF,CRGRO048,35,35,2020-09-22T00:00:00Z,120,289,97,15,49,342,2,22,0,183,0.09,0,0,0,0,0.017,0.05,0.049,0.107,0.107,0.168,0.168,0.192,0.19,0.186,0.207,0.207
020_AAAF,CRGRO048,35,35,2020-09-23T00:00:00Z,121,287,95,15,49,342,2,22,0,183,0.08,0,0,0,0,0.014,0.048,0.048,0.105,0.105,0.166,0.166,0.19,0.189,0.186,0.206,0.207
020_AAAF,CRGRO048,35,35,2020-09-24T00:00:00Z,122,284,92,15,49,342,2,22,0,183,0.07,0,0,0,0,0.014,0.046,0.046,0.102,0.102,0.164,0.164,0.189,0.187,0.185,0.206,0.207
020_AAAF,CRGRO048,35,35,2020-09-25T00:00:00Z,123,284,92,15,49,345,2,22,0,183,0.18,0,0,0,0,0.062,0.049,0.044,0.099,0.099,0.161,0.161,0.186,0.185,0.183,0.206,0.207
020_AAAF,CRGRO048,35,35,2020-09-26T00:00:00Z,124,281,89,15,49,345,2,22,0,183,0.16,0,0,0,0,0.04,0.049,0.043,0.097,0.097,0.159,0.159,0.185,0.183,0.182,0.206,0.207
020_AAAF,CRGRO048,35,35,2020-09-27T00:00:00Z,125,281,89,15,49,346,2,22,0,183,0.19,0,0,0,0,0.05,0.047,0.042,0.096,0.096,0.158,0.159,0.184,0.183,0.182,0.206,0.207
020_AAAF,CRGRO048,35,35,2020-09-28T00:00:00Z,126,281,89,15,49,349,2,22,0,183,0.18,0,0,0,0,0.067,0.054,0.045,0.095,0.095,0.157,0.157,0.183,0.181,0.181,0.206,0.207
020_AAAF,CRGRO048,35,35,2020-09-29T00:00:00Z,127,300,108,15,49,369,2,22,0,183,0.19,0,0,0,0,0.158,0.114,0.074,0.128,0.108,0.156,0.157,0.182,0.181,0.18,0.206,0.207
020_AAAF,CRGRO048,35,35,2020-09-30T00:00:00Z,128,297,105,15,49,369,2,22,0,183,0.17,0,0,0,0,0.078,0.071,0.055,0.117,0.117,0.174,0.174,0.194,0.18,0.18,0.206,0.207
020_AAAF,CRGRO048,35,35,2020-10-01T00:00:00Z,129,293,101,15,49,369,2,22,0,183,0.15,0,0,0,0,0.046,0.054,0.054,0.115,0.114,0.172,0.172,0.195,0.186,0.18,0.206,0.207
020_AAAF,CRGRO048,35,35,2020-10-02T00:00:00Z,130,290,98,15,49,369,2,22,0,183,0.13,0,0,0,0,0.033,0.052,0.052,0.111,0.111,0.17,0.17,0.193,0.185,0.18,0.206,0.207
020_AAAF,CRGRO048,35,35,2020-10-03T00:00:00Z,131,288,96,15,49,369,2,22,0,183,0.11,0,0,0,0,0.024,0.051,0.051,0.108,0.108,0.168,0.169,0.192,0.184,0.18,0.206,0.207
020_AAAF,CRGRO048,35,35,2020-10-04T00:00:00Z,132,285,93,15,49,369,2,22,0,183,0.1,0,0,0,0,0.014,0.048,0.049,0.105,0.105,0.166,0.167,0.191,0.184,0.179,0.206,0.207
020_AAAF,CRGRO048,35,35,2020-10-05T00:00:00Z,133,283,91,15,49,369,2,22,0,183,0.09,0,0,0,0,0.014,0.046,0.047,0.102,0.103,0.164,0.165,0.189,0.183,0.179,0.206,0.207
020_AAAF,CRGRO048,35,35,2020-10-06T00:00:00Z,134,281,89,15,49,369,2,22,0,183,0.08,0,0,0,0,0.014,0.045,0.046,0.1,0.101,0.162,0.163,0.187,0.182,0.178,0.206,0.207
020_AAAF,CRGRO048,35,35,2020-10-07T00:00:00Z,135,277,86,15,49,369,2,22,0,183,0.07,0,0,0,0,0.014,0.042,0.043,0.097,0.097,0.159,0.159,0.184,0.18,0.177,0.205,0.207
020_AAAF,CRGRO048,35,35,2020-10-08T00:00:00Z,136,273,81,15,49,369,2,22,0,183,0.06,0,0,0,0,0.014,0.039,0.04,0.093,0.093,0.155,0.155,0.181,0.177,0.176,0.205,0.207
020_AAAF,CRGRO048,35,35,2020-10-09T00:00:00Z,137,271,79,15,49,369,2,22,0,183,0.05,0,0,0,0,0.014,0.037,0.038,0.09,0.091,0.153,0.153,0.179,0.175,0.175,0.205,0.207
020_AAAF,CRGRO048,35,35,2020-10-10T00:00:00Z,138,278,87,15,49,380,2,22,0,183,0.2,0,0,0,0,0.132,0.063,0.048,0.088,0.088,0.15,0.151,0.176,0.174,0.173,0.205,0.207
020_AAAF,CRGRO048,35,35,2020-10-11T00:00:00Z,139,275,83,15,49,380,2,22,0,183,0.18,0,0,0,0,0.069,0.051,0.054,0.095,0.088,0.149,0.15,0.176,0.173,0.173,0.205,0.207
020_AAAF,CRGRO048,35,35,2020-10-12T00:00:00Z,140,273,81,15,49,380,2,22,0,183,0.16,0,0,0,0,0.045,0.05,0.05,0.097,0.087,0.149,0.149,0.175,0.172,0.172,0.205,0.207
020_AAAF,CRGRO048,35,35,2020-10-13T00:00:00Z,141,268,76,15,49,380,2,22,0,183,0.14,0,0,0,0,0.025,0.043,0.043,0.093,0.086,0.147,0.148,0.173,0.171,0.172,0.205,0.207
020_AAAF,CRGRO048,35,35,2020-10-14T00:00:00Z,142,265,73,15,49,380,2,22,0,183,0.12,0,0,0,0,0.014,0.04,0.04,0.09,0.085,0.146,0.147,0.172,0.17,0.171,0.205,0.207
020_AAAF,CRGRO048,35,35,2020-10-15T00:00:00Z,143,263,71,15,49,380,2,22,0,183,0.1,0,0,0,0,0.014,0.037,0.038,0.088,0.084,0.144,0.145,0.171,0.169,0.17,0.205,0.207
020_AAAF,CRGRO048,36,36,2020-05-25T00:00:00Z,0,256,64,0,0,0,0,0,0,174,0,0,0,0,0,0.086,0.086,0.086,0.086,0.086,0.118,0.118,0.135,0.129,0.129,0.178,0.258
020_AAAF,CRGRO048,36,36,2020-05-26T00:00:00Z,1,257,65,0,7,3,1,8,0,179,0,0,0,0,0,0.126,0.093,0.082,0.132,0.104,0.118,0.118,0.135,0.129,0.129,0.178,0.228
020_AAAF,CRGRO048,36,36,2020-05-27T00:00:00Z,2,252,60,0,10,4,1,8,0,181,0,0,0,0,0,0.035,0.078,0.074,0.143,0.126,0.129,0.118,0.135,0.129,0.129,0.178,0.214
020_AAAF,CRGRO048,36,36,2020-05-28T00:00:00Z,3,249,57,0,12,4,1,8,0,182,0,0,0,0,0,0.014,0.062,0.062,0.129,0.121,0.174,0.118,0.135,0.129,0.13,0.178,0.209
020_AAAF,CRGRO048,36,36,2020-05-29T00:00:00Z,4,249,57,0,12,4,1,8,0,183,0,0,0,0,0,0.014,0.056,0.056,0.123,0.121,0.173,0.133,0.135,0.129,0.13,0.178,0.206
020_AAAF,CRGRO048,36,36,2020-05-30T00:00:00Z,5,249,57,0,12,4,1,8,0,183,0,0,0,0,0,0.014,0.054,0.054,0.121,0.121,0.174,0.139,0.135,0.129,0.13,0.178,0.206
020_AAAF,CRGRO048,36,36,2020-05-31T00:00:00Z,6,249,57,0,12,4,1,8,0,183,0,0,0,0,0,0.014,0.053,0.054,0.121,0.121,0.173,0.139,0.135,0.129,0.13,0.178,0.206
020_AAAF,CRGRO048,36,36,2020-06-01T00:00:00Z,7,249,57,0,12,4,1,8,0,183,0,0,0,0,0,0.014,0.053,0.054,0.121,0.121,0.173,0.139,0.135,0.129,0.13,0.178,0.206
020_AAAF,CRGRO048,36,36,2020-06-02T00:00:00Z,8,248,57,0,12,4,1,8,0,183,0,0,0,0,0,0.014,0.052,0.054,0.121,0.121,0.172,0.139,0.135,0.129,0.13,0.178,0.206
020_AAAF,CRGRO048,36,36,2020-06-03T00:00:00Z,9,248,57,0,12,4,1,8,0,183,0,0,0,0,0,0.014,0.052,0.054,0.121,0.121,0.172,0.14,0.135,0.129,0.131,0.178,0.206
020_AAAF,CRGRO048,36,36,2020-06-04T00:00:00Z,10,248,56,0,12,4,1,8,0,183,0,0,0,0,0,0.014,0.051,0.054,0.121,0.121,0.172,0.14,0.135,0.129,0.131,0.178,0.206
020_AAAF,CRGRO048,36,36,2020-06-05T00:00:00Z,11,248,56,0,12,4,1,8,0,183,0,0,0,0,0,0.014,0.05,0.054,0.121,0.121,0.171,0.14,0.135,0.129,0.131,0.178,0.205
020_AAAF,CRGRO048,36,36,2020-06-06T00:00:00Z,12,249,57,0,12,4,1,8,0,183,0,0,0,0,0,0.024,0.05,0.054,0.121,0.121,0.171,0.14,0.135,0.129,0.131,0.178,0.205
020_AAAF,CRGRO048,36,36,2020-06-07T00:00:00Z,13,258,67,0,12,15,1,8,0,183,0,0,0,0,0,0.125,0.07,0.06,0.127,0.124,0.175,0.143,0.135,0.129,0.131,0.178,0.205
020_AAAF,CRGRO048,36,36,2020-06-08T00:00:00Z,14,257,65,0,12,17,1,8,0,183,0,0,0,0,0,0.023,0.073,0.064,0.132,0.128,0.179,0.151,0.135,0.129,0.131,0.178,0.205
020_AAAF,CRGRO048,36,36,2020-06-09T00:00:00Z,15,264,73,0,12,25,1,8,0,183,0,0,0,0,0,0.108,0.075,0.066,0.136,0.132,0.183,0.164,0.135,0.129,0.132,0.178,0.205
020_AAAF,CRGRO048,36,36,2020-06-10T00:00:00Z,16,261,70,0,12,26,1,8,0,183,0,0,0,0,0,0.013,0.069,0.064,0.136,0.134,0.186,0.176,0.137,0.129,0.132,0.178,0.205
020_AAAF,CRGRO048,36,36,2020-06-11T00:00:00Z,17,264,72,0,12,28,1,8,0,183,0,0,0,0,0,0.057,0.058,0.06,0.132,0.132,0.186,0.181,0.143,0.129,0.132,0.178,0.205
020_AAAF,CRGRO048,36,36,2020-06-12T00:00:00Z,18,262,70,0,12,29,1,8,0,183,0,0,0,0,0,0.014,0.056,0.057,0.128,0.129,0.184,0.182,0.149,0.129,0.132,0.178,0.205
020_AAAF,CRGRO048,36,36,2020-06-13T00:00:00Z,19,261,69,0,12,29,1,8,0,183,0,0,0,0,0,0.014,0.055,0.054,0.121,0.123,0.178,0.177,0.159,0.129,0.132,0.178,0.205
020_AAAF,CRGRO048,36,36,2020-06-14T00:00:00Z,20,261,69,0,12,29,1,8,0,183,0,0,0,0,0,0.014,0.053,0.053,0.12,0.12,0.176,0.175,0.162,0.129,0.132,0.178,0.204
020_AAAF,CRGRO048,36,36,2020-06-15T00:00:00Z,21,261,69,0,12,29,1,8,0,183,0,0,0,0,0,0.014,0.052,0.053,0.119,0.12,0.176,0.175,0.162,0.129,0.133,0.178,0.204
020_AAAF,CRGRO048,36,36,2020-06-16T00:00:00Z,22,260,68,0,12,29,1,8,0,183,0,0,0,0,0,0.014,0.051,0.053,0.118,0.12,0.176,0.175,0.162,0.13,0.133,0.178,0.204
020_AAAF,CRGRO048,36,36,2020-06-17T00:00:00Z,23,260,68,0,12,29,1,8,0,183,0,0,0,0,0,0.014,0.05,0.052,0.117,0.119,0.176,0.174,0.162,0.13,0.133,0.178,0.204
020_AAAF,CRGRO048,36,36,2020-06-18T00:00:00Z,24,260,68,0,12,29,1,8,0,183,0,0,0,0,0,0.014,0.049,0.051,0.116,0.118,0.176,0.174,0.162,0.13,0.133,0.178,0.204
020_AAAF,CRGRO048,36,36,2020-06-19T00:00:00Z,25,260,68,0,12,30,1,8,0,183,0,0,0,0,0,0.03,0.048,0.051,0.115,0.117,0.176,0.174,0.162,0.13,0.133,0.178,0.204
020_AAAF,CRGRO048,36,36,2020-06-20T00:00:00Z,26,259,67,0,12,30,1,8,0,183,0,0,0,0,0,0.02,0.047,0.05,0.113,0.116,0.175,0.174,0.162,0.13,0.133,0.178,0.204
020_AAAF,CRGRO048,36,36,2020-06-21T00:00:00Z,27,258,66,0,12,30,1,8,0,183,0,0,0,0,0,0.014,0.046,0.049,0.112,0.114,0.175,0.174,0.163,0.13,0.134,0.178,0.204
020_AAAF,CRGRO048,36,36,2020-06-22T00:00:00Z,28,257,66,0,12,30,1,8,0,183,0,0,0,0,0,0.014,0.045,0.049,0.11,0.113,0.175,0.173,0.163,0.13,0.134,0.178,0.204
020_AAAF,CRGRO048,36,36,2020-06-23T00:00:00Z,29,257,65,0,12,30,1,8,0,183,0,0,0,0,0,0.014,0.044,0.048,0.109,0.112,0.174,0.173,0.163,0.13,0.134,0.178,0.203
020_AAAF,CRGRO048,36,36,2020-06-24T00:00:00Z,30,256,64,0,12,30,1,8,0,183,0,0,0,0,0,0.014,0.044,0.047,0.107,0.11,0.173,0.173,0.163,0.13,0.134,0.178,0.203
020_AAAF,CRGRO048,36,36,2020-06-25T00:00:00Z,31,256,64,0,12,30,1,8,0,183,0,0,0,0,0,0.014,0.043,0.047,0.106,0.109,0.173,0.173,0.163,0.131,0.134,0.178,0.203
020_AAAF,CRGRO048,36,36,2020-06-26T00:00:00Z,32,255,63,0,12,30,1,8,0,183,0,0,0,0,0,0.014,0.042,0.046,0.105,0.108,0.172,0.172,0.163,0.131,0.134,0.178,0.203
020_AAAF,CRGRO048,36,36,2020-06-27T00:00:00Z,33,255,63,0,12,30,1,8,0,183,0,0,0,0,0,0.024,0.041,0.045,0.104,0.107,0.171,0.171,0.163,0.131,0.135,0.178,0.203
020_AAAF,CRGRO048,36,36,2020-06-28T00:00:00Z,34,254,62,0,12,30,1,8,0,183,0,0,0,0,0,0.014,0.04,0.044,0.103,0.105,0.17,0.171,0.163,0.131,0.135,0.178,0.203
020_AAAF,CRGRO048,36,36,2020-06-29T00:00:00Z,35,253,61,0,12,30,1,8,0,183,0,0,0,0,0,0.014,0.04,0.044,0.102,0.104,0.168,0.17,0.163,0.131,0.135,0.178,0.203
020_AAAF,CRGRO048,36,36,2020-06-30T00:00:00Z,36,266,74,0,12,44,1,8,0,183,0,0,0,0,0,0.161,0.072,0.057,0.11,0.103,0.167,0.169,0.163,0.131,0.135,0.178,0.203
020_AAAF,CRGRO048,36,36,2020-07-01T00:00:00Z,37,261,69,0,12,44,1,8,0,183,0,0,0,0,0,0.013,0.056,0.053,0.118,0.119,0.173,0.174,0.165,0.131,0.135,0.178,0.203
020_AAAF,CRGRO048,36,36,2020-07-02T00:00:00Z,38,260,68,0,12,44,1,8,0,183,0,0,0,0,0,0.014,0.054,0.052,0.114,0.115,0.173,0.173,0.165,0.131,0.135,0.178,0.203
020_AAAF,CRGRO048,36,36,2020-07-03T00:00:00Z,39,258,67,0,12,44,1,8,0,183,0,0,0,0,0,0.014,0.051,0.05,0.111,0.112,0.171,0.172,0.165,0.132,0.135,0.178,0.202
020_AAAF,CRGRO048,36,36,2020-07-04T00:00:00Z,40,257,65,0,12,44,1,8,0,183,0,0,0,0,0,0.014,0.049,0.049,0.107,0.108,0.169,0.17,0.165,0.132,0.136,0.178,0.202
020_AAAF,CRGRO048,36,36,2020-07-05T00:00:00Z,41,260,68,0,12,49,1,8,0,183,0,0,0,0,0,0.079,0.056,0.052,0.105,0.106,0.168,0.169,0.165,0.132,0.136,0.178,0.202
020_AAAF,CRGRO048,36,36,2020-07-06T00:00:00Z,42,301,110,11,12,103,1,8,0,183,0.01,0,0,10.71,0,0.122,0.151,0.131,0.184,0.149,0.188,0.179,0.169,0.132,0.136,0.178,0.202
020_AAAF,CRGRO048,36,36,2020-07-07T00:00:00Z,43,307,115,11,12,112,1,8,0,183,0.01,0,0,0,0,0.12,0.116,0.109,0.195,0.172,0.209,0.195,0.184,0.132,0.136,0.178,0.202
020_AAAF,CRGRO048,36,36,2020-07-08T00:00:00Z,44,303,111,11,12,112,1,8,0,183,0.01,0,0,0,0,0.027,0.076,0.073,0.147,0.138,0.187,0.182,0.196,0.216,0.181,0.178,0.202
020_AAAF,CRGRO048,36,36,2020-07-09T00:00:00Z,45,303,111,11,12,114,1,8,0,183,0.01,0,0,0,0,0.049,0.06,0.062,0.139,0.136,0.189,0.185,0.199,0.206,0.196,0.18,0.202
020_AAAF,CRGRO048,36,36,2020-07-10T00:00:00Z,46,298,106,11,13,114,1,8,0,183,0.01,0,0,0,0,0.013,0.053,0.053,0.121,0.12,0.178,0.176,0.197,0.199,0.196,0.205,0.205
020_AAAF,CRGRO048,36,36,2020-07-11T00:00:00Z,47,294,102,11,13,114,1,8,0,183,0.01,0,0,0,0,0.014,0.05,0.051,0.111,0.112,0.172,0.174,0.196,0.196,0.196,0.205,0.205
020_AAAF,CRGRO048,36,36,2020-07-12T00:00:00Z,48,291,99,11,13,114,1,8,0,183,0.01,0,0,0,0,0.014,0.047,0.048,0.105,0.106,0.169,0.171,0.194,0.195,0.196,0.205,0.205
020_AAAF,CRGRO048,36,36,2020-07-13T00:00:00Z,49,288,96,11,13,114,1,8,0,183,0.01,0,0,0,0,0.014,0.045,0.046,0.102,0.103,0.166,0.168,0.193,0.194,0.196,0.205,0.205
020_AAAF,CRGRO048,36,36,2020-07-14T00:00:00Z,50,286,94,11,13,114,1,8,0,183,0.01,0,0,0,0,0.014,0.043,0.044,0.099,0.1,0.163,0.165,0.191,0.193,0.196,0.205,0.205
020_AAAF,CRGRO048,36,36,2020-07-15T00:00:00Z,51,283,91,11,13,114,1,8,0,183,0.01,0,0,0,0,0.014,0.041,0.042,0.097,0.098,0.161,0.163,0.189,0.191,0.195,0.205,0.205
020_AAAF,CRGRO048,36,36,2020-07-16T00:00:00Z,52,281,89,11,13,114,1,8,0,183,0.01,0,0,0,0,0.014,0.039,0.041,0.095,0.096,0.159,0.16,0.187,0.19,0.195,0.205,0.205
020_AAAF,CRGRO048,36,36,2020-07-17T00:00:00Z,53,279,87,11,13,114,1,8,0,183,0.01,0,0,0,0,0.014,0.038,0.039,0.093,0.094,0.157,0.159,0.185,0.188,0.194,0.205,0.205
020_AAAF,CRGRO048,36,36,2020-07-18T00:00:00Z,54,289,97,11,13,114,2,19,0,183,0.01,0,0,0,0,0.143,0.067,0.053,0.091,0.092,0.155,0.157,0.184,0.186,0.192,0.205,0.205
020_AAAF,CRGRO048,36,36,2020-07-19T00:00:00Z,55,283,91,11,13,114,2,19,0,183,0.01,0,0,0,0,0.027,0.044,0.05,0.119,0.098,0.154,0.156,0.183,0.185,0.191,0.205,0.205
020_AAAF,CRGRO048,36,36,2020-07-20T00:00:00Z,56,278,87,11,13,114,2,19,0,183,0.01,0,0,0,0,0.014,0.042,0.047,0.1,0.097,0.153,0.155,0.182,0.184,0.19,0.205,0.205
020_AAAF,CRGRO048,36,36,2020-07-21T00:00:00Z,57,276,84,11,13,114,2,19,0,183,0.01,0,0,0,0,0.014,0.04,0.043,0.096,0.094,0.152,0.153,0.18,0.182,0.189,0.205,0.205
020_AAAF,CRGRO048,36,36,2020-07-22T00:00:00Z,58,276,84,11,13,117,2,19,0,183,0.02,0,0,0,0,0.061,0.042,0.041,0.094,0.092,0.15,0.152,0.179,0.181,0.187,0.205,0.205
020_AAAF,CRGRO048,36,36,2020-07-23T00:00:00Z,59,275,83,11,13,120,2,19,0,183,0.02,0,0,0,0,0.039,0.053,0.041,0.091,0.09,0.149,0.151,0.177,0.179,0.185,0.205,0.205
020_AAAF,CRGRO048,36,36,2020-07-24T00:00:00Z,60,271,79,11,13,120,2,19,0,183,0.03,0,0,0,0,0.02,0.044,0.039,0.09,0.089,0.148,0.149,0.176,0.178,0.184,0.205,0.205
020_AAAF,CRGRO048,36,36,2020-07-25T00:00:00Z,61,280,88,11,13,120,3,31,0,183,0.03,0,0,0,0,0.14,0.068,0.053,0.092,0.087,0.147,0.148,0.175,0.176,0.182,0.205,0.205
020_AAAF,CRGRO048,36,36,2020-07-26T00:00:00Z,62,275,83,11,13,120,3,31,0,183,0.03,0,0,0,0,0.037,0.041,0.049,0.118,0.094,0.146,0.148,0.174,0.176,0.181,0.205,0.205
020_AAAF,CRGRO048,36,36,2020-07-27T00:00:00Z,63,269,77,11,13,120,3,31,0,183,0.03,0,0,0,0,0.013,0.039,0.045,0.093,0.092,0.145,0.147,0.173,0.175,0.18,0.205,0.205
020_AAAF,CRGRO048,36,36,2020-07-28T00:00:00Z,64,267,75,11,13,120,3,31,0,183,0.03,0,0,0,0,0.014,0.037,0.041,0.09,0.09,0.144,0.146,0.172,0.174,0.179,0.205,0.205
020_AAAF,CRGRO048,36,36,2020-07-29T00:00:00Z,65,283,91,11,13,126,4,43,0,183,0.04,0,0,0,0,0.167,0.087,0.06,0.11,0.088,0.143,0.145,0.171,0.172,0.178,0.205,0.205
020_AAAF,CRGRO048,36,36,2020-07-30T00:00:00Z,66,281,89,11,13,127,4,43,0,183,0.04,0,0,0,0,0.088,0.072,0.063,0.125,0.1,0.143,0.145,0.171,0.172,0.177,0.205,0.205
020_AAAF,CRGRO048,36,36,2020-07-31T00:00:00Z,67,277,85,11,13,127,4,43,0,183,0.04,0,0,0,0,0.037,0.052,0.052,0.113,0.118,0.154,0.144,0.171,0.172,0.177,0.204,0.205
020_AAAF,CRGRO048,36,36,2020-08-01T00:00:00Z,68,271,80,11,13,127,4,43,0,183,0.04,0,0,0,0,0.014,0.048,0.048,0.104,0.102,0.153,0.144,0.17,0.172,0.177,0.204,0.205
020_AAAF,CRGRO048,36,36,2020-08-02T00:00:00Z,69,267,75,11,13,127,4,43,0,183,0.04,0,0,0,0,0.014,0.042,0.042,0.095,0.095,0.151,0.143,0.169,0.171,0.176,0.204,0.205
020_AAAF,CRGRO048,36,36,2020-08-03T00:00:00Z,70,265,73,11,13,127,4,43,0,183,0.04,0,0,0,0,0.014,0.039,0.039,0.091,0.091,0.149,0.142,0.168,0.169,0.174,0.204,0.205
020_AAAF,CRGRO048,36,36,2020-08-04T00:00:00Z,71,275,83,11,13,128,5,55,0,183,0.06,0,0,0,0,0.15,0.068,0.052,0.092,0.089,0.147,0.142,0.168,0.168,0.173,0.204,0.205
020_AAAF,CRGRO048,36,36,2020-08-05T00:00:00Z,72,270,78,11,13,128,5,55,0,183,0.06,0,0,0,0,0.055,0.037,0.049,0.118,0.096,0.146,0.141,0.167,0.168,0.173,0.204,0.205
020_AAAF,CRGRO048,36,36,2020-08-06T00:00:00Z,73,269,78,11,13,131,5,55,0,183,0.06,0,0,0,0,0.063,0.054,0.047,0.099,0.095,0.146,0.141,0.167,0.168,0.173,0.204,0.205
020_AAAF,CRGRO048,36,36,2020-08-07T00:00:00Z,74,266,74,11,13,132,5,55,0,183,0.06,0,0,0,0,0.033,0.046,0.046,0.095,0.092,0.145,0.141,0.166,0.167,0.172,0.204,0.205
020_AAAF,CRGRO048,36,36,2020-08-08T00:00:00Z,75,262,70,11,13,132,5,55,0,183,0.06,0,0,0,0,0.016,0.041,0.041,0.091,0.089,0.144,0.14,0.165,0.166,0.171,0.204,0.205
020_AAAF,CRGRO048,36,36,2020-08-09T00:00:00Z,76,277,85,11,13,137,6,67,0,183,0.07,0,0,0,0,0.165,0.083,0.058,0.107,0.087,0.142,0.139,0.165,0.165,0.17,0.204,0.205
020_AAAF,CRGRO048,36,36,2020-08-10T00:00:00Z,77,285,93,11,13,147,6,67,0,183,0.08,0,0,0,0,0.152,0.097,0.072,0.133,0.109,0.142,0.139,0.165,0.165,0.17,0.203,0.205
020_AAAF,CRGRO048,36,36,2020-08-11T00:00:00Z,78,280,88,11,13,147,6,67,0,183,0.07,0,0,0,0,0.069,0.062,0.053,0.116,0.116,0.174,0.164,0.164,0.165,0.17,0.203,0.205
020_AAAF,CRGRO048,36,36,2020-08-12T00:00:00Z,79,287,95,11,13,157,6,67,0,183,0.08,0,0,0,0,0.133,0.075,0.062,0.122,0.117,0.173,0.166,0.164,0.165,0.17,0.203,0.205
020_AAAF,CRGRO048,36,36,2020-08-13T00:00:00Z,80,283,91,11,13,157,6,67,0,183,0.08,0,0,0,0,0.071,0.063,0.059,0.122,0.119,0.174,0.168,0.164,0.165,0.17,0.203,0.205
020_AAAF,CRGRO048,36,36,2020-08-14T00:00:00Z,81,286,94,11,13,165,6,67,0,183,0.08,0,0,0,0,0.112,0.07,0.061,0.123,0.119,0.175,0.171,0.164,0.165,0.17,0.203,0.205
020_AAAF,CRGRO048,36,36,2020-08-15T00:00:00Z,82,282,90,11,13,165,6,67,0,183,0.08,0,0,0,0,0.056,0.052,0.052,0.114,0.112,0.172,0.172,0.177,0.165,0.17,0.203,0.205
020_AAAF,CRGRO048,36,36,2020-08-16T00:00:00Z,83,277,85,11,13,165,6,67,0,183,0.08,0,0,0,0,0.037,0.049,0.049,0.106,0.106,0.168,0.168,0.176,0.165,0.17,0.203,0.205
020_AAAF,CRGRO048,36,36,2020-08-17T00:00:00Z,84,273,81,11,13,165,6,67,0,183,0.07,0,0,0,0,0.019,0.045,0.045,0.1,0.1,0.163,0.163,0.175,0.164,0.17,0.203,0.205
020_AAAF,CRGRO048,36,36,2020-08-18T00:00:00Z,85,305,113,13,13,204,6,67,0,183,0.1,0,0,2.45,0,0.162,0.148,0.096,0.148,0.125,0.17,0.16,0.174,0.164,0.169,0.203,0.205
020_AAAF,CRGRO048,36,36,2020-08-19T00:00:00Z,86,301,109,13,13,204,6,67,0,183,0.09,0,0,0,0,0.078,0.084,0.063,0.124,0.115,0.172,0.173,0.196,0.194,0.181,0.202,0.205
020_AAAF,CRGRO048,36,36,2020-08-20T00:00:00Z,87,298,106,13,13,206,6,67,0,183,0.1,0,0,0,0,0.062,0.065,0.06,0.126,0.121,0.174,0.174,0.195,0.193,0.181,0.202,0.205
020_AAAF,CRGRO048,36,36,2020-08-21T00:00:00Z,88,296,104,13,13,206,6,67,0,183,0.1,0,0,0,0,0.051,0.056,0.057,0.123,0.12,0.176,0.175,0.195,0.192,0.181,0.202,0.205
020_AAAF,CRGRO048,36,36,2020-08-22T00:00:00Z,89,295,104,13,13,207,6,67,0,183,0.11,0,0,0,0,0.055,0.055,0.055,0.121,0.119,0.175,0.175,0.196,0.192,0.181,0.202,0.205
020_AAAF,CRGRO048,36,36,2020-08-23T00:00:00Z,90,294,103,13,13,208,6,67,0,183,0.11,0,0,0,0,0.055,0.055,0.054,0.118,0.117,0.174,0.175,0.195,0.191,0.181,0.202,0.205
020_AAAF,CRGRO048,36,36,2020-08-24T00:00:00Z,91,321,129,14,13,237,6,67,0,183,0.11,0,0,0.4,0,0.162,0.144,0.089,0.149,0.134,0.182,0.179,0.198,0.191,0.181,0.202,0.205
020_AAAF,CRGRO048,36,36,2020-08-25T00:00:00Z,92,336,145,14,13,256,6,67,0,183,0.11,0,0,0.17,0,0.152,0.147,0.111,0.183,0.158,0.199,0.189,0.2,0.198,0.188,0.202,0.205
020_AAAF,CRGRO048,36,36,2020-08-26T00:00:00Z,93,333,141,14,13,256,6,67,0,183,0.11,0,0,0,0,0.087,0.098,0.091,0.179,0.165,0.21,0.199,0.204,0.205,0.198,0.206,0.205
020_AAAF,CRGRO048,36,36,2020-08-27T00:00:00Z,94,321,129,14,20,256,6,67,0,183,0.11,0,0,0,0,0.049,0.065,0.063,0.138,0.132,0.186,0.181,0.198,0.287,0.197,0.206,0.205
020_AAAF,CRGRO048,36,36,2020-08-28T00:00:00Z,95,310,118,14,28,256,6,67,0,183,0.1,0,0,0,0,0.036,0.053,0.053,0.121,0.119,0.176,0.174,0.196,0.271,0.196,0.206,0.205
020_AAAF,CRGRO048,36,36,2020-08-29T00:00:00Z,96,300,108,14,35,256,6,67,0,183,0.09,0,0,0,0,0.026,0.051,0.052,0.115,0.113,0.174,0.172,0.195,0.224,0.195,0.206,0.205
020_AAAF,CRGRO048,36,36,2020-08-30T00:00:00Z,97,332,141,16,35,295,6,67,0,183,0.12,0,0,2.24,0,0.159,0.15,0.103,0.159,0.137,0.184,0.178,0.196,0.206,0.201,0.209,0.207
020_AAAF,CRGRO048,36,36,2020-08-31T00:00:00Z,98,331,139,16,37,298,6,67,0,182,0.12,0,0,0,0,0.117,0.106,0.092,0.17,0.153,0.197,0.187,0.199,0.203,0.202,0.21,0.209
020_AAAF,CRGRO048,36,36,2020-09-01T00:00:00Z,99,319,128,16,44,298,6,67,0,182,0.11,0,0,0,0,0.063,0.069,0.063,0.134,0.127,0.181,0.177,0.196,0.269,0.201,0.21,0.209
020_AAAF,CRGRO048,36,36,2020-09-02T00:00:00Z,100,308,116,16,51,298,6,67,0,182,0.1,0,0,0,0,0.043,0.054,0.053,0.12,0.117,0.174,0.175,0.195,0.247,0.2,0.21,0.209
020_AAAF,CRGRO048,36,36,2020-09-03T00:00:00Z,101,297,105,16,58,298,6,67,0,183,0.1,0,0,0,0,0.029,0.051,0.051,0.111,0.11,0.171,0.171,0.193,0.214,0.195,0.207,0.207
020_AAAF,CRGRO048,36,36,2020-09-04T00:00:00Z,102,290,98,16,60,298,6,67,0,183,0.09,0,0,0,0,0.015,0.048,0.049,0.105,0.105,0.167,0.168,0.191,0.2,0.193,0.207,0.207
020_AAAF,CRGRO048,36,36,2020-09-05T00:00:00Z,103,285,93,16,60,298,6,67,0,183,0.08,0,0,0,0,0.014,0.045,0.046,0.1,0.101,0.163,0.164,0.188,0.193,0.191,0.207,0.207
020_AAAF,CRGRO048,36,36,2020-09-06T00:00:00Z,104,283,91,16,60,298,6,67,0,183,0.07,0,0,0,0,0.014,0.043,0.044,0.098,0.098,0.161,0.162,0.186,0.19,0.189,0.207,0.207
020_AAAF,CRGRO048,36,36,2020-09-07T00:00:00Z,105,279,87,16,60,298,6,67,0,183,0.07,0,0,0,0,0.014,0.041,0.042,0.095,0.095,0.158,0.159,0.184,0.186,0.186,0.207,0.207
020_AAAF,CRGRO048,36,36,2020-09-08T00:00:00Z,106,275,84,16,60,298,6,67,0,183,0.06,0,0,0,0,0.014,0.039,0.04,0.093,0.093,0.155,0.156,0.181,0.183,0.183,0.207,0.207
020_AAAF,CRGRO048,36,36,2020-09-09T00:00:00Z,107,296,104,16,60,309,7,78,0,183,0.14,0,0,0,0,0.167,0.105,0.068,0.121,0.097,0.154,0.154,0.18,0.181,0.182,0.207,0.207
020_AAAF,CRGRO048,36,36,2020-09-10T00:00:00Z,108,304,113,16,60,319,7,78,0,183,0.14,0,0,0,0,0.158,0.112,0.08,0.143,0.126,0.163,0.154,0.18,0.181,0.181,0.207,0.207
020_AAAF,CRGRO048,36,36,2020-09-11T00:00:00Z,109,304,112,16,60,321,7,78,0,183,0.15,0,0,0,0,0.111,0.088,0.075,0.149,0.136,0.181,0.164,0.179,0.18,0.181,0.207,0.207
020_AAAF,CRGRO048,36,36,2020-09-12T00:00:00Z,110,301,109,16,60,322,7,78,0,183,0.15,0,0,0,0,0.07,0.069,0.065,0.142,0.136,0.186,0.178,0.182,0.18,0.181,0.207,0.207
020_AAAF,CRGRO048,36,36,2020-09-13T00:00:00Z,111,299,107,16,60,322,7,78,0,183,0.15,0,0,0,0,0.058,0.059,0.059,0.133,0.132,0.186,0.182,0.188,0.18,0.181,0.206,0.207
020_AAAF,CRGRO048,36,36,2020-09-14T00:00:00Z,112,297,105,16,60,323,7,78,0,183,0.15,0,0,0,0,0.053,0.055,0.055,0.123,0.124,0.182,0.18,0.194,0.18,0.181,0.206,0.207
020_AAAF,CRGRO048,36,36,2020-09-15T00:00:00Z,113,298,106,16,60,325,7,78,0,183,0.16,0,0,0,0,0.072,0.059,0.056,0.121,0.121,0.179,0.179,0.197,0.18,0.181,0.206,0.207
020_AAAF,CRGRO048,36,36,2020-09-16T00:00:00Z,114,307,115,16,60,335,7,78,0,183,0.17,0,0,0,0,0.15,0.078,0.064,0.129,0.125,0.179,0.178,0.198,0.185,0.181,0.206,0.207
020_AAAF,CRGRO048,36,36,2020-09-17T00:00:00Z,115,311,119,16,60,342,7,78,0,183,0.15,0,0,0,0,0.149,0.084,0.069,0.136,0.129,0.182,0.179,0.198,0.192,0.181,0.206,0.207
020_AAAF,CRGRO048,36,36,2020-09-18T00:00:00Z,116,305,113,16,65,342,7,78,0,183,0.14,0,0,0,0,0.087,0.064,0.058,0.124,0.121,0.176,0.175,0.197,0.203,0.194,0.206,0.207
020_AAAF,CRGRO048,36,36,2020-09-19T00:00:00Z,117,300,108,16,68,342,7,78,0,183,0.12,0,0,0,0,0.06,0.055,0.054,0.118,0.119,0.175,0.174,0.197,0.197,0.194,0.206,0.207
020_AAAF,CRGRO048,36,36,2020-09-20T00:00:00Z,118,298,106,16,68,342,7,78,0,183,0.11,0,0,0,0,0.05,0.054,0.053,0.116,0.116,0.174,0.173,0.196,0.196,0.194,0.206,0.207
020_AAAF,CRGRO048,36,36,2020-09-21T00:00:00Z,119,295,103,16,68,342,7,78,0,183,0.1,0,0,0,0,0.039,0.052,0.051,0.111,0.111,0.172,0.171,0.194,0.195,0.192,0.206,0.207
020_AAAF,CRGRO048,36,36,2020-09-22T00:00:00Z,120,291,99,16,68,342,7,78,0,183,0.09,0,0,0,0,0.029,0.05,0.05,0.107,0.108,0.169,0.169,0.193,0.194,0.191,0.206,0.207
020_AAAF,CRGRO048,36,36,2020-09-23T00:00:00Z,121,289,97,16,68,342,7,78,0,183,0.08,0,0,0,0,0.023,0.049,0.048,0.105,0.105,0.167,0.167,0.191,0.192,0.19,0.206,0.207
020_AAAF,CRGRO048,36,36,2020-09-24T00:00:00Z,122,286,94,16,68,342,7,78,0,183,0.07,0,0,0,0,0.015,0.047,0.047,0.103,0.103,0.165,0.165,0.19,0.19,0.189,0.206,0.207
020_AAAF,CRGRO048,36,36,2020-09-25T00:00:00Z,123,286,94,16,68,345,7,78,0,183,0.17,0,0,0,0,0.061,0.05,0.045,0.1,0.1,0.162,0.163,0.188,0.188,0.187,0.206,0.207
020_AAAF,CRGRO048,36,36,2020-09-26T00:00:00Z,124,283,91,16,68,345,7,78,0,183,0.15,0,0,0,0,0.042,0.05,0.043,0.098,0.098,0.16,0.161,0.186,0.186,0.185,0.206,0.207
020_AAAF,CRGRO048,36,36,2020-09-27T00:00:00Z,125,283,91,16,68,346,7,78,0,183,0.18,0,0,0,0,0.052,0.05,0.043,0.097,0.097,0.159,0.16,0.185,0.185,0.185,0.206,0.207
020_AAAF,CRGRO048,36,36,2020-09-28T00:00:00Z,126,283,91,16,68,349,7,78,0,183,0.16,0,0,0,0,0.07,0.055,0.046,0.095,0.096,0.158,0.158,0.184,0.184,0.184,0.206,0.207
020_AAAF,CRGRO048,36,36,2020-09-29T00:00:00Z,127,302,110,16,68,369,7,78,0,183,0.18,0,0,0,0,0.158,0.115,0.075,0.13,0.111,0.157,0.158,0.183,0.183,0.183,0.206,0.207
020_AAAF,CRGRO048,36,36,2020-09-30T00:00:00Z,128,299,107,16,68,369,7,78,0,183,0.16,0,0,0,0,0.082,0.071,0.056,0.117,0.117,0.174,0.174,0.196,0.188,0.183,0.206,0.207
020_AAAF,CRGRO048,36,36,2020-10-01T00:00:00Z,129,295,103,16,68,369,7,78,0,183,0.14,0,0,0,0,0.051,0.054,0.054,0.114,0.115,0.172,0.172,0.195,0.193,0.185,0.206,0.207
020_AAAF,CRGRO048,36,36,2020-10-02T00:00:00Z,130,292,100,16,68,369,7,78,0,183,0.13,0,0,0,0,0.041,0.052,0.052,0.11,0.111,0.17,0.17,0.193,0.192,0.185,0.206,0.207
020_AAAF,CRGRO048,36,36,2020-10-03T00:00:00Z,131,290,98,16,68,369,7,78,0,183,0.11,0,0,0,0,0.035,0.051,0.051,0.108,0.108,0.168,0.169,0.192,0.191,0.184,0.206,0.207
020_AAAF,CRGRO048,36,36,2020-10-04T00:00:00Z,132,287,95,16,68,369,7,78,0,183,0.1,0,0,0,0,0.026,0.049,0.049,0.105,0.105,0.166,0.167,0.191,0.189,0.184,0.205,0.207
020_AAAF,CRGRO048,36,36,2020-10-05T00:00:00Z,133,285,93,16,68,369,7,78,0,183,0.09,0,0,0,0,0.019,0.047,0.047,0.103,0.103,0.164,0.165,0.189,0.188,0.183,0.205,0.207
020_AAAF,CRGRO048,36,36,2020-10-06T00:00:00Z,134,283,91,16,68,369,7,78,0,183,0.08,0,0,0,0,0.014,0.045,0.046,0.101,0.101,0.163,0.163,0.188,0.186,0.182,0.205,0.207
020_AAAF,CRGRO048,36,36,2020-10-07T00:00:00Z,135,279,87,16,68,369,7,78,0,183,0.07,0,0,0,0,0.014,0.042,0.043,0.097,0.097,0.159,0.16,0.185,0.184,0.181,0.205,0.207
020_AAAF,CRGRO048,36,36,2020-10-08T00:00:00Z,136,274,83,16,68,369,7,78,0,183,0.06,0,0,0,0,0.014,0.039,0.04,0.093,0.093,0.155,0.156,0.181,0.18,0.179,0.205,0.207
020_AAAF,CRGRO048,36,36,2020-10-09T00:00:00Z,137,283,91,16,68,369,8,90,0,183,0.05,0,0,0,0,0.141,0.066,0.054,0.091,0.091,0.153,0.154,0.179,0.178,0.177,0.205,0.207
020_AAAF,CRGRO048,36,36,2020-10-10T00:00:00Z,138,290,98,16,68,380,8,90,0,183,0.19,0,0,0,0,0.15,0.081,0.067,0.123,0.096,0.152,0.153,0.179,0.177,0.177,0.205,0.207
020_AAAF,CRGRO048,36,36,2020-10-11T00:00:00Z,139,287,95,16,68,380,8,90,0,183,0.17,0,0,0,0,0.085,0.068,0.06,0.125,0.116,0.152,0.153,0.178,0.177,0.177,0.205,0.207
020_AAAF,CRGRO048,36,36,2020-10-12T00:00:00Z,140,284,93,16,68,380,8,90,0,183,0.15,0,0,0,0,0.057,0.054,0.053,0.117,0.116,0.172,0.152,0.178,0.177,0.177,0.205,0.207
020_AAAF,CRGRO048,36,36,2020-10-13T00:00:00Z,141,280,88,16,68,380,8,90,0,183,0.13,0,0,0,0,0.039,0.051,0.05,0.108,0.107,0.168,0.152,0.177,0.176,0.176,0.205,0.207
020_AAAF,CRGRO048,36,36,2020-10-14T00:00:00Z,142,277,85,16,68,380,8,90,0,183,0.12,0,0,0,0,0.028,0.047,0.047,0.103,0.102,0.164,0.152,0.177,0.175,0.176,0.205,0.207
020_AAAF,CRGRO048,36,36,2020-10-15T00:00:00Z,143,273,81,16,68,380,8,90,0,183,0.1,0,0,0,0,0.017,0.044,0.044,0.098,0.098,0.16,0.15,0.175,0.174,0.175,0.204,0.207
020_AAAF,CRGRO048,36,36,2020-10-16T00:00:00Z,144,270,78,16,68,380,8,90,0,183,0.09,0,0,0,0,0.014,0.04,0.041,0.093,0.094,0.156,0.149,0.174,0.173,0.174,0.204,0.207
020_AAAF,CRGRO048,37,37,2020-05-25T00:00:00Z,0,256,64,0,0,0,0,0,0,174,0,0,0,0,0,0.086,0.086,0.086,0.086,0.086,0.118,0.118,0.135,0.129,0.129,0.178,0.258
020_AAAF,CRGRO048,37,37,2020-05-26T00:00:00Z,1,257,65,0,7,3,1,8,0,179,0,0,0,0,0,0.126,0.093,0.082,0.132,0.104,0.118,0.118,0.135,0.129,0.129,0.178,0.228
020_AAAF,CRGRO048,37,37,2020-05-27T00:00:00Z,2,252,60,0,10,4,1,8,0,181,0,0,0,0,0,0.035,0.078,0.074,0.143,0.126,0.129,0.118,0.135,0.129,0.129,0.178,0.214
020_AAAF,CRGRO048,37,37,2020-05-28T00:00:00Z,3,249,57,0,12,4,1,8,0,182,0,0,0,0,0,0.014,0.062,0.062,0.129,0.121,0.174,0.118,0.135,0.129,0.13,0.178,0.209
020_AAAF,CRGRO048,37,37,2020-05-29T00:00:00Z,4,249,57,0,12,4,1,8,0,183,0,0,0,0,0,0.014,0.056,0.056,0.123,0.121,0.173,0.133,0.135,0.129,0.13,0.178,0.206
020_AAAF,CRGRO048,37,37,2020-05-30T00:00:00Z,5,249,57,0,12,4,1,8,0,183,0,0,0,0,0,0.014,0.054,0.054,0.121,0.121,0.174,0.139,0.135,0.129,0.13,0.178,0.206
020_AAAF,CRGRO048,37,37,2020-05-31T00:00:00Z,6,249,57,0,12,4,1,8,0,183,0,0,0,0,0,0.014,0.053,0.054,0.121,0.121,0.173,0.139,0.135,0.129,0.13,0.178,0.206
020_AAAF,CRGRO048,37,37,2020-06-01T00:00:00Z,7,249,57,0,12,4,1,8,0,183,0,0,0,0,0,0.014,0.053,0.054,0.121,0.121,0.173,0.139,0.135,0.129,0.13,0.178,0.206
020_AAAF,CRGRO048,37,37,2020-06-02T00:00:00Z,8,248,57,0,12,4,1,8,0,183,0,0,0,0,0,0.014,0.052,0.054,0.121,0.121,0.172,0.139,0.135,0.129,0.13,0.178,0.206
020_AAAF,CRGRO048,37,37,2020-06-03T00:00:00Z,9,248,57,0,12,4,1,8,0,183,0,0,0,0,0,0.014,0.052,0.054,0.121,0.121,0.172,0.14,0.135,0.129,0.131,0.178,0.206
020_AAAF,CRGRO048,37,37,2020-06-04T00:00:00Z,10,248,56,0,12,4,1,8,0,183,0,0,0,0,0,0.014,0.051,0.054,0.121,0.121,0.172,0.14,0.135,0.129,0.131,0.178,0.206
020_AAAF,CRGRO048,37,37,2020-06-05T00:00:00Z,11,248,56,0,12,4,1,8,0,183,0,0,0,0,0,0.014,0.05,0.054,0.121,0.121,0.171,0.14,0.135,0.129,0.131,0.178,0.205
020_AAAF,CRGRO048,37,37,2020-06-06T00:00:00Z,12,249,57,0,12,4,1,8,0,183,0,0,0,0,0,0.024,0.05,0.054,0.121,0.121,0.171,0.14,0.135,0.129,0.131,0.178,0.205
020_AAAF,CRGRO048,37,37,2020-06-07T00:00:00Z,13,258,67,0,12,15,1,8,0,183,0,0,0,0,0,0.125,0.07,0.06,0.127,0.124,0.175,0.143,0.135,0.129,0.131,0.178,0.205
020_AAAF,CRGRO048,37,37,2020-06-08T00:00:00Z,14,257,65,0,12,17,1,8,0,183,0,0,0,0,0,0.023,0.073,0.064,0.132,0.128,0.179,0.151,0.135,0.129,0.131,0.178,0.205
020_AAAF,CRGRO048,37,37,2020-06-09T00:00:00Z,15,264,73,0,12,25,1,8,0,183,0,0,0,0,0,0.108,0.075,0.066,0.136,0.132,0.183,0.164,0.135,0.129,0.132,0.178,0.205
020_AAAF,CRGRO048,37,37,2020-06-10T00:00:00Z,16,261,70,0,12,26,1,8,0,183,0,0,0,0,0,0.013,0.069,0.064,0.136,0.134,0.186,0.176,0.137,0.129,0.132,0.178,0.205
020_AAAF,CRGRO048,37,37,2020-06-11T00:00:00Z,17,264,72,0,12,28,1,8,0,183,0,0,0,0,0,0.057,0.058,0.06,0.132,0.132,0.186,0.181,0.143,0.129,0.132,0.178,0.205
020_AAAF,CRGRO048,37,37,2020-06-12T00:00:00Z,18,262,70,0,12,29,1,8,0,183,0,0,0,0,0,0.014,0.056,0.057,0.128,0.129,0.184,0.182,0.149,0.129,0.132,0.178,0.205
020_AAAF,CRGRO048,37,37,2020-06-13T00:00:00Z,19,261,69,0,12,29,1,8,0,183,0,0,0,0,0,0.014,0.055,0.054,0.121,0.123,0.178,0.177,0.159,0.129,0.132,0.178,0.205
020_AAAF,CRGRO048,37,37,2020-06-14T00:00:00Z,20,261,69,0,12,29,1,8,0,183,0,0,0,0,0,0.014,0.053,0.053,0.12,0.12,0.176,0.175,0.162,0.129,0.132,0.178,0.204
020_AAAF,CRGRO048,37,37,2020-06-15T00:00:00Z,21,261,69,0,12,29,1,8,0,183,0,0,0,0,0,0.014,0.052,0.053,0.119,0.12,0.176,0.175,0.162,0.129,0.133,0.178,0.204
020_AAAF,CRGRO048,37,37,2020-06-16T00:00:00Z,22,260,68,0,12,29,1,8,0,183,0,0,0,0,0,0.014,0.051,0.053,0.118,0.12,0.176,0.175,0.162,0.13,0.133,0.178,0.204
020_AAAF,CRGRO048,37,37,2020-06-17T00:00:00Z,23,260,68,0,12,29,1,8,0,183,0,0,0,0,0,0.014,0.05,0.052,0.117,0.119,0.176,0.174,0.162,0.13,0.133,0.178,0.204
020_AAAF,CRGRO048,37,37,2020-06-18T00:00:00Z,24,260,68,0,12,29,1,8,0,183,0,0,0,0,0,0.014,0.049,0.051,0.116,0.118,0.176,0.174,0.162,0.13,0.133,0.178,0.204
020_AAAF,CRGRO048,37,37,2020-06-19T00:00:00Z,25,260,68,0,12,30,1,8,0,183,0,0,0,0,0,0.03,0.048,0.051,0.115,0.117,0.176,0.174,0.162,0.13,0.133,0.178,0.204
020_AAAF,CRGRO048,37,37,2020-06-20T00:00:00Z,26,259,67,0,12,30,1,8,0,183,0,0,0,0,0,0.02,0.047,0.05,0.113,0.116,0.175,0.174,0.162,0.13,0.133,0.178,0.204
020_AAAF,CRGRO048,37,37,2020-06-21T00:00:00Z,27,258,66,0,12,30,1,8,0,183,0,0,0,0,0,0.014,0.046,0.049,0.112,0.114,0.175,0.174,0.163,0.13,0.134,0.178,0.204
020_AAAF,CRGRO048,37,37,2020-06-22T00:00:00Z,28,257,66,0,12,30,1,8,0,183,0,0,0,0,0,0.014,0.045,0.049,0.11,0.113,0.175,0.173,0.163,0.13,0.134,0.178,0.204
020_AAAF,CRGRO048,37,37,2020-06-23T00:00:00Z,29,257,65,0,12,30,1,8,0,183,0,0,0,0,0,0.014,0.044,0.048,0.109,0.112,0.174,0.173,0.163,0.13,0.134,0.178,0.203
020_AAAF,CRGRO048,37,37,2020-06-24T00:00:00Z,30,256,64,0,12,30,1,8,0,183,0,0,0,0,0,0.014,0.044,0.047,0.107,0.11,0.173,0.173,0.163,0.13,0.134,0.178,0.203
020_AAAF,CRGRO048,37,37,2020-06-25T00:00:00Z,31,256,64,0,12,30,1,8,0,183,0,0,0,0,0,0.014,0.043,0.047,0.106,0.109,0.173,0.173,0.163,0.131,0.134,0.178,0.203
020_AAAF,CRGRO048,37,37,2020-06-26T00:00:00Z,32,264,72,0,12,30,2,16,0,183,0,0,0,0,0,0.112,0.062,0.054,0.108,0.108,0.172,0.172,0.163,0.131,0.134,0.178,0.203
020_AAAF,CRGRO048,37,37,2020-06-27T00:00:00Z,33,260,68,0,12,30,2,16,0,183,0,0,0,0,0,0.013,0.061,0.056,0.118,0.107,0.171,0.172,0.163,0.131,0.135,0.178,0.203
020_AAAF,CRGRO048,37,37,2020-06-28T00:00:00Z,34,259,67,0,12,30,2,16,0,183,0,0,0,0,0,0.014,0.052,0.053,0.116,0.112,0.17,0.171,0.163,0.131,0.135,0.178,0.203
020_AAAF,CRGRO048,37,37,2020-06-29T00:00:00Z,35,257,65,0,12,30,2,16,0,183,0,0,0,0,0,0.014,0.05,0.051,0.111,0.11,0.169,0.17,0.163,0.131,0.135,0.178,0.203
020_AAAF,CRGRO048,37,37,2020-06-30T00:00:00Z,36,270,78,0,12,44,2,16,0,183,0,0,0,0,0,0.161,0.075,0.06,0.121,0.115,0.168,0.17,0.163,0.131,0.135,0.178,0.203
020_AAAF,CRGRO048,37,37,2020-07-01T00:00:00Z,37,264,72,0,12,44,2,16,0,183,0,0,0,0,0,0.013,0.057,0.054,0.117,0.118,0.174,0.174,0.175,0.131,0.135,0.178,0.203
020_AAAF,CRGRO048,37,37,2020-07-02T00:00:00Z,38,263,71,0,12,44,2,16,0,183,0,0,0,0,0,0.014,0.051,0.052,0.114,0.114,0.172,0.172,0.175,0.131,0.135,0.178,0.203
020_AAAF,CRGRO048,37,37,2020-07-03T00:00:00Z,39,261,69,0,12,44,2,16,0,183,0,0,0,0,0,0.014,0.049,0.05,0.109,0.11,0.17,0.171,0.175,0.132,0.135,0.178,0.202
020_AAAF,CRGRO048,37,37,2020-07-04T00:00:00Z,40,259,67,0,12,44,2,16,0,183,0,0,0,0,0,0.014,0.047,0.048,0.106,0.107,0.169,0.169,0.175,0.132,0.136,0.178,0.202
020_AAAF,CRGRO048,37,37,2020-07-05T00:00:00Z,41,262,70,0,12,49,2,16,0,183,0,0,0,0,0,0.079,0.055,0.05,0.103,0.104,0.167,0.168,0.175,0.132,0.136,0.178,0.202
020_AAAF,CRGRO048,37,37,2020-07-06T00:00:00Z,42,303,112,11,12,103,2,16,0,183,0,0,0,10.71,0,0.125,0.151,0.13,0.182,0.147,0.186,0.178,0.178,0.132,0.136,0.178,0.202
020_AAAF,CRGRO048,37,37,2020-07-07T00:00:00Z,43,309,117,11,12,112,2,16,0,183,0,0,0,0,0,0.125,0.116,0.108,0.194,0.171,0.207,0.194,0.192,0.132,0.136,0.178,0.202
020_AAAF,CRGRO048,37,37,2020-07-08T00:00:00Z,44,305,113,11,12,112,2,16,0,183,0,0,0,0,0,0.035,0.076,0.073,0.147,0.138,0.186,0.181,0.196,0.23,0.181,0.178,0.202
020_AAAF,CRGRO048,37,37,2020-07-09T00:00:00Z,45,304,113,11,12,114,2,16,0,183,0,0,0,0,0,0.045,0.061,0.062,0.138,0.135,0.188,0.184,0.199,0.212,0.199,0.183,0.202
020_AAAF,CRGRO048,37,37,2020-07-10T00:00:00Z,46,299,107,11,13,114,2,16,0,183,0.01,0,0,0,0,0.014,0.052,0.053,0.12,0.119,0.177,0.176,0.198,0.201,0.197,0.205,0.205
020_AAAF,CRGRO048,37,37,2020-07-11T00:00:00Z,47,294,102,11,15,114,2,16,0,183,0.01,0,0,0,0,0.014,0.049,0.05,0.109,0.11,0.171,0.173,0.197,0.197,0.195,0.205,0.205
020_AAAF,CRGRO048,37,37,2020-07-12T00:00:00Z,48,290,99,11,15,114,2,16,0,183,0.01,0,0,0,0,0.014,0.046,0.048,0.104,0.105,0.168,0.17,0.195,0.196,0.195,0.205,0.205
020_AAAF,CRGRO048,37,37,2020-07-13T00:00:00Z,49,296,104,11,15,114,3,24,0,183,0.01,0,0,0,0,0.113,0.062,0.053,0.106,0.102,0.165,0.166,0.193,0.195,0.195,0.205,0.205
020_AAAF,CRGRO048,37,37,2020-07-14T00:00:00Z,50,290,98,11,15,114,3,24,0,183,0.01,0,0,0,0,0.016,0.047,0.05,0.116,0.109,0.163,0.165,0.192,0.194,0.195,0.205,0.205
020_AAAF,CRGRO048,37,37,2020-07-15T00:00:00Z,51,287,95,11,15,114,3,24,0,183,0.01,0,0,0,0,0.014,0.045,0.047,0.106,0.105,0.161,0.163,0.19,0.193,0.195,0.205,0.205
020_AAAF,CRGRO048,37,37,2020-07-16T00:00:00Z,52,292,100,11,15,114,4,33,0,183,0.01,0,0,0,0,0.114,0.062,0.052,0.105,0.1,0.159,0.161,0.188,0.191,0.195,0.205,0.205
020_AAAF,CRGRO048,37,37,2020-07-17T00:00:00Z,53,287,95,11,15,114,4,33,0,183,0.01,0,0,0,0,0.026,0.047,0.05,0.116,0.107,0.158,0.159,0.187,0.19,0.194,0.205,0.205
020_AAAF,CRGRO048,37,37,2020-07-18T00:00:00Z,54,282,90,11,15,114,4,33,0,183,0.01,0,0,0,0,0.014,0.044,0.046,0.101,0.101,0.156,0.158,0.185,0.189,0.193,0.205,0.205
020_AAAF,CRGRO048,37,37,2020-07-19T00:00:00Z,55,289,97,11,15,114,5,42,0,183,0.01,0,0,0,0,0.12,0.063,0.052,0.102,0.098,0.155,0.156,0.184,0.187,0.192,0.205,0.205
020_AAAF,CRGRO048,37,37,2020-07-20T00:00:00Z,56,283,91,11,15,114,5,42,0,183,0.01,0,0,0,0,0.034,0.045,0.049,0.116,0.104,0.154,0.155,0.183,0.186,0.191,0.205,0.205
020_AAAF,CRGRO048,37,37,2020-07-21T00:00:00Z,57,278,86,11,15,114,5,42,0,183,0.01,0,0,0,0,0.014,0.043,0.046,0.098,0.099,0.152,0.154,0.181,0.184,0.19,0.205,0.205
020_AAAF,CRGRO048,37,37,2020-07-22T00:00:00Z,58,288,96,11,15,117,6,52,0,183,0.02,0,0,0,0,0.152,0.069,0.054,0.105,0.096,0.151,0.152,0.18,0.182,0.188,0.205,0.205
020_AAAF,CRGRO048,37,37,2020-07-23T00:00:00Z,59,286,94,11,15,120,6,52,0,183,0.02,0,0,0,0,0.09,0.063,0.059,0.12,0.099,0.151,0.152,0.179,0.182,0.188,0.205,0.205
020_AAAF,CRGRO048,37,37,2020-07-24T00:00:00Z,60,282,90,11,15,120,6,52,0,183,0.02,0,0,0,0,0.04,0.054,0.054,0.114,0.106,0.15,0.151,0.179,0.181,0.187,0.205,0.205
020_AAAF,CRGRO048,37,37,2020-07-25T00:00:00Z,61,278,86,11,15,120,6,52,0,183,0.02,0,0,0,0,0.021,0.05,0.05,0.106,0.102,0.15,0.151,0.178,0.181,0.186,0.205,0.205
020_AAAF,CRGRO048,37,37,2020-07-26T00:00:00Z,62,274,82,11,15,120,6,52,0,183,0.02,0,0,0,0,0.014,0.044,0.044,0.097,0.097,0.149,0.15,0.177,0.179,0.185,0.205,0.205
020_AAAF,CRGRO048,37,37,2020-07-27T00:00:00Z,63,281,89,11,15,120,7,62,0,183,0.02,0,0,0,0,0.129,0.064,0.052,0.098,0.093,0.147,0.148,0.175,0.178,0.183,0.205,0.205
020_AAAF,CRGRO048,37,37,2020-07-28T00:00:00Z,64,276,84,11,15,120,7,62,0,183,0.03,0,0,0,0,0.051,0.042,0.049,0.117,0.098,0.147,0.148,0.175,0.177,0.182,0.205,0.205
020_AAAF,CRGRO048,37,37,2020-07-29T00:00:00Z,65,280,88,11,15,126,7,62,0,183,0.04,0,0,0,0,0.096,0.061,0.053,0.111,0.097,0.146,0.147,0.174,0.176,0.182,0.205,0.205
020_AAAF,CRGRO048,37,37,2020-07-30T00:00:00Z,66,278,86,11,15,127,7,62,0,183,0.04,0,0,0,0,0.061,0.055,0.054,0.115,0.096,0.146,0.147,0.174,0.176,0.181,0.205,0.205
020_AAAF,CRGRO048,37,37,2020-07-31T00:00:00Z,67,274,82,11,15,127,7,62,0,183,0.04,0,0,0,0,0.035,0.05,0.049,0.106,0.095,0.146,0.147,0.173,0.175,0.18,0.205,0.205
020_AAAF,CRGRO048,37,37,2020-08-01T00:00:00Z,68,269,77,11,15,127,7,62,0,183,0.04,0,0,0,0,0.015,0.043,0.043,0.096,0.092,0.145,0.146,0.172,0.174,0.179,0.205,0.205
020_AAAF,CRGRO048,37,37,2020-08-02T00:00:00Z,69,277,85,11,15,127,8,73,0,183,0.04,0,0,0,0,0.134,0.065,0.052,0.097,0.089,0.144,0.145,0.171,0.173,0.178,0.204,0.205
020_AAAF,CRGRO048,37,37,2020-08-03T00:00:00Z,70,272,80,11,15,127,8,73,0,183,0.04,0,0,0,0,0.056,0.039,0.049,0.117,0.096,0.143,0.144,0.171,0.172,0.177,0.204,0.205
020_AAAF,CRGRO048,37,37,2020-08-04T00:00:00Z,71,269,77,11,15,128,8,73,0,183,0.06,0,0,0,0,0.043,0.042,0.046,0.101,0.094,0.143,0.144,0.17,0.172,0.177,0.204,0.205
020_AAAF,CRGRO048,37,37,2020-08-05T00:00:00Z,72,275,83,11,15,128,9,82,0,183,0.06,0,0,0,0,0.112,0.064,0.051,0.1,0.091,0.142,0.143,0.169,0.171,0.175,0.204,0.205
020_AAAF,CRGRO048,37,37,2020-08-06T00:00:00Z,73,274,82,11,15,131,9,82,0,183,0.06,0,0,0,0,0.089,0.056,0.056,0.113,0.09,0.142,0.142,0.169,0.17,0.175,0.204,0.205
020_AAAF,CRGRO048,37,37,2020-08-07T00:00:00Z,74,270,78,11,15,132,9,82,0,183,0.06,0,0,0,0,0.048,0.053,0.05,0.111,0.089,0.141,0.142,0.168,0.17,0.175,0.204,0.205
020_AAAF,CRGRO048,37,37,2020-08-08T00:00:00Z,75,267,75,11,15,132,9,82,0,183,0.07,0,0,0,0,0.036,0.047,0.046,0.1,0.089,0.141,0.142,0.168,0.169,0.174,0.204,0.205
020_AAAF,CRGRO048,37,37,2020-08-09T00:00:00Z,76,278,86,11,15,137,10,91,0,183,0.08,0,0,0,0,0.156,0.077,0.057,0.114,0.087,0.14,0.141,0.167,0.168,0.173,0.204,0.205
020_AAAF,CRGRO048,37,37,2020-08-10T00:00:00Z,77,286,94,11,15,147,10,91,0,183,0.08,0,0,0,0,0.155,0.093,0.071,0.131,0.11,0.14,0.141,0.167,0.168,0.173,0.204,0.205
020_AAAF,CRGRO048,37,37,2020-08-11T00:00:00Z,78,281,89,11,15,147,10,91,0,183,0.08,0,0,0,0,0.076,0.06,0.052,0.115,0.116,0.174,0.162,0.167,0.168,0.173,0.204,0.205
020_AAAF,CRGRO048,37,37,2020-08-12T00:00:00Z,79,288,96,11,15,157,10,91,0,183,0.09,0,0,0,0,0.139,0.075,0.061,0.121,0.116,0.172,0.163,0.167,0.168,0.173,0.203,0.205
020_AAAF,CRGRO048,37,37,2020-08-13T00:00:00Z,80,284,92,11,15,157,10,91,0,183,0.09,0,0,0,0,0.078,0.063,0.059,0.121,0.118,0.173,0.164,0.167,0.168,0.173,0.203,0.205
020_AAAF,CRGRO048,37,37,2020-08-14T00:00:00Z,81,288,96,11,15,165,10,91,0,183,0.09,0,0,0,0,0.119,0.071,0.061,0.122,0.118,0.174,0.167,0.167,0.168,0.173,0.203,0.205
020_AAAF,CRGRO048,37,37,2020-08-15T00:00:00Z,82,283,91,11,15,165,10,91,0,183,0.09,0,0,0,0,0.063,0.052,0.052,0.112,0.112,0.171,0.173,0.177,0.168,0.173,0.203,0.205
020_AAAF,CRGRO048,37,37,2020-08-16T00:00:00Z,83,279,87,11,15,165,10,91,0,183,0.08,0,0,0,0,0.04,0.05,0.05,0.105,0.105,0.167,0.168,0.177,0.167,0.172,0.203,0.205
020_AAAF,CRGRO048,37,37,2020-08-17T00:00:00Z,84,274,82,11,15,165,10,91,0,183,0.08,0,0,0,0,0.027,0.045,0.046,0.099,0.099,0.162,0.163,0.176,0.167,0.172,0.203,0.205
020_AAAF,CRGRO048,37,37,2020-08-18T00:00:00Z,85,315,123,13,15,204,11,101,0,183,0.1,0,0,2.5,0,0.156,0.148,0.122,0.172,0.138,0.177,0.169,0.174,0.166,0.171,0.203,0.205
020_AAAF,CRGRO048,37,37,2020-08-19T00:00:00Z,86,308,116,13,18,204,11,101,0,183,0.1,0,0,0,0,0.079,0.084,0.074,0.133,0.12,0.172,0.173,0.196,0.204,0.194,0.205,0.205
020_AAAF,CRGRO048,37,37,2020-08-20T00:00:00Z,87,306,114,13,18,206,11,101,0,183,0.11,0,0,0,0,0.067,0.066,0.064,0.134,0.125,0.178,0.175,0.197,0.197,0.196,0.207,0.205
020_AAAF,CRGRO048,37,37,2020-08-21T00:00:00Z,88,303,112,13,18,206,11,101,0,183,0.11,0,0,0,0,0.055,0.057,0.058,0.128,0.125,0.179,0.177,0.197,0.196,0.196,0.207,0.208
020_AAAF,CRGRO048,37,37,2020-08-22T00:00:00Z,89,302,110,13,18,207,11,101,0,183,0.12,0,0,0,0,0.057,0.056,0.055,0.123,0.123,0.178,0.177,0.197,0.196,0.196,0.207,0.207
020_AAAF,CRGRO048,37,37,2020-08-23T00:00:00Z,90,301,109,13,19,208,11,101,0,183,0.11,0,0,0,0,0.058,0.055,0.054,0.12,0.12,0.176,0.176,0.197,0.196,0.196,0.206,0.207
020_AAAF,CRGRO048,37,37,2020-08-24T00:00:00Z,91,327,135,14,19,237,11,101,0,183,0.12,0,0,0.39,0,0.163,0.144,0.09,0.15,0.135,0.184,0.18,0.198,0.197,0.196,0.207,0.207
020_AAAF,CRGRO048,37,37,2020-08-25T00:00:00Z,92,341,149,14,20,256,11,101,0,183,0.12,0,0,0.16,0,0.155,0.147,0.111,0.184,0.159,0.2,0.19,0.201,0.201,0.198,0.208,0.207
020_AAAF,CRGRO048,37,37,2020-08-26T00:00:00Z,93,336,145,14,22,256,11,101,0,182,0.12,0,0,0,0,0.091,0.098,0.091,0.179,0.166,0.21,0.2,0.204,0.207,0.203,0.21,0.209
020_AAAF,CRGRO048,37,37,2020-08-27T00:00:00Z,94,325,133,14,29,256,11,101,0,182,0.11,0,0,0,0,0.054,0.065,0.063,0.138,0.132,0.186,0.182,0.198,0.291,0.202,0.21,0.209
020_AAAF,CRGRO048,37,37,2020-08-28T00:00:00Z,95,313,121,14,36,256,11,101,0,182,0.11,0,0,0,0,0.043,0.052,0.053,0.12,0.118,0.176,0.174,0.196,0.276,0.201,0.21,0.209
020_AAAF,CRGRO048,37,37,2020-08-29T00:00:00Z,96,303,111,14,43,256,11,101,0,182,0.1,0,0,0,0,0.036,0.051,0.052,0.114,0.113,0.173,0.172,0.195,0.227,0.2,0.21,0.209
020_AAAF,CRGRO048,37,37,2020-08-30T00:00:00Z,97,334,143,16,45,295,11,101,0,182,0.13,0,0,2.28,0,0.161,0.151,0.104,0.16,0.137,0.183,0.178,0.196,0.207,0.204,0.211,0.21
020_AAAF,CRGRO048,37,37,2020-08-31T00:00:00Z,98,332,141,16,47,298,11,101,0,182,0.13,0,0,0,0,0.12,0.106,0.093,0.171,0.153,0.197,0.187,0.199,0.203,0.203,0.211,0.211
020_AAAF,CRGRO048,37,37,2020-09-01T00:00:00Z,99,321,129,16,54,298,11,101,0,182,0.12,0,0,0,0,0.066,0.069,0.063,0.134,0.127,0.181,0.177,0.196,0.27,0.202,0.211,0.211
020_AAAF,CRGRO048,37,37,2020-09-02T00:00:00Z,100,310,118,16,62,298,11,101,0,182,0.11,0,0,0,0,0.046,0.054,0.053,0.12,0.117,0.174,0.175,0.195,0.249,0.201,0.211,0.211
020_AAAF,CRGRO048,37,37,2020-09-03T00:00:00Z,101,298,106,16,69,298,11,101,0,182,0.1,0,0,0,0,0.035,0.051,0.051,0.11,0.11,0.171,0.171,0.193,0.215,0.196,0.207,0.208
020_AAAF,CRGRO048,37,37,2020-09-04T00:00:00Z,102,291,99,16,71,298,11,101,0,183,0.09,0,0,0,0,0.024,0.048,0.048,0.104,0.105,0.167,0.167,0.191,0.2,0.193,0.207,0.206
020_AAAF,CRGRO048,37,37,2020-09-05T00:00:00Z,103,285,94,16,71,298,11,101,0,183,0.08,0,0,0,0,0.014,0.045,0.046,0.1,0.1,0.163,0.164,0.188,0.193,0.191,0.207,0.206
020_AAAF,CRGRO048,37,37,2020-09-06T00:00:00Z,104,292,100,16,71,298,12,110,0,183,0.08,0,0,0,0,0.121,0.064,0.054,0.103,0.098,0.161,0.161,0.186,0.19,0.189,0.207,0.206
020_AAAF,CRGRO048,37,37,2020-09-07T00:00:00Z,105,288,96,16,71,298,12,110,0,183,0.07,0,0,0,0,0.063,0.047,0.05,0.117,0.107,0.159,0.16,0.185,0.188,0.188,0.207,0.206
020_AAAF,CRGRO048,37,37,2020-09-08T00:00:00Z,106,285,93,16,71,298,12,110,0,183,0.06,0,0,0,0,0.044,0.049,0.048,0.107,0.104,0.158,0.159,0.184,0.187,0.187,0.207,0.206
020_AAAF,CRGRO048,37,37,2020-09-09T00:00:00Z,107,293,102,16,71,309,12,110,0,183,0.16,0,0,0,0,0.142,0.072,0.058,0.118,0.102,0.157,0.158,0.183,0.186,0.186,0.207,0.206
020_AAAF,CRGRO048,37,37,2020-09-10T00:00:00Z,108,302,110,16,71,319,12,110,0,183,0.15,0,0,0,0,0.158,0.093,0.071,0.131,0.121,0.161,0.158,0.183,0.185,0.185,0.207,0.206
020_AAAF,CRGRO048,37,37,2020-09-11T00:00:00Z,109,301,109,16,71,321,12,110,0,183,0.16,0,0,0,0,0.111,0.08,0.069,0.138,0.128,0.176,0.16,0.182,0.185,0.185,0.207,0.206
020_AAAF,CRGRO048,37,37,2020-09-12T00:00:00Z,110,298,106,16,71,322,12,110,0,183,0.16,0,0,0,0,0.072,0.066,0.061,0.134,0.128,0.18,0.172,0.182,0.184,0.185,0.207,0.206
020_AAAF,CRGRO048,37,37,2020-09-13T00:00:00Z,111,297,105,16,71,322,12,110,0,183,0.17,0,0,0,0,0.059,0.058,0.058,0.127,0.126,0.18,0.177,0.184,0.184,0.185,0.207,0.206
020_AAAF,CRGRO048,37,37,2020-09-14T00:00:00Z,112,295,103,16,71,323,12,110,0,183,0.16,0,0,0,0,0.055,0.055,0.055,0.12,0.12,0.177,0.176,0.187,0.183,0.184,0.207,0.206
020_AAAF,CRGRO048,37,37,2020-09-15T00:00:00Z,113,296,104,16,71,325,12,110,0,183,0.18,0,0,0,0,0.073,0.059,0.055,0.119,0.118,0.175,0.175,0.189,0.183,0.184,0.207,0.206
020_AAAF,CRGRO048,37,37,2020-09-16T00:00:00Z,114,305,113,16,71,335,12,110,0,183,0.17,0,0,0,0,0.151,0.078,0.064,0.128,0.123,0.177,0.176,0.19,0.183,0.184,0.207,0.206
020_AAAF,CRGRO048,37,37,2020-09-17T00:00:00Z,115,309,117,16,71,342,12,110,0,183,0.16,0,0,0,0,0.15,0.084,0.068,0.135,0.128,0.181,0.178,0.193,0.183,0.184,0.207,0.206
020_AAAF,CRGRO048,37,37,2020-09-18T00:00:00Z,116,303,111,16,76,342,12,110,0,183,0.15,0,0,0,0,0.088,0.064,0.057,0.124,0.121,0.176,0.175,0.196,0.194,0.194,0.207,0.206
020_AAAF,CRGRO048,37,37,2020-09-19T00:00:00Z,117,299,107,16,78,342,12,110,0,183,0.13,0,0,0,0,0.061,0.055,0.054,0.118,0.118,0.175,0.174,0.195,0.194,0.194,0.207,0.206
020_AAAF,CRGRO048,37,37,2020-09-20T00:00:00Z,118,297,105,16,78,342,12,110,0,183,0.12,0,0,0,0,0.051,0.054,0.053,0.116,0.116,0.173,0.173,0.195,0.193,0.193,0.207,0.206
020_AAAF,CRGRO048,37,37,2020-09-21T00:00:00Z,119,294,102,16,78,342,12,110,0,183,0.11,0,0,0,0,0.042,0.052,0.051,0.111,0.111,0.171,0.171,0.193,0.192,0.192,0.207,0.206
020_AAAF,CRGRO048,37,37,2020-09-22T00:00:00Z,120,290,98,16,78,342,12,110,0,183,0.1,0,0,0,0,0.034,0.05,0.049,0.107,0.107,0.168,0.168,0.192,0.19,0.191,0.207,0.206
020_AAAF,CRGRO048,37,37,2020-09-23T00:00:00Z,121,288,96,16,78,342,12,110,0,183,0.08,0,0,0,0,0.029,0.048,0.048,0.105,0.105,0.166,0.166,0.19,0.189,0.19,0.207,0.206
020_AAAF,CRGRO048,37,37,2020-09-24T00:00:00Z,122,285,93,16,78,342,12,110,0,183,0.07,0,0,0,0,0.023,0.046,0.046,0.102,0.102,0.164,0.164,0.189,0.187,0.188,0.207,0.206
020_AAAF,CRGRO048,37,37,2020-09-25T00:00:00Z,123,294,102,16,78,345,13,119,0,183,0.18,0,0,0,0,0.139,0.07,0.056,0.11,0.099,0.161,0.162,0.187,0.185,0.186,0.207,0.206
020_AAAF,CRGRO048,37,37,2020-09-26T00:00:00Z,124,291,99,16,78,345,13,119,0,183,0.16,0,0,0,0,0.074,0.05,0.051,0.116,0.118,0.167,0.161,0.186,0.185,0.186,0.207,0.206
020_AAAF,CRGRO048,37,37,2020-09-27T00:00:00Z,125,290,98,16,78,346,13,119,0,183,0.19,0,0,0,0,0.065,0.055,0.054,0.114,0.116,0.167,0.161,0.186,0.184,0.186,0.207,0.206
020_AAAF,CRGRO048,37,37,2020-09-28T00:00:00Z,126,291,99,16,78,349,13,119,0,183,0.18,0,0,0,0,0.075,0.059,0.055,0.118,0.111,0.165,0.16,0.185,0.184,0.185,0.207,0.206
020_AAAF,CRGRO048,37,37,2020-09-29T00:00:00Z,127,310,118,16,78,369,13,119,0,183,0.19,0,0,0,0,0.16,0.118,0.079,0.14,0.128,0.175,0.163,0.185,0.184,0.185,0.207,0.206
020_AAAF,CRGRO048,37,37,2020-09-30T00:00:00Z,128,303,111,16,82,369,13,119,0,183,0.17,0,0,0,0,0.084,0.074,0.058,0.122,0.117,0.173,0.174,0.196,0.194,0.194,0.206,0.206
020_AAAF,CRGRO048,37,37,2020-10-01T00:00:00Z,129,297,105,16,84,369,13,119,0,183,0.15,0,0,0,0,0.054,0.056,0.053,0.115,0.115,0.172,0.172,0.195,0.193,0.193,0.206,0.206
020_AAAF,CRGRO048,37,37,2020-10-02T00:00:00Z,130,294,102,16,84,369,13,119,0,183,0.13,0,0,0,0,0.045,0.054,0.051,0.111,0.111,0.17,0.17,0.194,0.192,0.192,0.206,0.206
020_AAAF,CRGRO048,37,37,2020-10-03T00:00:00Z,131,292,100,16,84,369,13,119,0,183,0.11,0,0,0,0,0.04,0.052,0.05,0.108,0.108,0.169,0.169,0.192,0.191,0.191,0.206,0.206
020_AAAF,CRGRO048,37,37,2020-10-04T00:00:00Z,132,289,97,16,84,369,13,119,0,183,0.1,0,0,0,0,0.033,0.05,0.049,0.105,0.105,0.166,0.167,0.191,0.189,0.19,0.206,0.206
020_AAAF,CRGRO048,37,37,2020-10-05T00:00:00Z,133,287,95,16,84,369,13,119,0,183,0.09,0,0,0,0,0.028,0.048,0.047,0.103,0.103,0.165,0.165,0.189,0.188,0.189,0.206,0.206
020_AAAF,CRGRO048,37,37,2020-10-06T00:00:00Z,134,284,93,16,84,369,13,119,0,183,0.08,0,0,0,0,0.023,0.046,0.046,0.101,0.101,0.163,0.163,0.188,0.187,0.188,0.206,0.206
020_AAAF,CRGRO048,37,37,2020-10-07T00:00:00Z,135,289,97,16,84,369,14,128,0,183,0.07,0,0,0,0,0.111,0.063,0.053,0.103,0.098,0.16,0.16,0.186,0.184,0.186,0.206,0.206
020_AAAF,CRGRO048,37,37,2020-10-08T00:00:00Z,136,285,93,16,84,369,14,128,0,183,0.06,0,0,0,0,0.054,0.045,0.049,0.116,0.103,0.158,0.159,0.184,0.183,0.184,0.206,0.206
020_AAAF,CRGRO048,37,37,2020-10-09T00:00:00Z,137,282,90,16,84,369,14,128,0,183,0.05,0,0,0,0,0.045,0.044,0.047,0.107,0.101,0.157,0.158,0.183,0.182,0.183,0.206,0.206
020_AAAF,CRGRO048,37,37,2020-10-10T00:00:00Z,138,289,97,16,84,380,14,128,0,183,0.19,0,0,0,0,0.136,0.069,0.055,0.112,0.098,0.155,0.156,0.181,0.181,0.182,0.206,0.206
020_AAAF,CRGRO048,37,37,2020-10-11T00:00:00Z,139,285,93,16,84,380,14,128,0,183,0.18,0,0,0,0,0.077,0.057,0.057,0.117,0.102,0.155,0.155,0.181,0.18,0.181,0.206,0.206
020_AAAF,CRGRO048,37,37,2020-10-12T00:00:00Z,140,283,91,16,84,380,14,128,0,183,0.16,0,0,0,0,0.052,0.052,0.052,0.113,0.111,0.154,0.155,0.18,0.179,0.181,0.206,0.206
020_AAAF,CRGRO048,37,37,2020-10-13T00:00:00Z,141,279,87,16,84,380,14,128,0,183,0.14,0,0,0,0,0.039,0.048,0.048,0.104,0.103,0.153,0.154,0.179,0.178,0.18,0.206,0.206
020_AAAF,CRGRO048,37,37,2020-10-14T00:00:00Z,142,275,83,16,84,380,14,128,0,183,0.12,0,0,0,0,0.03,0.045,0.045,0.099,0.098,0.152,0.152,0.178,0.177,0.179,0.206,0.206
020_AAAF,CRGRO048,37,37,2020-10-15T00:00:00Z,143,281,89,16,84,380,15,137,0,183,0.1,0,0,0,0,0.118,0.064,0.052,0.1,0.094,0.15,0.151,0.176,0.176,0.177,0.206,0.206
020_AAAF,CRGRO048,37,37,2020-10-16T00:00:00Z,144,277,85,16,84,380,15,137,0,183,0.09,0,0,0,0,0.056,0.043,0.049,0.117,0.098,0.149,0.15,0.175,0.175,0.177,0.206,0.206
020_AAAF,CRGRO048,38,38,2020-05-25T00:00:00Z,0,256,64,0,0,0,0,0,0,174,0,0,0,0,0,0.086,0.086,0.086,0.086,0.086,0.118,0.118,0.135,0.129,0.129,0.178,0.258
020_AAAF,CRGRO048,38,38,2020-05-26T00:00:00Z,1,257,65,0,7,3,1,8,0,179,0,0,0,0,0,0.126,0.093,0.082,0.132,0.104,0.118,0.118,0.135,0.129,0.129,0.178,0.228
020_AAAF,CRGRO048,38,38,2020-05-27T00:00:00Z,2,252,60,0,10,4,1,8,0,181,0,0,0,0,0,0.035,0.078,0.074,0.143,0.126,0.129,0.118,0.135,0.129,0.129,0.178,0.214
020_AAAF,CRGRO048,38,38,2020-05-28T00:00:00Z,3,249,57,0,12,4,1,8,0,182,0,0,0,0,0,0.014,0.062,0.062,0.129,0.121,0.174,0.118,0.135,0.129,0.13,0.178,0.209
020_AAAF,CRGRO048,38,38,2020-05-29T00:00:00Z,4,249,57,0,12,4,1,8,0,183,0,0,0,0,0,0.014,0.056,0.056,0.123,0.121,0.173,0.133,0.135,0.129,0.13,0.178,0.206
020_AAAF,CRGRO048,38,38,2020-05-30T00:00:00Z,5,249,57,0,12,4,1,8,0,183,0,0,0,0,0,0.014,0.054,0.054,0.121,0.121,0.174,0.139,0.135,0.129,0.13,0.178,0.206
020_AAAF,CRGRO048,38,38,2020-05-31T00:00:00Z,6,249,57,0,12,4,1,8,0,183,0,0,0,0,0,0.014,0.053,0.054,0.121,0.121,0.173,0.139,0.135,0.129,0.13,0.178,0.206
020_AAAF,CRGRO048,38,38,2020-06-01T00:00:00Z,7,249,57,0,12,4,1,8,0,183,0,0,0,0,0,0.014,0.053,0.054,0.121,0.121,0.173,0.139,0.135,0.129,0.13,0.178,0.206
020_AAAF,CRGRO048,38,38,2020-06-02T00:00:00Z,8,248,57,0,12,4,1,8,0,183,0,0,0,0,0,0.014,0.052,0.054,0.121,0.121,0.172,0.139,0.135,0.129,0.13,0.178,0.206
020_AAAF,CRGRO048,38,38,2020-06-03T00:00:00Z,9,248,57,0,12,4,1,8,0,183,0,0,0,0,0,0.014,0.052,0.054,0.121,0.121,0.172,0.14,0.135,0.129,0.131,0.178,0.206
020_AAAF,CRGRO048,38,38,2020-06-04T00:00:00Z,10,248,56,0,12,4,1,8,0,183,0,0,0,0,0,0.014,0.051,0.054,0.121,0.121,0.172,0.14,0.135,0.129,0.131,0.178,0.206
020_AAAF,CRGRO048,38,38,2020-06-05T00:00:00Z,11,248,56,0,12,4,1,8,0,183,0,0,0,0,0,0.014,0.05,0.054,0.121,0.121,0.171,0.14,0.135,0.129,0.131,0.178,0.205
020_AAAF,CRGRO048,38,38,2020-06-06T00:00:00Z,12,249,57,0,12,4,1,8,0,183,0,0,0,0,0,0.024,0.05,0.054,0.121,0.121,0.171,0.14,0.135,0.129,0.131,0.178,0.205
020_AAAF,CRGRO048,38,38,2020-06-07T00:00:00Z,13,258,67,0,12,15,1,8,0,183,0,0,0,0,0,0.125,0.07,0.06,0.127,0.124,0.175,0.143,0.135,0.129,0.131,0.178,0.205
020_AAAF,CRGRO048,38,38,2020-06-08T00:00:00Z,14,257,65,0,12,17,1,8,0,183,0,0,0,0,0,0.023,0.073,0.064,0.132,0.128,0.179,0.151,0.135,0.129,0.131,0.178,0.205
020_AAAF,CRGRO048,38,38,2020-06-09T00:00:00Z,15,264,73,0,12,25,1,8,0,183,0,0,0,0,0,0.108,0.075,0.066,0.136,0.132,0.183,0.164,0.135,0.129,0.132,0.178,0.205
020_AAAF,CRGRO048,38,38,2020-06-10T00:00:00Z,16,261,70,0,12,26,1,8,0,183,0,0,0,0,0,0.013,0.069,0.064,0.136,0.134,0.186,0.176,0.137,0.129,0.132,0.178,0.205
020_AAAF,CRGRO048,38,38,2020-06-11T00:00:00Z,17,264,72,0,12,28,1,8,0,183,0,0,0,0,0,0.057,0.058,0.06,0.132,0.132,0.186,0.181,0.143,0.129,0.132,0.178,0.205
020_AAAF,CRGRO048,38,38,2020-06-12T00:00:00Z,18,262,70,0,12,29,1,8,0,183,0,0,0,0,0,0.014,0.056,0.057,0.128,0.129,0.184,0.182,0.149,0.129,0.132,0.178,0.205
020_AAAF,CRGRO048,38,38,2020-06-13T00:00:00Z,19,261,69,0,12,29,1,8,0,183,0,0,0,0,0,0.014,0.055,0.054,0.121,0.123,0.178,0.177,0.159,0.129,0.132,0.178,0.205
020_AAAF,CRGRO048,38,38,2020-06-14T00:00:00Z,20,261,69,0,12,29,1,8,0,183,0,0,0,0,0,0.014,0.053,0.053,0.12,0.12,0.176,0.175,0.162,0.129,0.132,0.178,0.204
020_AAAF,CRGRO048,38,38,2020-06-15T00:00:00Z,21,261,69,0,12,29,1,8,0,183,0,0,0,0,0,0.014,0.052,0.053,0.119,0.12,0.176,0.175,0.162,0.129,0.133,0.178,0.204
020_AAAF,CRGRO048,38,38,2020-06-16T00:00:00Z,22,260,68,0,12,29,1,8,0,183,0,0,0,0,0,0.014,0.051,0.053,0.118,0.12,0.176,0.175,0.162,0.13,0.133,0.178,0.204
020_AAAF,CRGRO048,38,38,2020-06-17T00:00:00Z,23,260,68,0,12,29,1,8,0,183,0,0,0,0,0,0.014,0.05,0.052,0.117,0.119,0.176,0.174,0.162,0.13,0.133,0.178,0.204
020_AAAF,CRGRO048,38,38,2020-06-18T00:00:00Z,24,260,68,0,12,29,1,8,0,183,0,0,0,0,0,0.014,0.049,0.051,0.116,0.118,0.176,0.174,0.162,0.13,0.133,0.178,0.204
020_AAAF,CRGRO048,38,38,2020-06-19T00:00:00Z,25,260,68,0,12,30,1,8,0,183,0,0,0,0,0,0.03,0.048,0.051,0.115,0.117,0.176,0.174,0.162,0.13,0.133,0.178,0.204
020_AAAF,CRGRO048,38,38,2020-06-20T00:00:00Z,26,259,67,0,12,30,1,8,0,183,0,0,0,0,0,0.02,0.047,0.05,0.113,0.116,0.175,0.174,0.162,0.13,0.133,0.178,0.204
020_AAAF,CRGRO048,38,38,2020-06-21T00:00:00Z,27,258,66,0,12,30,1,8,0,183,0,0,0,0,0,0.014,0.046,0.049,0.112,0.114,0.175,0.174,0.163,0.13,0.134,0.178,0.204
020_AAAF,CRGRO048,38,38,2020-06-22T00:00:00Z,28,257,66,0,12,30,1,8,0,183,0,0,0,0,0,0.014,0.045,0.049,0.11,0.113,0.175,0.173,0.163,0.13,0.134,0.178,0.204
020_AAAF,CRGRO048,38,38,2020-06-23T00:00:00Z,29,257,65,0,12,30,1,8,0,183,0,0,0,0,0,0.014,0.044,0.048,0.109,0.112,0.174,0.173,0.163,0.13,0.134,0.178,0.203
020_AAAF,CRGRO048,38,38,2020-06-24T00:00:00Z,30,256,64,0,12,30,1,8,0,183,0,0,0,0,0,0.014,0.044,0.047,0.107,0.11,0.173,0.173,0.163,0.13,0.134,0.178,0.203
020_AAAF,CRGRO048,38,38,2020-06-25T00:00:00Z,31,256,64,0,12,30,1,8,0,183,0,0,0,0,0,0.014,0.043,0.047,0.106,0.109,0.173,0.173,0.163,0.131,0.134,0.178,0.203
020_AAAF,CRGRO048,38,38,2020-06-26T00:00:00Z,32,255,63,0,12,30,1,8,0,183,0,0,0,0,0,0.014,0.042,0.046,0.105,0.108,0.172,0.172,0.163,0.131,0.134,0.178,0.203
020_AAAF,CRGRO048,38,38,2020-06-27T00:00:00Z,33,255,63,0,12,30,1,8,0,183,0,0,0,0,0,0.024,0.041,0.045,0.104,0.107,0.171,0.171,0.163,0.131,0.135,0.178,0.203
020_AAAF,CRGRO048,38,38,2020-06-28T00:00:00Z,34,254,62,0,12,30,1,8,0,183,0,0,0,0,0,0.014,0.04,0.044,0.103,0.105,0.17,0.171,0.163,0.131,0.135,0.178,0.203
020_AAAF,CRGRO048,38,38,2020-06-29T00:00:00Z,35,253,61,0,12,30,1,8,0,183,0,0,0,0,0,0.014,0.04,0.044,0.102,0.104,0.168,0.17,0.163,0.131,0.135,0.178,0.203
020_AAAF,CRGRO048,38,38,2020-06-30T00:00:00Z,36,266,74,0,12,44,1,8,0,183,0,0,0,0,0,0.161,0.072,0.057,0.11,0.103,0.167,0.169,0.163,0.131,0.135,0.178,0.203
020_AAAF,CRGRO048,38,38,2020-07-01T00:00:00Z,37,261,69,0,12,44,1,8,0,183,0,0,0,0,0,0.013,0.056,0.053,0.118,0.119,0.173,0.174,0.165,0.131,0.135,0.178,0.203
020_AAAF,CRGRO048,38,38,2020-07-02T00:00:00Z,38,260,68,0,12,44,1,8,0,183,0,0,0,0,0,0.014,0.054,0.052,0.114,0.115,0.173,0.173,0.165,0.131,0.135,0.178,0.203
020_AAAF,CRGRO048,38,38,2020-07-03T00:00:00Z,39,258,67,0,12,44,1,8,0,183,0,0,0,0,0,0.014,0.051,0.05,0.111,0.112,0.171,0.172,0.165,0.132,0.135,0.178,0.202
020_AAAF,CRGRO048,38,38,2020-07-04T00:00:00Z,40,257,65,0,12,44,1,8,0,183,0,0,0,0,0,0.014,0.049,0.049,0.107,0.108,0.169,0.17,0.165,0.132,0.136,0.178,0.202
020_AAAF,CRGRO048,38,38,2020-07-05T00:00:00Z,41,260,68,0,12,49,1,8,0,183,0,0,0,0,0,0.079,0.056,0.052,0.105,0.106,0.168,0.169,0.165,0.132,0.136,0.178,0.202
020_AAAF,CRGRO048,38,38,2020-07-06T00:00:00Z,42,301,110,11,12,103,1,8,0,183,0.01,0,0,10.71,0,0.122,0.151,0.131,0.184,0.149,0.188,0.179,0.169,0.132,0.136,0.178,0.202
020_AAAF,CRGRO048,38,38,2020-07-07T00:00:00Z,43,307,115,11,12,112,1,8,0,183,0.01,0,0,0,0,0.12,0.116,0.109,0.195,0.172,0.209,0.195,0.184,0.132,0.136,0.178,0.202
020_AAAF,CRGRO048,38,38,2020-07-08T00:00:00Z,44,303,111,11,12,112,1,8,0,183,0.01,0,0,0,0,0.027,0.076,0.073,0.147,0.138,0.187,0.182,0.196,0.216,0.181,0.178,0.202
020_AAAF,CRGRO048,38,38,2020-07-09T00:00:00Z,45,303,111,11,12,114,1,8,0,183,0.01,0,0,0,0,0.049,0.06,0.062,0.139,0.136,0.189,0.185,0.199,0.206,0.196,0.18,0.202
020_AAAF,CRGRO048,38,38,2020-07-10T00:00:00Z,46,298,106,11,13,114,1,8,0,183,0.01,0,0,0,0,0.013,0.053,0.053,0.121,0.12,0.178,0.176,0.197,0.199,0.196,0.205,0.205
020_AAAF,CRGRO048,38,38,2020-07-11T00:00:00Z,47,294,102,11,13,114,1,8,0,183,0.01,0,0,0,0,0.014,0.05,0.051,0.111,0.112,0.172,0.174,0.196,0.196,0.196,0.205,0.205
020_AAAF,CRGRO048,38,38,2020-07-12T00:00:00Z,48,291,99,11,13,114,1,8,0,183,0.01,0,0,0,0,0.014,0.047,0.048,0.105,0.106,0.169,0.171,0.194,0.195,0.196,0.205,0.205
020_AAAF,CRGRO048,38,38,2020-07-13T00:00:00Z,49,288,96,11,13,114,1,8,0,183,0.01,0,0,0,0,0.014,0.045,0.046,0.102,0.103,0.166,0.168,0.193,0.194,0.196,0.205,0.205
020_AAAF,CRGRO048,38,38,2020-07-14T00:00:00Z,50,286,94,11,13,114,1,8,0,183,0.01,0,0,0,0,0.014,0.043,0.044,0.099,0.1,0.163,0.165,0.191,0.193,0.196,0.205,0.205
020_AAAF,CRGRO048,38,38,2020-07-15T00:00:00Z,51,283,91,11,13,114,1,8,0,183,0.01,0,0,0,0,0.014,0.041,0.042,0.097,0.098,0.161,0.163,0.189,0.191,0.195,0.205,0.205
020_AAAF,CRGRO048,38,38,2020-07-16T00:00:00Z,52,281,89,11,13,114,1,8,0,183,0.01,0,0,0,0,0.014,0.039,0.041,0.095,0.096,0.159,0.16,0.187,0.19,0.195,0.205,0.205
020_AAAF,CRGRO048,38,38,2020-07-17T00:00:00Z,53,279,87,11,13,114,1,8,0,183,0.01,0,0,0,0,0.014,0.038,0.039,0.093,0.094,0.157,0.159,0.185,0.188,0.194,0.205,0.205
020_AAAF,CRGRO048,38,38,2020-07-18T00:00:00Z,54,277,85,11,13,114,1,8,0,183,0.01,0,0,0,0,0.014,0.037,0.038,0.091,0.092,0.155,0.157,0.184,0.186,0.192,0.205,0.205
020_AAAF,CRGRO048,38,38,2020-07-19T00:00:00Z,55,275,83,11,13,114,1,8,0,183,0.01,0,0,0,0,0.014,0.035,0.037,0.09,0.091,0.153,0.155,0.182,0.184,0.191,0.205,0.205
020_AAAF,CRGRO048,38,38,2020-07-20T00:00:00Z,56,273,81,11,13,114,1,8,0,183,0.01,0,0,0,0,0.014,0.034,0.036,0.089,0.089,0.152,0.153,0.181,0.182,0.189,0.205,0.205
020_AAAF,CRGRO048,38,38,2020-07-21T00:00:00Z,57,271,79,11,13,114,1,8,0,183,0.01,0,0,0,0,0.014,0.033,0.035,0.087,0.088,0.15,0.152,0.179,0.181,0.187,0.205,0.205
020_AAAF,CRGRO048,38,38,2020-07-22T00:00:00Z,58,272,80,11,13,117,1,8,0,183,0.02,0,0,0,0,0.061,0.037,0.034,0.086,0.087,0.149,0.151,0.178,0.179,0.186,0.205,0.205
020_AAAF,CRGRO048,38,38,2020-07-23T00:00:00Z,59,271,79,11,13,120,1,8,0,183,0.02,0,0,0,0,0.034,0.051,0.033,0.085,0.086,0.148,0.149,0.176,0.178,0.184,0.205,0.205
020_AAAF,CRGRO048,38,38,2020-07-24T00:00:00Z,60,268,76,11,13,120,1,8,0,183,0.03,0,0,0,0,0.02,0.044,0.032,0.084,0.085,0.147,0.148,0.175,0.177,0.182,0.205,0.205
020_AAAF,CRGRO048,38,38,2020-07-25T00:00:00Z,61,266,74,11,13,120,1,8,0,183,0.03,0,0,0,0,0.014,0.04,0.032,0.083,0.084,0.145,0.147,0.174,0.175,0.181,0.205,0.205
020_AAAF,CRGRO048,38,38,2020-07-26T00:00:00Z,62,264,72,11,13,120,1,8,0,183,0.03,0,0,0,0,0.014,0.038,0.031,0.082,0.083,0.144,0.146,0.173,0.174,0.18,0.205,0.205
020_AAAF,CRGRO048,38,38,2020-07-27T00:00:00Z,63,263,71,11,13,120,1,8,0,183,0.03,0,0,0,0,0.014,0.036,0.03,0.081,0.082,0.143,0.145,0.172,0.173,0.178,0.205,0.205
020_AAAF,CRGRO048,38,38,2020-07-28T00:00:00Z,64,262,70,11,13,120,1,8,0,183,0.03,0,0,0,0,0.014,0.034,0.029,0.081,0.082,0.142,0.144,0.171,0.172,0.177,0.205,0.205
020_AAAF,CRGRO048,38,38,2020-07-29T00:00:00Z,65,267,75,11,13,126,1,8,0,183,0.05,0,0,0,0,0.091,0.053,0.03,0.08,0.081,0.142,0.143,0.17,0.171,0.176,0.205,0.205
020_AAAF,CRGRO048,38,38,2020-07-30T00:00:00Z,66,264,72,11,13,127,1,8,0,183,0.05,0,0,0,0,0.04,0.052,0.036,0.079,0.08,0.141,0.143,0.169,0.17,0.175,0.204,0.205
020_AAAF,CRGRO048,38,38,2020-07-31T00:00:00Z,67,261,69,11,13,127,1,8,0,183,0.05,0,0,0,0,0.014,0.043,0.035,0.079,0.08,0.14,0.142,0.168,0.169,0.174,0.204,0.205
020_AAAF,CRGRO048,38,38,2020-08-01T00:00:00Z,68,259,67,11,13,127,1,8,0,183,0.05,0,0,0,0,0.014,0.039,0.034,0.078,0.079,0.139,0.141,0.167,0.168,0.173,0.204,0.205
020_AAAF,CRGRO048,38,38,2020-08-02T00:00:00Z,69,258,66,11,13,127,1,8,0,183,0.05,0,0,0,0,0.014,0.037,0.032,0.078,0.078,0.139,0.14,0.167,0.168,0.173,0.204,0.205
020_AAAF,CRGRO048,38,38,2020-08-03T00:00:00Z,70,257,65,11,13,127,1,8,0,183,0.05,0,0,0,0,0.014,0.035,0.031,0.077,0.078,0.138,0.14,0.166,0.167,0.172,0.204,0.205
020_AAAF,CRGRO048,38,38,2020-08-04T00:00:00Z,71,277,85,11,13,128,2,28,0,183,0.07,0,0,0,0,0.167,0.098,0.062,0.099,0.077,0.137,0.139,0.165,0.166,0.171,0.204,0.205
020_AAAF,CRGRO048,38,38,2020-08-05T00:00:00Z,72,272,80,11,13,128,2,28,0,183,0.07,0,0,0,0,0.045,0.058,0.049,0.118,0.119,0.14,0.139,0.165,0.166,0.171,0.204,0.205
020_AAAF,CRGRO048,38,38,2020-08-06T00:00:00Z,73,271,79,11,13,131,2,28,0,183,0.08,0,0,0,0,0.051,0.057,0.054,0.114,0.109,0.14,0.139,0.165,0.166,0.171,0.204,0.205
020_AAAF,CRGRO048,38,38,2020-08-07T00:00:00Z,74,267,75,11,13,132,2,28,0,183,0.08,0,0,0,0,0.018,0.05,0.053,0.107,0.105,0.14,0.139,0.165,0.166,0.171,0.204,0.205
020_AAAF,CRGRO048,38,38,2020-08-08T00:00:00Z,75,264,73,11,13,132,2,28,0,183,0.08,0,0,0,0,0.014,0.046,0.048,0.101,0.1,0.14,0.139,0.164,0.165,0.17,0.203,0.205
020_AAAF,CRGRO048,38,38,2020-08-09T00:00:00Z,76,267,75,11,13,137,2,28,0,183,0.09,0,0,0,0,0.084,0.053,0.047,0.095,0.095,0.14,0.138,0.164,0.165,0.17,0.203,0.205
020_AAAF,CRGRO048,38,38,2020-08-10T00:00:00Z,77,275,83,11,13,147,2,28,0,183,0.1,0,0,0,0,0.136,0.074,0.059,0.112,0.093,0.139,0.138,0.164,0.164,0.17,0.203,0.205
020_AAAF,CRGRO048,38,38,2020-08-11T00:00:00Z,78,270,78,11,13,147,2,28,0,183,0.09,0,0,0,0,0.048,0.049,0.05,0.114,0.118,0.145,0.138,0.163,0.164,0.17,0.203,0.205
020_AAAF,CRGRO048,38,38,2020-08-12T00:00:00Z,79,277,85,11,13,157,2,28,0,183,0.1,0,0,0,0,0.116,0.071,0.058,0.117,0.111,0.147,0.138,0.163,0.164,0.17,0.203,0.205
020_AAAF,CRGRO048,38,38,2020-08-13T00:00:00Z,80,272,80,11,13,157,2,28,0,183,0.1,0,0,0,0,0.05,0.058,0.057,0.118,0.116,0.147,0.138,0.163,0.164,0.17,0.203,0.205
020_AAAF,CRGRO048,38,38,2020-08-14T00:00:00Z,81,276,84,11,13,165,2,28,0,183,0.1,0,0,0,0,0.095,0.067,0.058,0.118,0.115,0.151,0.138,0.163,0.164,0.17,0.203,0.205
020_AAAF,CRGRO048,38,38,2020-08-15T00:00:00Z,82,271,80,11,13,165,2,28,0,183,0.1,0,0,0,0,0.037,0.049,0.051,0.111,0.113,0.169,0.138,0.163,0.164,0.17,0.203,0.205
020_AAAF,CRGRO048,38,38,2020-08-16T00:00:00Z,83,267,75,11,13,165,2,28,0,183,0.09,0,0,0,0,0.014,0.046,0.048,0.104,0.104,0.164,0.138,0.163,0.164,0.169,0.203,0.205
020_AAAF,CRGRO048,38,38,2020-08-17T00:00:00Z,84,263,71,11,13,165,2,28,0,183,0.08,0,0,0,0,0.014,0.041,0.042,0.096,0.096,0.158,0.138,0.162,0.163,0.169,0.202,0.205
020_AAAF,CRGRO048,38,38,2020-08-18T00:00:00Z,85,297,106,13,13,204,2,28,0,183,0.11,0,0,2.28,0,0.167,0.149,0.095,0.146,0.123,0.164,0.137,0.162,0.163,0.168,0.202,0.205
020_AAAF,CRGRO048,38,38,2020-08-19T00:00:00Z,86,293,101,13,13,204,2,28,0,183,0.1,0,0,0,0,0.07,0.085,0.063,0.124,0.114,0.173,0.174,0.193,0.162,0.168,0.202,0.205
020_AAAF,CRGRO048,38,38,2020-08-20T00:00:00Z,87,290,99,13,13,206,2,28,0,183,0.11,0,0,0,0,0.051,0.065,0.06,0.125,0.121,0.174,0.173,0.193,0.163,0.168,0.202,0.205
020_AAAF,CRGRO048,38,38,2020-08-21T00:00:00Z,88,288,96,13,13,206,2,28,0,183,0.11,0,0,0,0,0.041,0.055,0.056,0.123,0.12,0.175,0.174,0.193,0.163,0.168,0.202,0.205
020_AAAF,CRGRO048,38,38,2020-08-22T00:00:00Z,89,288,96,13,13,207,2,28,0,183,0.11,0,0,0,0,0.048,0.053,0.054,0.12,0.119,0.175,0.176,0.193,0.163,0.168,0.202,0.205
020_AAAF,CRGRO048,38,38,2020-08-23T00:00:00Z,90,287,95,13,13,208,2,28,0,183,0.12,0,0,0,0,0.048,0.053,0.054,0.116,0.116,0.174,0.174,0.192,0.163,0.168,0.202,0.205
020_AAAF,CRGRO048,38,38,2020-08-24T00:00:00Z,91,314,122,13,13,237,2,28,0,183,0.12,0,0,0.33,0,0.16,0.142,0.089,0.149,0.133,0.182,0.178,0.195,0.163,0.168,0.202,0.205
020_AAAF,CRGRO048,38,38,2020-08-25T00:00:00Z,92,329,137,13,13,256,2,28,0,183,0.12,0,0,0.13,0,0.144,0.148,0.11,0.182,0.157,0.198,0.188,0.199,0.175,0.169,0.202,0.205
020_AAAF,CRGRO048,38,38,2020-08-26T00:00:00Z,93,325,133,13,13,256,2,28,0,183,0.13,0,0,0,0,0.077,0.097,0.091,0.178,0.165,0.209,0.198,0.203,0.196,0.172,0.202,0.205
020_AAAF,CRGRO048,38,38,2020-08-27T00:00:00Z,94,318,126,13,16,256,2,28,0,183,0.12,0,0,0,0,0.037,0.065,0.063,0.138,0.132,0.186,0.181,0.198,0.273,0.194,0.205,0.205
020_AAAF,CRGRO048,38,38,2020-08-28T00:00:00Z,95,306,114,13,23,256,2,28,0,183,0.11,0,0,0,0,0.017,0.053,0.053,0.122,0.119,0.176,0.175,0.196,0.258,0.194,0.205,0.205
020_AAAF,CRGRO048,38,38,2020-08-29T00:00:00Z,96,298,106,13,29,256,2,28,0,183,0.1,0,0,0,0,0.014,0.051,0.052,0.115,0.114,0.174,0.172,0.195,0.219,0.193,0.205,0.205
020_AAAF,CRGRO048,38,38,2020-08-30T00:00:00Z,97,331,139,16,29,295,2,28,0,183,0.13,0,0,2.06,0,0.167,0.15,0.102,0.158,0.137,0.183,0.178,0.196,0.204,0.199,0.207,0.206
020_AAAF,CRGRO048,38,38,2020-08-31T00:00:00Z,98,330,138,16,30,298,2,28,0,183,0.13,0,0,0,0,0.117,0.107,0.092,0.17,0.153,0.196,0.187,0.199,0.202,0.2,0.209,0.208
020_AAAF,CRGRO048,38,38,2020-09-01T00:00:00Z,99,319,127,16,38,298,2,28,0,183,0.12,0,0,0,0,0.056,0.07,0.064,0.135,0.128,0.181,0.177,0.196,0.268,0.2,0.209,0.208
020_AAAF,CRGRO048,38,38,2020-09-02T00:00:00Z,100,307,115,16,45,298,2,28,0,183,0.11,0,0,0,0,0.035,0.055,0.054,0.12,0.118,0.174,0.173,0.195,0.248,0.199,0.209,0.208
020_AAAF,CRGRO048,38,38,2020-09-03T00:00:00Z,101,297,105,16,51,298,2,28,0,183,0.1,0,0,0,0,0.015,0.052,0.052,0.112,0.111,0.171,0.171,0.193,0.214,0.195,0.206,0.208
020_AAAF,CRGRO048,38,38,2020-09-04T00:00:00Z,102,290,99,16,52,298,2,28,0,183,0.09,0,0,0,0,0.014,0.049,0.049,0.106,0.105,0.167,0.167,0.191,0.2,0.193,0.206,0.208
020_AAAF,CRGRO048,38,38,2020-09-05T00:00:00Z,103,286,94,16,53,298,2,28,0,183,0.08,0,0,0,0,0.014,0.045,0.046,0.101,0.101,0.163,0.164,0.188,0.193,0.191,0.206,0.208
020_AAAF,CRGRO048,38,38,2020-09-06T00:00:00Z,104,283,91,16,53,298,2,28,0,183,0.08,0,0,0,0,0.014,0.043,0.044,0.099,0.099,0.161,0.161,0.186,0.19,0.189,0.206,0.208
020_AAAF,CRGRO048,38,38,2020-09-07T00:00:00Z,105,280,88,16,53,298,2,28,0,183,0.07,0,0,0,0,0.014,0.041,0.042,0.096,0.096,0.158,0.159,0.184,0.186,0.186,0.206,0.208
020_AAAF,CRGRO048,38,38,2020-09-08T00:00:00Z,106,276,84,16,53,298,2,28,0,183,0.06,0,0,0,0,0.014,0.039,0.04,0.093,0.093,0.156,0.156,0.182,0.183,0.184,0.206,0.208
020_AAAF,CRGRO048,38,38,2020-09-09T00:00:00Z,107,285,93,16,53,309,2,28,0,183,0.15,0,0,0,0,0.133,0.065,0.052,0.092,0.092,0.154,0.155,0.18,0.182,0.182,0.206,0.208
020_AAAF,CRGRO048,38,38,2020-09-10T00:00:00Z,108,294,102,16,53,319,2,28,0,183,0.14,0,0,0,0,0.154,0.086,0.067,0.122,0.097,0.154,0.154,0.18,0.181,0.182,0.206,0.208
020_AAAF,CRGRO048,38,38,2020-09-11T00:00:00Z,109,293,101,16,53,321,2,28,0,183,0.15,0,0,0,0,0.106,0.076,0.065,0.131,0.119,0.153,0.154,0.18,0.181,0.182,0.206,0.208
020_AAAF,CRGRO048,38,38,2020-09-12T00:00:00Z,110,290,98,16,53,322,2,28,0,183,0.15,0,0,0,0,0.064,0.063,0.059,0.128,0.122,0.165,0.154,0.179,0.18,0.181,0.206,0.208
020_AAAF,CRGRO048,38,38,2020-09-13T00:00:00Z,111,288,96,16,53,322,2,28,0,183,0.16,0,0,0,0,0.053,0.056,0.056,0.123,0.12,0.172,0.154,0.179,0.18,0.181,0.206,0.208
020_AAAF,CRGRO048,38,38,2020-09-14T00:00:00Z,112,286,94,16,53,323,2,28,0,183,0.16,0,0,0,0,0.048,0.054,0.053,0.117,0.115,0.173,0.154,0.179,0.18,0.181,0.206,0.208
020_AAAF,CRGRO048,38,38,2020-09-15T00:00:00Z,113,287,95,16,53,325,2,28,0,183,0.16,0,0,0,0,0.068,0.057,0.054,0.119,0.113,0.172,0.154,0.179,0.179,0.181,0.206,0.208
020_AAAF,CRGRO048,38,38,2020-09-16T00:00:00Z,114,296,105,16,53,335,2,28,0,183,0.17,0,0,0,0,0.148,0.077,0.063,0.127,0.121,0.174,0.154,0.178,0.179,0.181,0.206,0.208
020_AAAF,CRGRO048,38,38,2020-09-17T00:00:00Z,115,300,108,16,53,342,2,28,0,183,0.15,0,0,0,0,0.145,0.083,0.068,0.134,0.126,0.179,0.163,0.178,0.179,0.181,0.206,0.208
020_AAAF,CRGRO048,38,38,2020-09-18T00:00:00Z,116,299,107,16,53,342,2,28,0,183,0.14,0,0,0,0,0.084,0.063,0.057,0.123,0.12,0.175,0.174,0.196,0.186,0.181,0.206,0.208
020_AAAF,CRGRO048,38,38,2020-09-19T00:00:00Z,117,297,105,16,53,342,2,28,0,183,0.12,0,0,0,0,0.057,0.055,0.054,0.118,0.117,0.174,0.173,0.195,0.194,0.186,0.206,0.208
020_AAAF,CRGRO048,38,38,2020-09-20T00:00:00Z,118,295,103,16,53,342,2,28,0,183,0.11,0,0,0,0,0.047,0.054,0.053,0.116,0.115,0.173,0.172,0.195,0.193,0.186,0.205,0.208
020_AAAF,CRGRO048,38,38,2020-09-21T00:00:00Z,119,292,100,16,53,342,2,28,0,183,0.1,0,0,0,0,0.033,0.052,0.051,0.111,0.11,0.17,0.17,0.193,0.192,0.186,0.205,0.208
020_AAAF,CRGRO048,38,38,2020-09-22T00:00:00Z,120,289,97,16,53,342,2,28,0,183,0.09,0,0,0,0,0.019,0.05,0.049,0.107,0.107,0.168,0.168,0.192,0.19,0.185,0.205,0.208
020_AAAF,CRGRO048,38,38,2020-09-23T00:00:00Z,121,286,95,16,53,342,2,28,0,183,0.08,0,0,0,0,0.014,0.048,0.048,0.105,0.105,0.166,0.166,0.19,0.189,0.184,0.205,0.208
020_AAAF,CRGRO048,38,38,2020-09-24T00:00:00Z,122,284,92,16,53,342,2,28,0,183,0.07,0,0,0,0,0.014,0.046,0.046,0.102,0.102,0.164,0.164,0.188,0.187,0.183,0.205,0.208
020_AAAF,CRGRO048,38,38,2020-09-25T00:00:00Z,123,284,92,16,53,345,2,28,0,183,0.18,0,0,0,0,0.062,0.048,0.044,0.099,0.099,0.161,0.161,0.186,0.185,0.182,0.205,0.208
020_AAAF,CRGRO048,38,38,2020-09-26T00:00:00Z,124,280,89,16,53,345,2,28,0,183,0.16,0,0,0,0,0.04,0.048,0.043,0.097,0.097,0.159,0.159,0.184,0.183,0.181,0.205,0.208
020_AAAF,CRGRO048,38,38,2020-09-27T00:00:00Z,125,280,88,16,53,346,2,28,0,183,0.19,0,0,0,0,0.051,0.047,0.042,0.096,0.096,0.158,0.159,0.184,0.182,0.181,0.205,0.208
020_AAAF,CRGRO048,38,38,2020-09-28T00:00:00Z,126,281,89,16,53,349,2,28,0,183,0.17,0,0,0,0,0.067,0.054,0.044,0.095,0.095,0.156,0.157,0.182,0.181,0.18,0.205,0.208
020_AAAF,CRGRO048,38,38,2020-09-29T00:00:00Z,127,300,108,16,53,369,2,28,0,183,0.18,0,0,0,0,0.157,0.114,0.074,0.128,0.108,0.156,0.156,0.182,0.18,0.18,0.205,0.208
020_AAAF,CRGRO048,38,38,2020-09-30T00:00:00Z,128,296,104,16,53,369,2,28,0,183,0.16,0,0,0,0,0.078,0.071,0.055,0.117,0.117,0.174,0.174,0.194,0.18,0.179,0.205,0.208
020_AAAF,CRGRO048,38,38,2020-10-01T00:00:00Z,129,293,101,16,53,369,2,28,0,183,0.14,0,0,0,0,0.046,0.054,0.054,0.115,0.114,0.172,0.172,0.195,0.185,0.179,0.205,0.208
020_AAAF,CRGRO048,38,38,2020-10-02T00:00:00Z,130,290,98,16,53,369,2,28,0,183,0.13,0,0,0,0,0.033,0.052,0.052,0.111,0.111,0.17,0.17,0.193,0.184,0.179,0.205,0.208
020_AAAF,CRGRO048,38,38,2020-10-03T00:00:00Z,131,288,96,16,53,369,2,28,0,183,0.11,0,0,0,0,0.025,0.05,0.05,0.108,0.108,0.168,0.169,0.192,0.183,0.179,0.205,0.208
020_AAAF,CRGRO048,38,38,2020-10-04T00:00:00Z,132,285,93,16,53,369,2,28,0,183,0.1,0,0,0,0,0.014,0.048,0.049,0.105,0.105,0.166,0.167,0.191,0.183,0.179,0.204,0.208
020_AAAF,CRGRO048,38,38,2020-10-05T00:00:00Z,133,283,91,16,53,369,2,28,0,183,0.09,0,0,0,0,0.014,0.046,0.047,0.102,0.103,0.164,0.164,0.189,0.182,0.178,0.204,0.208
020_AAAF,CRGRO048,38,38,2020-10-06T00:00:00Z,134,281,89,16,53,369,2,28,0,183,0.08,0,0,0,0,0.014,0.044,0.046,0.1,0.101,0.162,0.163,0.187,0.181,0.178,0.204,0.208
020_AAAF,CRGRO048,38,38,2020-10-07T00:00:00Z,135,277,85,16,53,369,2,28,0,183,0.07,0,0,0,0,0.014,0.042,0.043,0.096,0.097,0.159,0.159,0.184,0.179,0.177,0.204,0.208
020_AAAF,CRGRO048,38,38,2020-10-08T00:00:00Z,136,273,81,16,53,369,2,28,0,183,0.06,0,0,0,0,0.014,0.039,0.04,0.093,0.093,0.155,0.155,0.181,0.177,0.175,0.204,0.208
020_AAAF,CRGRO048,38,38,2020-10-09T00:00:00Z,137,270,78,16,53,369,2,28,0,183,0.05,0,0,0,0,0.014,0.037,0.038,0.09,0.091,0.153,0.153,0.179,0.175,0.174,0.204,0.208
020_AAAF,CRGRO048,38,38,2020-10-10T00:00:00Z,138,278,86,16,53,380,2,28,0,183,0.2,0,0,0,0,0.132,0.063,0.048,0.088,0.089,0.15,0.151,0.177,0.173,0.173,0.204,0.208
020_AAAF,CRGRO048,38,38,2020-10-11T00:00:00Z,139,275,83,16,53,380,2,28,0,183,0.18,0,0,0,0,0.069,0.051,0.054,0.095,0.088,0.149,0.15,0.176,0.173,0.173,0.204,0.208
020_AAAF,CRGRO048,38,38,2020-10-12T00:00:00Z,140,272,81,16,53,380,2,28,0,183,0.16,0,0,0,0,0.044,0.05,0.05,0.097,0.087,0.149,0.15,0.175,0.172,0.172,0.204,0.208
020_AAAF,CRGRO048,38,38,2020-10-13T00:00:00Z,141,268,76,16,53,380,2,28,0,183,0.14,0,0,0,0,0.025,0.043,0.043,0.093,0.086,0.147,0.148,0.174,0.171,0.171,0.204,0.208
020_AAAF,CRGRO048,38,38,2020-10-14T00:00:00Z,142,265,73,16,53,380,2,28,0,183,0.12,0,0,0,0,0.014,0.04,0.04,0.09,0.085,0.146,0.147,0.172,0.17,0.17,0.204,0.208
020_AAAF,CRGRO048,38,38,2020-10-15T00:00:00Z,143,263,71,16,53,380,2,28,0,183,0.1,0,0,0,0,0.014,0.037,0.038,0.088,0.084,0.145,0.145,0.171,0.169,0.17,0.203,0.208
020_AAAF,CRGRO048,38,38,2020-10-16T00:00:00Z,144,262,70,16,53,380,2,28,0,183,0.09,0,0,0,0,0.014,0.035,0.036,0.086,0.083,0.143,0.144,0.17,0.168,0.169,0.203,0.208
020_AAAF,CRGRO048,39,39,2020-05-25T00:00:00Z,0,256,64,0,0,0,0,0,0,174,0,0,0,0,0,0.086,0.086,0.086,0.086,0.086,0.118,0.118,0.135,0.129,0.129,0.178,0.258
020_AAAF,CRGRO048,39,39,2020-05-26T00:00:00Z,1,257,65,0,7,3,1,8,0,179,0,0,0,0,0,0.126,0.093,0.082,0.132,0.104,0.118,0.118,0.135,0.129,0.129,0.178,0.228
020_AAAF,CRGRO048,39,39,2020-05-27T00:00:00Z,2,252,60,0,10,4,1,8,0,181,0,0,0,0,0,0.035,0.078,0.074,0.143,0.126,0.129,0.118,0.135,0.129,0.129,0.178,0.214
020_AAAF,CRGRO048,39,39,2020-05-28T00:00:00Z,3,249,57,0,12,4,1,8,0,182,0,0,0,0,0,0.014,0.062,0.062,0.129,0.121,0.174,0.118,0.135,0.129,0.13,0.178,0.209
020_AAAF,CRGRO048,39,39,2020-05-29T00:00:00Z,4,249,57,0,12,4,1,8,0,183,0,0,0,0,0,0.014,0.056,0.056,0.123,0.121,0.173,0.133,0.135,0.129,0.13,0.178,0.206
020_AAAF,CRGRO048,39,39,2020-05-30T00:00:00Z,5,249,57,0,12,4,1,8,0,183,0,0,0,0,0,0.014,0.054,0.054,0.121,0.121,0.174,0.139,0.135,0.129,0.13,0.178,0.206
020_AAAF,CRGRO048,39,39,2020-05-31T00:00:00Z,6,249,57,0,12,4,1,8,0,183,0,0,0,0,0,0.014,0.053,0.054,0.121,0.121,0.173,0.139,0.135,0.129,0.13,0.178,0.206
020_AAAF,CRGRO048,39,39,2020-06-01T00:00:00Z,7,249,57,0,12,4,1,8,0,183,0,0,0,0,0,0.014,0.053,0.054,0.121,0.121,0.173,0.139,0.135,0.129,0.13,0.178,0.206
020_AAAF,CRGRO048,39,39,2020-06-02T00:00:00Z,8,248,57,0,12,4,1,8,0,183,0,0,0,0,0,0.014,0.052,0.054,0.121,0.121,0.172,0.139,0.135,0.129,0.13,0.178,0.206
020_AAAF,CRGRO048,39,39,2020-06-03T00:00:00Z,9,248,57,0,12,4,1,8,0,183,0,0,0,0,0,0.014,0.052,0.054,0.121,0.121,0.172,0.14,0.135,0.129,0.131,0.178,0.206
020_AAAF,CRGRO048,39,39,2020-06-04T00:00:00Z,10,248,56,0,12,4,1,8,0,183,0,0,0,0,0,0.014,0.051,0.054,0.121,0.121,0.172,0.14,0.135,0.129,0.131,0.178,0.206
020_AAAF,CRGRO048,39,39,2020-06-05T00:00:00Z,11,248,56,0,12,4,1,8,0,183,0,0,0,0,0,0.014,0.05,0.054,0.121,0.121,0.171,0.14,0.135,0.129,0.131,0.178,0.205
020_AAAF,CRGRO048,39,39,2020-06-06T00:00:00Z,12,249,57,0,12,4,1,8,0,183,0,0,0,0,0,0.024,0.05,0.054,0.121,0.121,0.171,0.14,0.135,0.129,0.131,0.178,0.205
020_AAAF,CRGRO048,39,39,2020-06-07T00:00:00Z,13,258,67,0,12,15,1,8,0,183,0,0,0,0,0,0.125,0.07,0.06,0.127,0.124,0.175,0.143,0.135,0.129,0.131,0.178,0.205
020_AAAF,CRGRO048,39,39,2020-06-08T00:00:00Z,14,257,65,0,12,17,1,8,0,183,0,0,0,0,0,0.023,0.073,0.064,0.132,0.128,0.179,0.151,0.135,0.129,0.131,0.178,0.205
020_AAAF,CRGRO048,39,39,2020-06-09T00:00:00Z,15,264,73,0,12,25,1,8,0,183,0,0,0,0,0,0.108,0.075,0.066,0.136,0.132,0.183,0.164,0.135,0.129,0.132,0.178,0.205
020_AAAF,CRGRO048,39,39,2020-06-10T00:00:00Z,16,261,70,0,12,26,1,8,0,183,0,0,0,0,0,0.013,0.069,0.064,0.136,0.134,0.186,0.176,0.137,0.129,0.132,0.178,0.205
020_AAAF,CRGRO048,39,39,2020-06-11T00:00:00Z,17,264,72,0,12,28,1,8,0,183,0,0,0,0,0,0.057,0.058,0.06,0.132,0.132,0.186,0.181,0.143,0.129,0.132,0.178,0.205
020_AAAF,CRGRO048,39,39,2020-06-12T00:00:00Z,18,262,70,0,12,29,1,8,0,183,0,0,0,0,0,0.014,0.056,0.057,0.128,0.129,0.184,0.182,0.149,0.129,0.132,0.178,0.205
020_AAAF,CRGRO048,39,39,2020-06-13T00:00:00Z,19,261,69,0,12,29,1,8,0,183,0,0,0,0,0,0.014,0.055,0.054,0.121,0.123,0.178,0.177,0.159,0.129,0.132,0.178,0.205
020_AAAF,CRGRO048,39,39,2020-06-14T00:00:00Z,20,261,69,0,12,29,1,8,0,183,0,0,0,0,0,0.014,0.053,0.053,0.12,0.12,0.176,0.175,0.162,0.129,0.132,0.178,0.204
020_AAAF,CRGRO048,39,39,2020-06-15T00:00:00Z,21,261,69,0,12,29,1,8,0,183,0,0,0,0,0,0.014,0.052,0.053,0.119,0.12,0.176,0.175,0.162,0.129,0.133,0.178,0.204
020_AAAF,CRGRO048,39,39,2020-06-16T00:00:00Z,22,260,68,0,12,29,1,8,0,183,0,0,0,0,0,0.014,0.051,0.053,0.118,0.12,0.176,0.175,0.162,0.13,0.133,0.178,0.204
020_AAAF,CRGRO048,39,39,2020-06-17T00:00:00Z,23,260,68,0,12,29,1,8,0,183,0,0,0,0,0,0.014,0.05,0.052,0.117,0.119,0.176,0.174,0.162,0.13,0.133,0.178,0.204
020_AAAF,CRGRO048,39,39,2020-06-18T00:00:00Z,24,260,68,0,12,29,1,8,0,183,0,0,0,0,0,0.014,0.049,0.051,0.116,0.118,0.176,0.174,0.162,0.13,0.133,0.178,0.204
020_AAAF,CRGRO048,39,39,2020-06-19T00:00:00Z,25,260,68,0,12,30,1,8,0,183,0,0,0,0,0,0.03,0.048,0.051,0.115,0.117,0.176,0.174,0.162,0.13,0.133,0.178,0.204
020_AAAF,CRGRO048,39,39,2020-06-20T00:00:00Z,26,259,67,0,12,30,1,8,0,183,0,0,0,0,0,0.02,0.047,0.05,0.113,0.116,0.175,0.174,0.162,0.13,0.133,0.178,0.204
020_AAAF,CRGRO048,39,39,2020-06-21T00:00:00Z,27,258,66,0,12,30,1,8,0,183,0,0,0,0,0,0.014,0.046,0.049,0.112,0.114,0.175,0.174,0.163,0.13,0.134,0.178,0.204
020_AAAF,CRGRO048,39,39,2020-06-22T00:00:00Z,28,257,66,0,12,30,1,8,0,183,0,0,0,0,0,0.014,0.045,0.049,0.11,0.113,0.175,0.173,0.163,0.13,0.134,0.178,0.204
020_AAAF,CRGRO048,39,39,2020-06-23T00:00:00Z,29,257,65,0,12,30,1,8,0,183,0,0,0,0,0,0.014,0.044,0.048,0.109,0.112,0.174,0.173,0.163,0.13,0.134,0.178,0.203
020_AAAF,CRGRO048,39,39,2020-06-24T00:00:00Z,30,256,64,0,12,30,1,8,0,183,0,0,0,0,0,0.014,0.044,0.047,0.107,0.11,0.173,0.173,0.163,0.13,0.134,0.178,0.203
020_AAAF,CRGRO048,39,39,2020-06-25T00:00:00Z,31,256,64,0,12,30,1,8,0,183,0,0,0,0,0,0.014,0.043,0.047,0.106,0.109,0.173,0.173,0.163,0.131,0.134,0.178,0.203
020_AAAF,CRGRO048,39,39,2020-06-26T00:00:00Z,32,255,63,0,12,30,1,8,0,183,0,0,0,0,0,0.014,0.042,0.046,0.105,0.108,0.172,0.172,0.163,0.131,0.134,0.178,0.203
020_AAAF,CRGRO048,39,39,2020-06-27T00:00:00Z,33,255,63,0,12,30,1,8,0,183,0,0,0,0,0,0.024,0.041,0.045,0.104,0.107,0.171,0.171,0.163,0.131,0.135,0.178,0.203
020_AAAF,CRGRO048,39,39,2020-06-28T00:00:00Z,34,254,62,0,12,30,1,8,0,183,0,0,0,0,0,0.014,0.04,0.044,0.103,0.105,0.17,0.171,0.163,0.131,0.135,0.178,0.203
020_AAAF,CRGRO048,39,39,2020-06-29T00:00:00Z,35,253,61,0,12,30,1,8,0,183,0,0,0,0,0,0.014,0.04,0.044,0.102,0.104,0.168,0.17,0.163,0.131,0.135,0.178,0.203
020_AAAF,CRGRO048,39,39,2020-06-30T00:00:00Z,36,266,74,0,12,44,1,8,0,183,0,0,0,0,0,0.161,0.072,0.057,0.11,0.103,0.167,0.169,0.163,0.131,0.135,0.178,0.203
020_AAAF,CRGRO048,39,39,2020-07-01T00:00:00Z,37,261,69,0,12,44,1,8,0,183,0,0,0,0,0,0.013,0.056,0.053,0.118,0.119,0.173,0.174,0.165,0.131,0.135,0.178,0.203
020_AAAF,CRGRO048,39,39,2020-07-02T00:00:00Z,38,260,68,0,12,44,1,8,0,183,0,0,0,0,0,0.014,0.054,0.052,0.114,0.115,0.173,0.173,0.165,0.131,0.135,0.178,0.203
020_AAAF,CRGRO048,39,39,2020-07-03T00:00:00Z,39,258,67,0,12,44,1,8,0,183,0,0,0,0,0,0.014,0.051,0.05,0.111,0.112,0.171,0.172,0.165,0.132,0.135,0.178,0.202
020_AAAF,CRGRO048,39,39,2020-07-04T00:00:00Z,40,257,65,0,12,44,1,8,0,183,0,0,0,0,0,0.014,0.049,0.049,0.107,0.108,0.169,0.17,0.165,0.132,0.136,0.178,0.202
020_AAAF,CRGRO048,39,39,2020-07-05T00:00:00Z,41,260,68,0,12,49,1,8,0,183,0,0,0,0,0,0.079,0.056,0.052,0.105,0.106,0.168,0.169,0.165,0.132,0.136,0.178,0.202
020_AAAF,CRGRO048,39,39,2020-07-06T00:00:00Z,42,301,110,11,12,103,1,8,0,183,0.01,0,0,10.71,0,0.122,0.151,0.131,0.184,0.149,0.188,0.179,0.169,0.132,0.136,0.178,0.202
020_AAAF,CRGRO048,39,39,2020-07-07T00:00:00Z,43,307,115,11,12,112,1,8,0,183,0.01,0,0,0,0,0.12,0.116,0.109,0.195,0.172,0.209,0.195,0.184,0.132,0.136,0.178,0.202
020_AAAF,CRGRO048,39,39,2020-07-08T00:00:00Z,44,303,111,11,12,112,1,8,0,183,0.01,0,0,0,0,0.027,0.076,0.073,0.147,0.138,0.187,0.182,0.196,0.216,0.181,0.178,0.202
020_AAAF,CRGRO048,39,39,2020-07-09T00:00:00Z,45,303,111,11,12,114,1,8,0,183,0.01,0,0,0,0,0.049,0.06,0.062,0.139,0.136,0.189,0.185,0.199,0.206,0.196,0.18,0.202
020_AAAF,CRGRO048,39,39,2020-07-10T00:00:00Z,46,298,106,11,13,114,1,8,0,183,0.01,0,0,0,0,0.013,0.053,0.053,0.121,0.12,0.178,0.176,0.197,0.199,0.196,0.205,0.205
020_AAAF,CRGRO048,39,39,2020-07-11T00:00:00Z,47,294,102,11,13,114,1,8,0,183,0.01,0,0,0,0,0.014,0.05,0.051,0.111,0.112,0.172,0.174,0.196,0.196,0.196,0.205,0.205
020_AAAF,CRGRO048,39,39,2020-07-12T00:00:00Z,48,291,99,11,13,114,1,8,0,183,0.01,0,0,0,0,0.014,0.047,0.048,0.105,0.106,0.169,0.171,0.194,0.195,0.196,0.205,0.205
020_AAAF,CRGRO048,39,39,2020-07-13T00:00:00Z,49,288,96,11,13,114,1,8,0,183,0.01,0,0,0,0,0.014,0.045,0.046,0.102,0.103,0.166,0.168,0.193,0.194,0.196,0.205,0.205
020_AAAF,CRGRO048,39,39,2020-07-14T00:00:00Z,50,286,94,11,13,114,1,8,0,183,0.01,0,0,0,0,0.014,0.043,0.044,0.099,0.1,0.163,0.165,0.191,0.193,0.196,0.205,0.205
020_AAAF,CRGRO048,39,39,2020-07-15T00:00:00Z,51,283,91,11,13,114,1,8,0,183,0.01,0,0,0,0,0.014,0.041,0.042,0.097,0.098,0.161,0.163,0.189,0.191,0.195,0.205,0.205
020_AAAF,CRGRO048,39,39,2020-07-16T00:00:00Z,52,281,89,11,13,114,1,8,0,183,0.01,0,0,0,0,0.014,0.039,0.041,0.095,0.096,0.159,0.16,0.187,0.19,0.195,0.205,0.205
020_AAAF,CRGRO048,39,39,2020-07-17T00:00:00Z,53,279,87,11,13,114,1,8,0,183,0.01,0,0,0,0,0.014,0.038,0.039,0.093,0.094,0.157,0.159,0.185,0.188,0.194,0.205,0.205
020_AAAF,CRGRO048,39,39,2020-07-18T00:00:00Z,54,277,85,11,13,114,1,8,0,183,0.01,0,0,0,0,0.014,0.037,0.038,0.091,0.092,0.155,0.157,0.184,0.186,0.192,0.205,0.205
020_AAAF,CRGRO048,39,39,2020-07-19T00:00:00Z,55,275,83,11,13,114,1,8,0,183,0.01,0,0,0,0,0.014,0.035,0.037,0.09,0.091,0.153,0.155,0.182,0.184,0.191,0.205,0.205
020_AAAF,CRGRO048,39,39,2020-07-20T00:00:00Z,56,289,97,11,13,114,2,23,0,183,0.01,0,0,0,0,0.167,0.077,0.056,0.097,0.089,0.152,0.153,0.181,0.182,0.189,0.205,0.205
020_AAAF,CRGRO048,39,39,2020-07-21T00:00:00Z,57,283,91,11,13,114,2,23,0,183,0.01,0,0,0,0,0.04,0.048,0.052,0.118,0.113,0.151,0.153,0.18,0.182,0.188,0.205,0.205
020_AAAF,CRGRO048,39,39,2020-07-22T00:00:00Z,58,281,89,11,13,117,2,23,0,183,0.02,0,0,0,0,0.046,0.054,0.052,0.106,0.106,0.151,0.152,0.179,0.181,0.187,0.205,0.205
020_AAAF,CRGRO048,39,39,2020-07-23T00:00:00Z,59,280,88,11,13,120,2,23,0,183,0.02,0,0,0,0,0.04,0.053,0.051,0.105,0.102,0.15,0.152,0.178,0.18,0.187,0.205,0.205
020_AAAF,CRGRO048,39,39,2020-07-24T00:00:00Z,60,275,83,11,13,120,2,23,0,183,0.03,0,0,0,0,0.02,0.046,0.046,0.099,0.097,0.149,0.15,0.177,0.179,0.185,0.205,0.205
020_AAAF,CRGRO048,39,39,2020-07-25T00:00:00Z,61,272,80,11,13,120,2,23,0,183,0.03,0,0,0,0,0.014,0.042,0.042,0.095,0.094,0.148,0.149,0.176,0.178,0.184,0.205,0.205
020_AAAF,CRGRO048,39,39,2020-07-26T00:00:00Z,62,270,78,11,13,120,2,23,0,183,0.03,0,0,0,0,0.014,0.039,0.04,0.092,0.092,0.147,0.148,0.175,0.176,0.182,0.205,0.205
020_AAAF,CRGRO048,39,39,2020-07-27T00:00:00Z,63,283,92,11,13,120,3,39,0,183,0.03,0,0,0,0,0.167,0.078,0.057,0.102,0.089,0.146,0.147,0.174,0.175,0.181,0.205,0.205
020_AAAF,CRGRO048,39,39,2020-07-28T00:00:00Z,64,279,87,11,13,120,3,39,0,183,0.03,0,0,0,0,0.06,0.048,0.05,0.117,0.119,0.148,0.147,0.173,0.175,0.18,0.205,0.205
020_AAAF,CRGRO048,39,39,2020-07-29T00:00:00Z,65,282,90,11,13,126,3,39,0,183,0.04,0,0,0,0,0.094,0.064,0.055,0.116,0.115,0.148,0.146,0.173,0.174,0.18,0.205,0.205
020_AAAF,CRGRO048,39,39,2020-07-30T00:00:00Z,66,280,88,11,13,127,3,39,0,183,0.04,0,0,0,0,0.057,0.058,0.056,0.118,0.116,0.148,0.146,0.173,0.174,0.18,0.205,0.205
020_AAAF,CRGRO048,39,39,2020-07-31T00:00:00Z,67,276,84,11,13,127,3,39,0,183,0.04,0,0,0,0,0.028,0.051,0.051,0.111,0.112,0.15,0.146,0.173,0.174,0.18,0.205,0.205
020_AAAF,CRGRO048,39,39,2020-08-01T00:00:00Z,68,271,79,11,13,127,3,39,0,183,0.04,0,0,0,0,0.014,0.045,0.046,0.099,0.099,0.149,0.146,0.172,0.173,0.179,0.204,0.205
020_AAAF,CRGRO048,39,39,2020-08-02T00:00:00Z,69,268,76,11,13,127,3,39,0,183,0.04,0,0,0,0,0.014,0.041,0.042,0.094,0.094,0.148,0.145,0.171,0.172,0.177,0.204,0.205
020_AAAF,CRGRO048,39,39,2020-08-03T00:00:00Z,70,265,73,11,13,127,3,39,0,183,0.04,0,0,0,0,0.014,0.038,0.039,0.091,0.091,0.146,0.144,0.17,0.171,0.176,0.204,0.205
020_AAAF,CRGRO048,39,39,2020-08-04T00:00:00Z,71,280,88,11,13,128,4,55,0,183,0.06,0,0,0,0,0.167,0.082,0.058,0.104,0.089,0.145,0.143,0.169,0.17,0.175,0.204,0.205
020_AAAF,CRGRO048,39,39,2020-08-05T00:00:00Z,72,275,83,11,13,128,4,55,0,183,0.06,0,0,0,0,0.065,0.047,0.048,0.116,0.119,0.151,0.142,0.168,0.17,0.174,0.204,0.205
020_AAAF,CRGRO048,39,39,2020-08-06T00:00:00Z,73,275,83,11,13,131,4,55,0,183,0.06,0,0,0,0,0.067,0.058,0.053,0.107,0.106,0.15,0.142,0.168,0.169,0.174,0.204,0.205
020_AAAF,CRGRO048,39,39,2020-08-07T00:00:00Z,74,271,79,11,13,132,4,55,0,183,0.06,0,0,0,0,0.037,0.049,0.05,0.106,0.102,0.15,0.142,0.168,0.169,0.174,0.204,0.205
020_AAAF,CRGRO048,39,39,2020-08-08T00:00:00Z,75,267,75,11,13,132,4,55,0,183,0.06,0,0,0,0,0.02,0.045,0.046,0.099,0.097,0.149,0.142,0.167,0.168,0.173,0.204,0.205
020_AAAF,CRGRO048,39,39,2020-08-09T00:00:00Z,76,269,77,11,13,137,4,55,0,183,0.08,0,0,0,0,0.08,0.053,0.046,0.093,0.093,0.147,0.141,0.167,0.167,0.172,0.204,0.205
020_AAAF,CRGRO048,39,39,2020-08-10T00:00:00Z,77,277,85,11,13,147,4,55,0,183,0.08,0,0,0,0,0.14,0.073,0.058,0.108,0.091,0.146,0.141,0.166,0.167,0.172,0.204,0.205
020_AAAF,CRGRO048,39,39,2020-08-11T00:00:00Z,78,272,80,11,13,147,4,55,0,183,0.08,0,0,0,0,0.063,0.045,0.049,0.114,0.118,0.146,0.141,0.166,0.167,0.172,0.203,0.205
020_AAAF,CRGRO048,39,39,2020-08-12T00:00:00Z,79,279,87,11,13,157,4,55,0,183,0.09,0,0,0,0,0.132,0.071,0.057,0.115,0.109,0.149,0.14,0.166,0.167,0.172,0.203,0.205
020_AAAF,CRGRO048,39,39,2020-08-13T00:00:00Z,80,275,83,11,13,157,4,55,0,183,0.09,0,0,0,0,0.07,0.057,0.057,0.117,0.114,0.148,0.14,0.166,0.166,0.171,0.203,0.205
020_AAAF,CRGRO048,39,39,2020-08-14T00:00:00Z,81,278,87,11,13,165,4,55,0,183,0.09,0,0,0,0,0.111,0.069,0.058,0.117,0.115,0.151,0.14,0.165,0.166,0.171,0.203,0.205
020_AAAF,CRGRO048,39,39,2020-08-15T00:00:00Z,82,274,82,11,13,165,4,55,0,183,0.08,0,0,0,0,0.056,0.048,0.051,0.111,0.113,0.172,0.14,0.165,0.166,0.171,0.203,0.205
020_AAAF,CRGRO048,39,39,2020-08-16T00:00:00Z,83,270,78,11,13,165,4,55,0,183,0.08,0,0,0,0,0.037,0.046,0.047,0.103,0.103,0.166,0.14,0.165,0.166,0.171,0.203,0.205
020_AAAF,CRGRO048,39,39,2020-08-17T00:00:00Z,84,265,73,11,13,165,4,55,0,183,0.08,0,0,0,0,0.02,0.041,0.042,0.095,0.096,0.159,0.14,0.164,0.165,0.17,0.203,0.205
020_AAAF,CRGRO048,39,39,2020-08-18T00:00:00Z,85,299,107,13,13,204,4,55,0,183,0.1,0,0,2.42,0,0.161,0.149,0.095,0.146,0.123,0.165,0.139,0.164,0.164,0.169,0.203,0.205
020_AAAF,CRGRO048,39,39,2020-08-19T00:00:00Z,86,294,102,13,13,204,4,55,0,183,0.09,0,0,0,0,0.078,0.084,0.063,0.123,0.113,0.173,0.174,0.196,0.164,0.169,0.203,0.205
020_AAAF,CRGRO048,39,39,2020-08-20T00:00:00Z,87,292,100,13,13,206,4,55,0,183,0.1,0,0,0,0,0.063,0.065,0.06,0.124,0.12,0.174,0.174,0.195,0.164,0.169,0.203,0.205
020_AAAF,CRGRO048,39,39,2020-08-21T00:00:00Z,88,290,98,13,13,206,4,55,0,183,0.1,0,0,0,0,0.052,0.056,0.056,0.122,0.119,0.175,0.174,0.195,0.165,0.169,0.202,0.205
020_AAAF,CRGRO048,39,39,2020-08-22T00:00:00Z,89,289,97,13,13,207,4,55,0,183,0.1,0,0,0,0,0.055,0.055,0.055,0.12,0.118,0.175,0.175,0.194,0.165,0.17,0.202,0.205
020_AAAF,CRGRO048,39,39,2020-08-23T00:00:00Z,90,288,96,13,13,208,4,55,0,183,0.11,0,0,0,0,0.055,0.055,0.054,0.117,0.118,0.173,0.174,0.193,0.165,0.17,0.202,0.205
020_AAAF,CRGRO048,39,39,2020-08-24T00:00:00Z,91,315,123,14,13,237,4,55,0,183,0.11,0,0,0.39,0,0.162,0.144,0.089,0.149,0.134,0.182,0.178,0.196,0.165,0.17,0.202,0.205
020_AAAF,CRGRO048,39,39,2020-08-25T00:00:00Z,92,330,138,14,13,256,4,55,0,183,0.12,0,0,0.16,0,0.152,0.147,0.11,0.182,0.157,0.199,0.188,0.2,0.178,0.17,0.202,0.205
020_AAAF,CRGRO048,39,39,2020-08-26T00:00:00Z,93,327,135,14,13,256,4,55,0,183,0.12,0,0,0,0,0.087,0.097,0.091,0.178,0.164,0.209,0.198,0.203,0.197,0.175,0.202,0.205
020_AAAF,CRGRO048,39,39,2020-08-27T00:00:00Z,94,319,127,14,17,256,4,55,0,183,0.11,0,0,0,0,0.05,0.065,0.063,0.137,0.132,0.185,0.181,0.198,0.277,0.194,0.205,0.205
020_AAAF,CRGRO048,39,39,2020-08-28T00:00:00Z,95,307,115,14,24,256,4,55,0,183,0.1,0,0,0,0,0.037,0.053,0.053,0.121,0.118,0.176,0.174,0.196,0.261,0.193,0.205,0.205
020_AAAF,CRGRO048,39,39,2020-08-29T00:00:00Z,96,298,106,14,30,256,4,55,0,183,0.09,0,0,0,0,0.028,0.051,0.052,0.115,0.113,0.173,0.172,0.195,0.22,0.193,0.205,0.205
020_AAAF,CRGRO048,39,39,2020-08-30T00:00:00Z,97,331,139,16,30,295,4,55,0,183,0.13,0,0,2.23,0,0.159,0.15,0.103,0.159,0.137,0.183,0.178,0.197,0.203,0.198,0.207,0.206
020_AAAF,CRGRO048,39,39,2020-08-31T00:00:00Z,98,330,138,16,31,298,4,55,0,183,0.13,0,0,0,0,0.118,0.106,0.092,0.17,0.153,0.197,0.187,0.2,0.202,0.2,0.209,0.208
020_AAAF,CRGRO048,39,39,2020-09-01T00:00:00Z,99,319,127,16,38,298,4,55,0,183,0.12,0,0,0,0,0.064,0.069,0.063,0.134,0.127,0.181,0.177,0.196,0.269,0.2,0.209,0.208
020_AAAF,CRGRO048,39,39,2020-09-02T00:00:00Z,100,307,116,16,46,298,4,55,0,183,0.11,0,0,0,0,0.044,0.054,0.053,0.12,0.117,0.174,0.175,0.195,0.248,0.199,0.209,0.208
020_AAAF,CRGRO048,39,39,2020-09-03T00:00:00Z,101,297,105,16,51,298,4,55,0,183,0.1,0,0,0,0,0.03,0.051,0.051,0.111,0.11,0.171,0.171,0.193,0.214,0.195,0.206,0.208
020_AAAF,CRGRO048,39,39,2020-09-04T00:00:00Z,102,290,99,16,53,298,4,55,0,183,0.09,0,0,0,0,0.017,0.048,0.049,0.105,0.105,0.167,0.168,0.191,0.2,0.192,0.206,0.208
020_AAAF,CRGRO048,39,39,2020-09-05T00:00:00Z,103,285,94,16,53,298,4,55,0,183,0.08,0,0,0,0,0.014,0.045,0.046,0.1,0.101,0.163,0.164,0.188,0.193,0.191,0.206,0.208
020_AAAF,CRGRO048,39,39,2020-09-06T00:00:00Z,104,283,91,16,53,298,4,55,0,183,0.08,0,0,0,0,0.014,0.043,0.044,0.098,0.098,0.161,0.161,0.186,0.19,0.189,0.206,0.208
020_AAAF,CRGRO048,39,39,2020-09-07T00:00:00Z,105,279,87,16,53,298,4,55,0,183,0.07,0,0,0,0,0.014,0.041,0.042,0.095,0.095,0.158,0.158,0.184,0.186,0.186,0.206,0.208
020_AAAF,CRGRO048,39,39,2020-09-08T00:00:00Z,106,276,84,16,53,298,4,55,0,183,0.06,0,0,0,0,0.014,0.039,0.04,0.092,0.093,0.155,0.156,0.181,0.183,0.183,0.206,0.208
020_AAAF,CRGRO048,39,39,2020-09-09T00:00:00Z,107,284,92,16,53,309,4,55,0,183,0.15,0,0,0,0,0.133,0.065,0.051,0.091,0.091,0.154,0.154,0.18,0.181,0.182,0.206,0.208
020_AAAF,CRGRO048,39,39,2020-09-10T00:00:00Z,108,293,101,16,53,319,4,55,0,183,0.14,0,0,0,0,0.156,0.085,0.067,0.122,0.095,0.153,0.154,0.179,0.18,0.181,0.206,0.208
020_AAAF,CRGRO048,39,39,2020-09-11T00:00:00Z,109,292,100,16,53,321,4,55,0,183,0.15,0,0,0,0,0.11,0.076,0.065,0.13,0.117,0.153,0.154,0.179,0.18,0.181,0.206,0.208
020_AAAF,CRGRO048,39,39,2020-09-12T00:00:00Z,110,289,97,16,53,322,4,55,0,183,0.15,0,0,0,0,0.07,0.063,0.059,0.127,0.121,0.162,0.153,0.179,0.179,0.181,0.206,0.208
020_AAAF,CRGRO048,39,39,2020-09-13T00:00:00Z,111,287,96,16,53,322,4,55,0,183,0.16,0,0,0,0,0.057,0.057,0.056,0.122,0.119,0.169,0.153,0.178,0.179,0.181,0.206,0.208
020_AAAF,CRGRO048,39,39,2020-09-14T00:00:00Z,112,285,94,16,53,323,4,55,0,183,0.16,0,0,0,0,0.053,0.054,0.054,0.116,0.115,0.17,0.153,0.178,0.179,0.18,0.206,0.208
020_AAAF,CRGRO048,39,39,2020-09-15T00:00:00Z,113,286,95,16,53,325,4,55,0,183,0.17,0,0,0,0,0.072,0.058,0.054,0.118,0.112,0.169,0.153,0.178,0.179,0.18,0.206,0.208
020_AAAF,CRGRO048,39,39,2020-09-16T00:00:00Z,114,296,104,16,53,335,4,55,0,183,0.17,0,0,0,0,0.15,0.078,0.063,0.127,0.121,0.171,0.153,0.178,0.178,0.18,0.206,0.208
020_AAAF,CRGRO048,39,39,2020-09-17T00:00:00Z,115,300,108,16,53,342,4,55,0,183,0.15,0,0,0,0,0.149,0.083,0.068,0.134,0.125,0.178,0.16,0.178,0.178,0.18,0.206,0.208
020_AAAF,CRGRO048,39,39,2020-09-18T00:00:00Z,116,298,106,16,53,342,4,55,0,183,0.14,0,0,0,0,0.087,0.063,0.057,0.123,0.12,0.174,0.174,0.196,0.182,0.18,0.206,0.208
020_AAAF,CRGRO048,39,39,2020-09-19T00:00:00Z,117,296,105,16,53,342,4,55,0,183,0.13,0,0,0,0,0.06,0.055,0.053,0.117,0.117,0.173,0.173,0.195,0.194,0.182,0.205,0.208
020_AAAF,CRGRO048,39,39,2020-09-20T00:00:00Z,118,295,103,16,53,342,4,55,0,183,0.11,0,0,0,0,0.05,0.054,0.053,0.116,0.114,0.172,0.172,0.195,0.193,0.182,0.205,0.208
020_AAAF,CRGRO048,39,39,2020-09-21T00:00:00Z,119,291,100,16,53,342,4,55,0,183,0.1,0,0,0,0,0.04,0.052,0.051,0.111,0.11,0.17,0.17,0.193,0.192,0.182,0.205,0.208
020_AAAF,CRGRO048,39,39,2020-09-22T00:00:00Z,120,288,96,16,53,342,4,55,0,183,0.09,0,0,0,0,0.03,0.049,0.049,0.106,0.106,0.167,0.167,0.191,0.19,0.182,0.205,0.208
020_AAAF,CRGRO048,39,39,2020-09-23T00:00:00Z,121,286,94,16,53,342,4,55,0,183,0.08,0,0,0,0,0.024,0.048,0.048,0.104,0.104,0.165,0.166,0.19,0.188,0.181,0.205,0.208
020_AAAF,CRGRO048,39,39,2020-09-24T00:00:00Z,122,283,91,16,53,342,4,55,0,183,0.07,0,0,0,0,0.017,0.046,0.046,0.101,0.101,0.163,0.163,0.188,0.187,0.181,0.205,0.208
020_AAAF,CRGRO048,39,39,2020-09-25T00:00:00Z,123,283,91,16,53,345,4,55,0,183,0.17,0,0,0,0,0.06,0.049,0.044,0.098,0.098,0.16,0.161,0.186,0.184,0.18,0.205,0.208
020_AAAF,CRGRO048,39,39,2020-09-26T00:00:00Z,124,279,88,16,53,345,4,55,0,183,0.16,0,0,0,0,0.042,0.048,0.042,0.096,0.096,0.158,0.159,0.184,0.182,0.179,0.205,0.208
020_AAAF,CRGRO048,39,39,2020-09-27T00:00:00Z,125,279,87,16,53,346,4,55,0,183,0.19,0,0,0,0,0.052,0.048,0.042,0.095,0.095,0.157,0.158,0.183,0.182,0.179,0.205,0.208
020_AAAF,CRGRO048,39,39,2020-09-28T00:00:00Z,126,280,88,16,53,349,4,55,0,183,0.17,0,0,0,0,0.07,0.054,0.044,0.094,0.094,0.156,0.156,0.182,0.18,0.178,0.205,0.208
020_AAAF,CRGRO048,39,39,2020-09-29T00:00:00Z,127,299,107,16,53,369,4,55,0,183,0.19,0,0,0,0,0.158,0.114,0.074,0.128,0.106,0.155,0.156,0.181,0.18,0.177,0.205,0.208
020_AAAF,CRGRO048,39,39,2020-09-30T00:00:00Z,128,295,103,16,53,369,4,55,0,183,0.16,0,0,0,0,0.082,0.071,0.055,0.116,0.118,0.174,0.174,0.192,0.179,0.177,0.205,0.208
020_AAAF,CRGRO048,39,39,2020-10-01T00:00:00Z,129,292,100,16,53,369,4,55,0,183,0.15,0,0,0,0,0.051,0.053,0.053,0.115,0.114,0.172,0.172,0.195,0.181,0.177,0.204,0.208
020_AAAF,CRGRO048,39,39,2020-10-02T00:00:00Z,130,289,97,16,53,369,4,55,0,183,0.13,0,0,0,0,0.042,0.051,0.051,0.11,0.11,0.17,0.17,0.193,0.18,0.177,0.204,0.208
020_AAAF,CRGRO048,39,39,2020-10-03T00:00:00Z,131,287,95,16,53,369,4,55,0,183,0.11,0,0,0,0,0.036,0.05,0.05,0.107,0.107,0.168,0.168,0.192,0.18,0.177,0.204,0.208
020_AAAF,CRGRO048,39,39,2020-10-04T00:00:00Z,132,284,92,16,53,369,4,55,0,183,0.1,0,0,0,0,0.028,0.048,0.048,0.104,0.104,0.165,0.166,0.19,0.179,0.177,0.204,0.208
020_AAAF,CRGRO048,39,39,2020-10-05T00:00:00Z,133,281,90,16,53,369,4,55,0,183,0.09,0,0,0,0,0.021,0.046,0.046,0.102,0.102,0.163,0.164,0.188,0.178,0.176,0.204,0.208
020_AAAF,CRGRO048,39,39,2020-10-06T00:00:00Z,134,279,87,16,53,369,4,55,0,183,0.08,0,0,0,0,0.016,0.044,0.045,0.1,0.1,0.162,0.162,0.187,0.178,0.176,0.204,0.208
020_AAAF,CRGRO048,39,39,2020-10-07T00:00:00Z,135,275,83,16,53,369,4,55,0,183,0.07,0,0,0,0,0.014,0.041,0.042,0.096,0.096,0.158,0.158,0.184,0.176,0.175,0.204,0.208
020_AAAF,CRGRO048,39,39,2020-10-08T00:00:00Z,136,272,80,16,53,369,4,55,0,183,0.06,0,0,0,0,0.014,0.038,0.039,0.092,0.092,0.154,0.155,0.18,0.174,0.174,0.204,0.208
020_AAAF,CRGRO048,39,39,2020-10-09T00:00:00Z,137,269,77,16,53,369,4,55,0,183,0.05,0,0,0,0,0.014,0.036,0.037,0.09,0.09,0.152,0.153,0.178,0.173,0.173,0.204,0.208
020_AAAF,CRGRO048,39,39,2020-10-10T00:00:00Z,138,293,101,16,53,380,5,71,0,183,0.19,0,0,0,0,0.167,0.12,0.073,0.124,0.098,0.15,0.15,0.176,0.172,0.172,0.204,0.208
020_AAAF,CRGRO048,39,39,2020-10-11T00:00:00Z,139,290,98,16,53,380,5,71,0,183,0.18,0,0,0,0,0.093,0.085,0.069,0.134,0.123,0.156,0.15,0.176,0.171,0.172,0.204,0.208
020_AAAF,CRGRO048,39,39,2020-10-12T00:00:00Z,140,287,95,16,53,380,5,71,0,183,0.15,0,0,0,0,0.061,0.062,0.055,0.121,0.117,0.174,0.174,0.177,0.171,0.172,0.203,0.208
020_AAAF,CRGRO048,39,39,2020-10-13T00:00:00Z,141,283,91,16,53,380,5,71,0,183,0.13,0,0,0,0,0.041,0.051,0.053,0.112,0.113,0.171,0.171,0.178,0.171,0.172,0.203,0.208
020_AAAF,CRGRO048,39,39,2020-10-14T00:00:00Z,142,280,88,16,53,380,5,71,0,183,0.12,0,0,0,0,0.031,0.049,0.05,0.106,0.107,0.168,0.168,0.178,0.171,0.172,0.203,0.208
020_AAAF,CRGRO048,39,39,2020-10-15T00:00:00Z,143,276,84,16,53,380,5,71,0,183,0.1,0,0,0,0,0.02,0.046,0.047,0.102,0.102,0.164,0.164,0.177,0.17,0.171,0.203,0.208
020_AAAF,CRGRO048,39,39,2020-10-16T00:00:00Z,144,272,80,16,53,380,5,71,0,183,0.09,0,0,0,0,0.014,0.042,0.043,0.096,0.096,0.159,0.159,0.175,0.169,0.171,0.203,0.208
020_AAAF,CRGRO048,40,40,2020-05-25T00:00:00Z,0,256,64,0,0,0,0,0,0,174,0,0,0,0,0,0.086,0.086,0.086,0.086,0.086,0.118,0.118,0.135,0.129,0.129,0.178,0.258
020_AAAF,CRGRO048,40,40,2020-05-26T00:00:00Z,1,257,65,0,7,3,1,8,0,179,0,0,0,0,0,0.126,0.093,0.082,0.132,0.104,0.118,0.118,0.135,0.129,0.129,0.178,0.228
020_AAAF,CRGRO048,40,40,2020-05-27T00:00:00Z,2,252,60,0,10,4,1,8,0,181,0,0,0,0,0,0.035,0.078,0.074,0.143,0.126,0.129,0.118,0.135,0.129,0.129,0.178,0.214
020_AAAF,CRGRO048,40,40,2020-05-28T00:00:00Z,3,249,57,0,12,4,1,8,0,182,0,0,0,0,0,0.014,0.062,0.062,0.129,0.121,0.174,0.118,0.135,0.129,0.13,0.178,0.209
020_AAAF,CRGRO048,40,40,2020-05-29T00:00:00Z,4,249,57,0,12,4,1,8,0,183,0,0,0,0,0,0.014,0.056,0.056,0.123,0.121,0.173,0.133,0.135,0.129,0.13,0.178,0.206
020_AAAF,CRGRO048,40,40,2020-05-30T00:00:00Z,5,249,57,0,12,4,1,8,0,183,0,0,0,0,0,0.014,0.054,0.054,0.121,0.121,0.174,0.139,0.135,0.129,0.13,0.178,0.206
020_AAAF,CRGRO048,40,40,2020-05-31T00:00:00Z,6,249,57,0,12,4,1,8,0,183,0,0,0,0,0,0.014,0.053,0.054,0.121,0.121,0.173,0.139,0.135,0.129,0.13,0.178,0.206
020_AAAF,CRGRO048,40,40,2020-06-01T00:00:00Z,7,249,57,0,12,4,1,8,0,183,0,0,0,0,0,0.014,0.053,0.054,0.121,0.121,0.173,0.139,0.135,0.129,0.13,0.178,0.206
020_AAAF,CRGRO048,40,40,2020-06-02T00:00:00Z,8,248,57,0,12,4,1,8,0,183,0,0,0,0,0,0.014,0.052,0.054,0.121,0.121,0.172,0.139,0.135,0.129,0.13,0.178,0.206
020_AAAF,CRGRO048,40,40,2020-06-03T00:00:00Z,9,248,57,0,12,4,1,8,0,183,0,0,0,0,0,0.014,0.052,0.054,0.121,0.121,0.172,0.14,0.135,0.129,0.131,0.178,0.206
020_AAAF,CRGRO048,40,40,2020-06-04T00:00:00Z,10,248,56,0,12,4,1,8,0,183,0,0,0,0,0,0.014,0.051,0.054,0.121,0.121,0.172,0.14,0.135,0.129,0.131,0.178,0.206
020_AAAF,CRGRO048,40,40,2020-06-05T00:00:00Z,11,248,56,0,12,4,1,8,0,183,0,0,0,0,0,0.014,0.05,0.054,0.121,0.121,0.171,0.14,0.135,0.129,0.131,0.178,0.205
020_AAAF,CRGRO048,40,40,2020-06-06T00:00:00Z,12,249,57,0,12,4,1,8,0,183,0,0,0,0,0,0.024,0.05,0.054,0.121,0.121,0.171,0.14,0.135,0.129,0.131,0.178,0.205
020_AAAF,CRGRO048,40,40,2020-06-07T00:00:00Z,13,258,67,0,12,15,1,8,0,183,0,0,0,0,0,0.125,0.07,0.06,0.127,0.124,0.175,0.143,0.135,0.129,0.131,0.178,0.205
020_AAAF,CRGRO048,40,40,2020-06-08T00:00:00Z,14,257,65,0,12,17,1,8,0,183,0,0,0,0,0,0.023,0.073,0.064,0.132,0.128,0.179,0.151,0.135,0.129,0.131,0.178,0.205
020_AAAF,CRGRO048,40,40,2020-06-09T00:00:00Z,15,264,73,0,12,25,1,8,0,183,0,0,0,0,0,0.108,0.075,0.066,0.136,0.132,0.183,0.164,0.135,0.129,0.132,0.178,0.205
020_AAAF,CRGRO048,40,40,2020-06-10T00:00:00Z,16,261,70,0,12,26,1,8,0,183,0,0,0,0,0,0.013,0.069,0.064,0.136,0.134,0.186,0.176,0.137,0.129,0.132,0.178,0.205
020_AAAF,CRGRO048,40,40,2020-06-11T00:00:00Z,17,264,72,0,12,28,1,8,0,183,0,0,0,0,0,0.057,0.058,0.06,0.132,0.132,0.186,0.181,0.143,0.129,0.132,0.178,0.205
020_AAAF,CRGRO048,40,40,2020-06-12T00:00:00Z,18,262,70,0,12,29,1,8,0,183,0,0,0,0,0,0.014,0.056,0.057,0.128,0.129,0.184,0.182,0.149,0.129,0.132,0.178,0.205
020_AAAF,CRGRO048,40,40,2020-06-13T00:00:00Z,19,261,69,0,12,29,1,8,0,183,0,0,0,0,0,0.014,0.055,0.054,0.121,0.123,0.178,0.177,0.159,0.129,0.132,0.178,0.205
020_AAAF,CRGRO048,40,40,2020-06-14T00:00:00Z,20,261,69,0,12,29,1,8,0,183,0,0,0,0,0,0.014,0.053,0.053,0.12,0.12,0.176,0.175,0.162,0.129,0.132,0.178,0.204
020_AAAF,CRGRO048,40,40,2020-06-15T00:00:00Z,21,261,69,0,12,29,1,8,0,183,0,0,0,0,0,0.014,0.052,0.053,0.119,0.12,0.176,0.175,0.162,0.129,0.133,0.178,0.204
020_AAAF,CRGRO048,40,40,2020-06-16T00:00:00Z,22,260,68,0,12,29,1,8,0,183,0,0,0,0,0,0.014,0.051,0.053,0.118,0.12,0.176,0.175,0.162,0.13,0.133,0.178,0.204
020_AAAF,CRGRO048,40,40,2020-06-17T00:00:00Z,23,260,68,0,12,29,1,8,0,183,0,0,0,0,0,0.014,0.05,0.052,0.117,0.119,0.176,0.174,0.162,0.13,0.133,0.178,0.204
020_AAAF,CRGRO048,40,40,2020-06-18T00:00:00Z,24,260,68,0,12,29,1,8,0,183,0,0,0,0,0,0.014,0.049,0.051,0.116,0.118,0.176,0.174,0.162,0.13,0.133,0.178,0.204
020_AAAF,CRGRO048,40,40,2020-06-19T00:00:00Z,25,260,68,0,12,30,1,8,0,183,0,0,0,0,0,0.03,0.048,0.051,0.115,0.117,0.176,0.174,0.162,0.13,0.133,0.178,0.204
020_AAAF,CRGRO048,40,40,2020-06-20T00:00:00Z,26,259,67,0,12,30,1,8,0,183,0,0,0,0,0,0.02,0.047,0.05,0.113,0.116,0.175,0.174,0.162,0.13,0.133,0.178,0.204
020_AAAF,CRGRO048,40,40,2020-06-21T00:00:00Z,27,258,66,0,12,30,1,8,0,183,0,0,0,0,0,0.014,0.046,0.049,0.112,0.114,0.175,0.174,0.163,0.13,0.134,0.178,0.204
020_AAAF,CRGRO048,40,40,2020-06-22T00:00:00Z,28,257,66,0,12,30,1,8,0,183,0,0,0,0,0,0.014,0.045,0.049,0.11,0.113,0.175,0.173,0.163,0.13,0.134,0.178,0.204
020_AAAF,CRGRO048,40,40,2020-06-23T00:00:00Z,29,257,65,0,12,30,1,8,0,183,0,0,0,0,0,0.014,0.044,0.048,0.109,0.112,0.174,0.173,0.163,0.13,0.134,0.178,0.203
020_AAAF,CRGRO048,40,40,2020-06-24T00:00:00Z,30,256,64,0,12,30,1,8,0,183,0,0,0,0,0,0.014,0.044,0.047,0.107,0.11,0.173,0.173,0.163,0.13,0.134,0.178,0.203
020_AAAF,CRGRO048,40,40,2020-06-25T00:00:00Z,31,256,64,0,12,30,1,8,0,183,0,0,0,0,0,0.014,0.043,0.047,0.106,0.109,0.173,0.173,0.163,0.131,0.134,0.178,0.203
020_AAAF,CRGRO048,40,40,2020-06-26T00:00:00Z,32,255,63,0,12,30,1,8,0,183,0,0,0,0,0,0.014,0.042,0.046,0.105,0.108,0.172,0.172,0.163,0.131,0.134,0.178,0.203
020_AAAF,CRGRO048,40,40,2020-06-27T00:00:00Z,33,255,63,0,12,30,1,8,0,183,0,0,0,0,0,0.024,0.041,0.045,0.104,0.107,0.171,0.171,0.163,0.131,0.135,0.178,0.203
020_AAAF,CRGRO048,40,40,2020-06-28T00:00:00Z,34,254,62,0,12,30,1,8,0,183,0,0,0,0,0,0.014,0.04,0.044,0.103,0.105,0.17,0.171,0.163,0.131,0.135,0.178,0.203
020_AAAF,CRGRO048,40,40,2020-06-29T00:00:00Z,35,253,61,0,12,30,1,8,0,183,0,0,0,0,0,0.014,0.04,0.044,0.102,0.104,0.168,0.17,0.163,0.131,0.135,0.178,0.203
020_AAAF,CRGRO048,40,40,2020-06-30T00:00:00Z,36,266,74,0,12,44,1,8,0,183,0,0,0,0,0,0.161,0.072,0.057,0.11,0.103,0.167,0.169,0.163,0.131,0.135,0.178,0.203
020_AAAF,CRGRO048,40,40,2020-07-01T00:00:00Z,37,261,69,0,12,44,1,8,0,183,0,0,0,0,0,0.013,0.056,0.053,0.118,0.119,0.173,0.174,0.165,0.131,0.135,0.178,0.203
020_AAAF,CRGRO048,40,40,2020-07-02T00:00:00Z,38,260,68,0,12,44,1,8,0,183,0,0,0,0,0,0.014,0.054,0.052,0.114,0.115,0.173,0.173,0.165,0.131,0.135,0.178,0.203
020_AAAF,CRGRO048,40,40,2020-07-03T00:00:00Z,39,258,67,0,12,44,1,8,0,183,0,0,0,0,0,0.014,0.051,0.05,0.111,0.112,0.171,0.172,0.165,0.132,0.135,0.178,0.202
020_AAAF,CRGRO048,40,40,2020-07-04T00:00:00Z,40,257,65,0,12,44,1,8,0,183,0,0,0,0,0,0.014,0.049,0.049,0.107,0.108,0.169,0.17,0.165,0.132,0.136,0.178,0.202
020_AAAF,CRGRO048,40,40,2020-07-05T00:00:00Z,41,260,68,0,12,49,1,8,0,183,0,0,0,0,0,0.079,0.056,0.052,0.105,0.106,0.168,0.169,0.165,0.132,0.136,0.178,0.202
020_AAAF,CRGRO048,40,40,2020-07-06T00:00:00Z,42,301,110,11,12,103,1,8,0,183,0.01,0,0,10.71,0,0.122,0.151,0.131,0.184,0.149,0.188,0.179,0.169,0.132,0.136,0.178,0.202
020_AAAF,CRGRO048,40,40,2020-07-07T00:00:00Z,43,307,115,11,12,112,1,8,0,183,0.01,0,0,0,0,0.12,0.116,0.109,0.195,0.172,0.209,0.195,0.184,0.132,0.136,0.178,0.202
020_AAAF,CRGRO048,40,40,2020-07-08T00:00:00Z,44,303,111,11,12,112,1,8,0,183,0.01,0,0,0,0,0.027,0.076,0.073,0.147,0.138,0.187,0.182,0.196,0.216,0.181,0.178,0.202
020_AAAF,CRGRO048,40,40,2020-07-09T00:00:00Z,45,303,111,11,12,114,1,8,0,183,0.01,0,0,0,0,0.049,0.06,0.062,0.139,0.136,0.189,0.185,0.199,0.206,0.196,0.18,0.202
020_AAAF,CRGRO048,40,40,2020-07-10T00:00:00Z,46,298,106,11,13,114,1,8,0,183,0.01,0,0,0,0,0.013,0.053,0.053,0.121,0.12,0.178,0.176,0.197,0.199,0.196,0.205,0.205
020_AAAF,CRGRO048,40,40,2020-07-11T00:00:00Z,47,294,102,11,13,114,1,8,0,183,0.01,0,0,0,0,0.014,0.05,0.051,0.111,0.112,0.172,0.174,0.196,0.196,0.196,0.205,0.205
020_AAAF,CRGRO048,40,40,2020-07-12T00:00:00Z,48,291,99,11,13,114,1,8,0,183,0.01,0,0,0,0,0.014,0.047,0.048,0.105,0.106,0.169,0.171,0.194,0.195,0.196,0.205,0.205
020_AAAF,CRGRO048,40,40,2020-07-13T00:00:00Z,49,288,96,11,13,114,1,8,0,183,0.01,0,0,0,0,0.014,0.045,0.046,0.102,0.103,0.166,0.168,0.193,0.194,0.196,0.205,0.205
020_AAAF,CRGRO048,40,40,2020-07-14T00:00:00Z,50,286,94,11,13,114,1,8,0,183,0.01,0,0,0,0,0.014,0.043,0.044,0.099,0.1,0.163,0.165,0.191,0.193,0.196,0.205,0.205
020_AAAF,CRGRO048,40,40,2020-07-15T00:00:00Z,51,295,103,11,13,114,2,19,0,183,0.01,0,0,0,0,0.141,0.068,0.054,0.104,0.098,0.161,0.163,0.189,0.191,0.195,0.205,0.205
020_AAAF,CRGRO048,40,40,2020-07-16T00:00:00Z,52,289,97,11,13,114,2,19,0,183,0.01,0,0,0,0,0.026,0.046,0.051,0.117,0.115,0.16,0.162,0.188,0.19,0.195,0.205,0.205
020_AAAF,CRGRO048,40,40,2020-07-17T00:00:00Z,53,285,93,11,13,114,2,19,0,183,0.01,0,0,0,0,0.014,0.044,0.048,0.105,0.106,0.159,0.16,0.187,0.189,0.194,0.205,0.205
020_AAAF,CRGRO048,40,40,2020-07-18T00:00:00Z,54,282,90,11,13,114,2,19,0,183,0.01,0,0,0,0,0.014,0.042,0.045,0.1,0.101,0.157,0.158,0.185,0.188,0.193,0.205,0.205
020_AAAF,CRGRO048,40,40,2020-07-19T00:00:00Z,55,291,99,11,13,114,3,31,0,183,0.01,0,0,0,0,0.147,0.069,0.055,0.106,0.097,0.155,0.157,0.184,0.186,0.192,0.205,0.205
020_AAAF,CRGRO048,40,40,2020-07-20T00:00:00Z,56,286,94,11,13,114,3,31,0,183,0.01,0,0,0,0,0.041,0.046,0.051,0.116,0.118,0.155,0.156,0.183,0.185,0.191,0.205,0.205
020_AAAF,CRGRO048,40,40,2020-07-21T00:00:00Z,57,280,89,11,13,114,3,31,0,183,0.01,0,0,0,0,0.013,0.044,0.048,0.105,0.105,0.154,0.155,0.182,0.184,0.19,0.205,0.205
020_AAAF,CRGRO048,40,40,2020-07-22T00:00:00Z,58,291,99,11,13,117,4,43,0,183,0.02,0,0,0,0,0.167,0.073,0.056,0.115,0.099,0.153,0.153,0.18,0.182,0.189,0.205,0.205
020_AAAF,CRGRO048,40,40,2020-07-23T00:00:00Z,59,290,98,11,13,120,4,43,0,183,0.02,0,0,0,0,0.095,0.069,0.062,0.122,0.11,0.152,0.153,0.18,0.182,0.188,0.205,0.205
020_AAAF,CRGRO048,40,40,2020-07-24T00:00:00Z,60,285,93,11,13,120,4,43,0,183,0.02,0,0,0,0,0.04,0.056,0.056,0.119,0.119,0.152,0.153,0.18,0.182,0.188,0.205,0.205
020_AAAF,CRGRO048,40,40,2020-07-25T00:00:00Z,61,281,89,11,13,120,4,43,0,183,0.02,0,0,0,0,0.018,0.053,0.052,0.111,0.112,0.154,0.152,0.179,0.181,0.187,0.205,0.205
020_AAAF,CRGRO048,40,40,2020-07-26T00:00:00Z,62,277,85,11,13,120,4,43,0,183,0.02,0,0,0,0,0.014,0.046,0.047,0.101,0.101,0.153,0.151,0.178,0.18,0.186,0.205,0.205
020_AAAF,CRGRO048,40,40,2020-07-27T00:00:00Z,63,286,94,11,13,120,5,55,0,183,0.02,0,0,0,0,0.149,0.069,0.055,0.108,0.096,0.151,0.15,0.177,0.178,0.184,0.205,0.205
020_AAAF,CRGRO048,40,40,2020-07-28T00:00:00Z,64,281,89,11,13,120,5,55,0,183,0.02,0,0,0,0,0.061,0.044,0.051,0.115,0.118,0.152,0.15,0.176,0.178,0.183,0.205,0.205
020_AAAF,CRGRO048,40,40,2020-07-29T00:00:00Z,65,285,93,11,13,126,5,55,0,183,0.03,0,0,0,0,0.099,0.063,0.055,0.116,0.113,0.152,0.149,0.176,0.178,0.183,0.205,0.205
020_AAAF,CRGRO048,40,40,2020-07-30T00:00:00Z,66,282,90,11,13,127,5,55,0,183,0.03,0,0,0,0,0.063,0.058,0.056,0.117,0.113,0.152,0.149,0.176,0.177,0.183,0.205,0.205
020_AAAF,CRGRO048,40,40,2020-07-31T00:00:00Z,67,278,86,11,13,127,5,55,0,183,0.03,0,0,0,0,0.035,0.05,0.052,0.11,0.11,0.151,0.149,0.175,0.177,0.182,0.205,0.205
020_AAAF,CRGRO048,40,40,2020-08-01T00:00:00Z,68,273,81,11,13,127,5,55,0,183,0.03,0,0,0,0,0.014,0.045,0.047,0.1,0.1,0.15,0.148,0.174,0.176,0.181,0.205,0.205
020_AAAF,CRGRO048,40,40,2020-08-02T00:00:00Z,69,283,91,11,13,127,6,68,0,183,0.04,0,0,0,0,0.155,0.07,0.054,0.108,0.095,0.149,0.147,0.173,0.175,0.18,0.205,0.205
020_AAAF,CRGRO048,40,40,2020-08-03T00:00:00Z,70,278,86,11,13,127,6,68,0,183,0.04,0,0,0,0,0.067,0.042,0.05,0.114,0.118,0.15,0.147,0.173,0.174,0.179,0.204,0.205
020_AAAF,CRGRO048,40,40,2020-08-04T00:00:00Z,71,275,83,11,13,128,6,68,0,183,0.05,0,0,0,0,0.044,0.048,0.048,0.107,0.107,0.15,0.146,0.172,0.174,0.179,0.204,0.205
020_AAAF,CRGRO048,40,40,2020-08-05T00:00:00Z,72,270,78,11,13,128,6,68,0,183,0.05,0,0,0,0,0.025,0.043,0.043,0.097,0.097,0.149,0.145,0.171,0.173,0.177,0.204,0.205
020_AAAF,CRGRO048,40,40,2020-08-06T00:00:00Z,73,284,92,11,13,131,7,82,0,183,0.05,0,0,0,0,0.156,0.087,0.061,0.116,0.095,0.147,0.144,0.17,0.171,0.176,0.204,0.205
020_AAAF,CRGRO048,40,40,2020-08-07T00:00:00Z,74,280,88,11,13,132,7,82,0,183,0.05,0,0,0,0,0.083,0.067,0.06,0.122,0.109,0.147,0.144,0.17,0.171,0.176,0.204,0.205
020_AAAF,CRGRO048,40,40,2020-08-08T00:00:00Z,75,277,85,11,13,132,7,82,0,183,0.05,0,0,0,0,0.049,0.05,0.052,0.112,0.116,0.159,0.144,0.17,0.171,0.176,0.204,0.205
020_AAAF,CRGRO048,40,40,2020-08-09T00:00:00Z,76,278,86,11,13,137,7,82,0,183,0.06,0,0,0,0,0.087,0.06,0.053,0.113,0.105,0.158,0.144,0.17,0.171,0.175,0.204,0.205
020_AAAF,CRGRO048,40,40,2020-08-10T00:00:00Z,77,286,94,11,13,147,7,82,0,183,0.07,0,0,0,0,0.15,0.077,0.062,0.122,0.114,0.157,0.144,0.169,0.171,0.175,0.204,0.205
020_AAAF,CRGRO048,40,40,2020-08-11T00:00:00Z,78,282,90,11,13,147,7,82,0,183,0.06,0,0,0,0,0.073,0.053,0.051,0.111,0.114,0.173,0.165,0.169,0.17,0.175,0.204,0.205
020_AAAF,CRGRO048,40,40,2020-08-12T00:00:00Z,79,288,96,11,13,157,7,82,0,183,0.07,0,0,0,0,0.137,0.074,0.06,0.119,0.114,0.17,0.164,0.169,0.17,0.175,0.204,0.205
020_AAAF,CRGRO048,40,40,2020-08-13T00:00:00Z,80,284,92,11,13,157,7,82,0,183,0.08,0,0,0,0,0.077,0.062,0.059,0.119,0.117,0.171,0.162,0.169,0.17,0.175,0.204,0.205
020_AAAF,CRGRO048,40,40,2020-08-14T00:00:00Z,81,288,96,11,13,165,7,82,0,183,0.08,0,0,0,0,0.118,0.07,0.061,0.121,0.117,0.173,0.164,0.169,0.17,0.175,0.203,0.205
020_AAAF,CRGRO048,40,40,2020-08-15T00:00:00Z,82,283,91,11,13,165,7,82,0,183,0.07,0,0,0,0,0.062,0.051,0.052,0.113,0.113,0.171,0.173,0.176,0.17,0.175,0.203,0.205
020_AAAF,CRGRO048,40,40,2020-08-16T00:00:00Z,83,279,87,11,13,165,7,82,0,183,0.07,0,0,0,0,0.04,0.05,0.049,0.105,0.105,0.167,0.168,0.176,0.169,0.174,0.203,0.205
020_AAAF,CRGRO048,40,40,2020-08-17T00:00:00Z,84,274,82,11,13,165,7,82,0,183,0.07,0,0,0,0,0.027,0.045,0.045,0.099,0.099,0.162,0.163,0.175,0.169,0.174,0.203,0.205
020_AAAF,CRGRO048,40,40,2020-08-18T00:00:00Z,85,317,126,13,13,204,8,93,0,183,0.09,0,0,2.6,0,0.156,0.148,0.127,0.176,0.14,0.178,0.171,0.173,0.168,0.173,0.203,0.205
020_AAAF,CRGRO048,40,40,2020-08-19T00:00:00Z,86,310,118,13,17,204,8,93,0,183,0.08,0,0,0,0,0.079,0.084,0.076,0.135,0.121,0.173,0.172,0.196,0.211,0.194,0.205,0.205
020_AAAF,CRGRO048,40,40,2020-08-20T00:00:00Z,87,307,115,13,17,206,8,93,0,183,0.09,0,0,0,0,0.066,0.066,0.064,0.135,0.126,0.179,0.175,0.197,0.2,0.197,0.207,0.207
020_AAAF,CRGRO048,40,40,2020-08-21T00:00:00Z,88,304,113,13,17,206,8,93,0,183,0.1,0,0,0,0,0.055,0.057,0.058,0.129,0.126,0.18,0.178,0.197,0.198,0.197,0.207,0.207
020_AAAF,CRGRO048,40,40,2020-08-22T00:00:00Z,89,303,111,13,18,207,8,93,0,183,0.1,0,0,0,0,0.057,0.056,0.056,0.124,0.124,0.179,0.178,0.197,0.197,0.197,0.207,0.207
020_AAAF,CRGRO048,40,40,2020-08-23T00:00:00Z,90,301,109,13,19,208,8,93,0,183,0.1,0,0,0,0,0.058,0.055,0.054,0.12,0.12,0.177,0.176,0.197,0.196,0.196,0.207,0.207
020_AAAF,CRGRO048,40,40,2020-08-24T00:00:00Z,91,327,136,14,20,237,8,93,0,183,0.1,0,0,0.44,0,0.163,0.144,0.09,0.151,0.135,0.184,0.18,0.198,0.197,0.197,0.207,0.207
020_AAAF,CRGRO048,40,40,2020-08-25T00:00:00Z,92,342,150,14,21,256,8,93,0,183,0.1,0,0,0.19,0,0.155,0.147,0.111,0.183,0.159,0.2,0.19,0.201,0.201,0.199,0.208,0.208
020_AAAF,CRGRO048,40,40,2020-08-26T00:00:00Z,93,337,145,14,22,256,8,93,0,182,0.11,0,0,0,0,0.091,0.098,0.091,0.179,0.166,0.21,0.2,0.204,0.207,0.203,0.21,0.209
020_AAAF,CRGRO048,40,40,2020-08-27T00:00:00Z,94,325,133,14,29,256,8,93,0,182,0.1,0,0,0,0,0.054,0.065,0.063,0.138,0.132,0.186,0.182,0.198,0.291,0.202,0.21,0.209
020_AAAF,CRGRO048,40,40,2020-08-28T00:00:00Z,95,313,122,14,36,256,8,93,0,182,0.09,0,0,0,0,0.043,0.053,0.053,0.12,0.118,0.176,0.174,0.196,0.276,0.201,0.21,0.209
020_AAAF,CRGRO048,40,40,2020-08-29T00:00:00Z,96,303,111,14,44,256,8,93,0,182,0.09,0,0,0,0,0.036,0.051,0.052,0.114,0.113,0.173,0.172,0.195,0.227,0.2,0.21,0.209
020_AAAF,CRGRO048,40,40,2020-08-30T00:00:00Z,97,335,143,16,46,295,8,93,0,182,0.12,0,0,2.37,0,0.161,0.151,0.104,0.16,0.137,0.183,0.178,0.196,0.207,0.204,0.211,0.21
020_AAAF,CRGRO048,40,40,2020-08-31T00:00:00Z,98,332,141,16,48,298,8,93,0,182,0.12,0,0,0,0,0.12,0.106,0.092,0.171,0.153,0.197,0.187,0.199,0.203,0.203,0.211,0.211
020_AAAF,CRGRO048,40,40,2020-09-01T00:00:00Z,99,321,129,16,55,298,8,93,0,182,0.11,0,0,0,0,0.066,0.069,0.063,0.134,0.127,0.181,0.177,0.196,0.27,0.202,0.211,0.211
020_AAAF,CRGRO048,40,40,2020-09-02T00:00:00Z,100,310,118,16,62,298,8,93,0,182,0.1,0,0,0,0,0.046,0.054,0.053,0.12,0.117,0.174,0.175,0.195,0.249,0.201,0.211,0.211
020_AAAF,CRGRO048,40,40,2020-09-03T00:00:00Z,101,298,106,16,69,298,8,93,0,182,0.09,0,0,0,0,0.035,0.051,0.051,0.11,0.11,0.171,0.171,0.193,0.214,0.196,0.208,0.208
020_AAAF,CRGRO048,40,40,2020-09-04T00:00:00Z,102,291,99,16,72,298,8,93,0,183,0.09,0,0,0,0,0.024,0.048,0.048,0.105,0.105,0.167,0.167,0.191,0.2,0.193,0.208,0.206
020_AAAF,CRGRO048,40,40,2020-09-05T00:00:00Z,103,285,94,16,72,298,8,93,0,183,0.08,0,0,0,0,0.014,0.045,0.046,0.1,0.101,0.163,0.164,0.188,0.193,0.191,0.208,0.206
020_AAAF,CRGRO048,40,40,2020-09-06T00:00:00Z,104,294,102,16,72,298,9,104,0,183,0.07,0,0,0,0,0.137,0.068,0.055,0.106,0.098,0.161,0.161,0.186,0.19,0.189,0.207,0.206
020_AAAF,CRGRO048,40,40,2020-09-07T00:00:00Z,105,290,98,16,72,298,9,104,0,183,0.07,0,0,0,0,0.071,0.047,0.052,0.116,0.116,0.16,0.16,0.185,0.188,0.188,0.207,0.206
020_AAAF,CRGRO048,40,40,2020-09-08T00:00:00Z,106,286,94,16,72,298,9,104,0,183,0.06,0,0,0,0,0.045,0.051,0.05,0.109,0.109,0.159,0.159,0.184,0.187,0.187,0.207,0.206
020_AAAF,CRGRO048,40,40,2020-09-09T00:00:00Z,107,295,103,16,72,309,9,104,0,183,0.14,0,0,0,0,0.143,0.073,0.059,0.119,0.109,0.158,0.159,0.184,0.186,0.186,0.207,0.206
020_AAAF,CRGRO048,40,40,2020-09-10T00:00:00Z,108,304,112,16,72,319,9,104,0,183,0.14,0,0,0,0,0.158,0.094,0.072,0.133,0.124,0.166,0.158,0.183,0.185,0.186,0.207,0.206
020_AAAF,CRGRO048,40,40,2020-09-11T00:00:00Z,109,303,111,16,72,321,9,104,0,183,0.15,0,0,0,0,0.112,0.081,0.069,0.139,0.13,0.178,0.165,0.183,0.185,0.185,0.207,0.206
020_AAAF,CRGRO048,40,40,2020-09-12T00:00:00Z,110,300,108,16,72,322,9,104,0,183,0.15,0,0,0,0,0.072,0.066,0.062,0.134,0.13,0.182,0.176,0.184,0.185,0.185,0.207,0.206
020_AAAF,CRGRO048,40,40,2020-09-13T00:00:00Z,111,298,106,16,72,322,9,104,0,183,0.15,0,0,0,0,0.059,0.058,0.058,0.128,0.127,0.182,0.178,0.188,0.184,0.185,0.207,0.206
020_AAAF,CRGRO048,40,40,2020-09-14T00:00:00Z,112,296,104,16,72,323,9,104,0,183,0.15,0,0,0,0,0.055,0.055,0.055,0.121,0.121,0.178,0.177,0.191,0.184,0.185,0.207,0.206
020_AAAF,CRGRO048,40,40,2020-09-15T00:00:00Z,113,297,105,16,72,325,9,104,0,183,0.16,0,0,0,0,0.073,0.059,0.056,0.12,0.119,0.176,0.176,0.193,0.184,0.185,0.207,0.206
020_AAAF,CRGRO048,40,40,2020-09-16T00:00:00Z,114,306,115,16,72,335,9,104,0,183,0.16,0,0,0,0,0.151,0.078,0.064,0.128,0.124,0.177,0.176,0.195,0.184,0.185,0.207,0.206
020_AAAF,CRGRO048,40,40,2020-09-17T00:00:00Z,115,310,119,16,72,342,9,104,0,183,0.15,0,0,0,0,0.15,0.084,0.069,0.136,0.128,0.181,0.178,0.198,0.184,0.184,0.207,0.206
020_AAAF,CRGRO048,40,40,2020-09-18T00:00:00Z,116,304,112,16,78,342,9,104,0,183,0.14,0,0,0,0,0.088,0.064,0.058,0.124,0.121,0.176,0.175,0.198,0.194,0.194,0.207,0.206
020_AAAF,CRGRO048,40,40,2020-09-19T00:00:00Z,117,299,107,16,80,342,9,104,0,183,0.12,0,0,0,0,0.061,0.055,0.054,0.118,0.118,0.175,0.174,0.197,0.194,0.194,0.207,0.206
020_AAAF,CRGRO048,40,40,2020-09-20T00:00:00Z,118,298,106,16,80,342,9,104,0,183,0.11,0,0,0,0,0.051,0.054,0.053,0.116,0.116,0.174,0.173,0.196,0.193,0.193,0.207,0.206
020_AAAF,CRGRO048,40,40,2020-09-21T00:00:00Z,119,294,102,16,80,342,9,104,0,183,0.1,0,0,0,0,0.042,0.052,0.051,0.111,0.111,0.171,0.171,0.195,0.192,0.192,0.207,0.206
020_AAAF,CRGRO048,40,40,2020-09-22T00:00:00Z,120,291,99,16,80,342,9,104,0,183,0.09,0,0,0,0,0.034,0.05,0.049,0.107,0.107,0.168,0.168,0.193,0.19,0.191,0.207,0.206
020_AAAF,CRGRO048,40,40,2020-09-23T00:00:00Z,121,289,97,16,80,342,9,104,0,183,0.08,0,0,0,0,0.029,0.048,0.048,0.105,0.105,0.167,0.167,0.191,0.189,0.19,0.207,0.206
020_AAAF,CRGRO048,40,40,2020-09-24T00:00:00Z,122,286,94,16,80,342,9,104,0,183,0.07,0,0,0,0,0.022,0.046,0.047,0.102,0.102,0.164,0.165,0.19,0.188,0.188,0.207,0.206
020_AAAF,CRGRO048,40,40,2020-09-25T00:00:00Z,123,286,94,16,80,345,9,104,0,183,0.17,0,0,0,0,0.058,0.052,0.045,0.099,0.1,0.162,0.162,0.187,0.186,0.187,0.207,0.206
020_AAAF,CRGRO048,40,40,2020-09-26T00:00:00Z,124,282,90,16,80,345,9,104,0,183,0.15,0,0,0,0,0.043,0.049,0.043,0.097,0.098,0.16,0.16,0.186,0.184,0.185,0.207,0.206
020_AAAF,CRGRO048,40,40,2020-09-27T00:00:00Z,125,293,101,16,80,346,10,115,0,183,0.18,0,0,0,0,0.153,0.074,0.058,0.108,0.097,0.159,0.16,0.185,0.183,0.185,0.207,0.206
020_AAAF,CRGRO048,40,40,2020-09-28T00:00:00Z,126,293,102,16,80,349,10,115,0,183,0.16,0,0,0,0,0.115,0.071,0.062,0.123,0.105,0.158,0.159,0.184,0.183,0.184,0.207,0.206
020_AAAF,CRGRO048,40,40,2020-09-29T00:00:00Z,127,313,121,16,80,369,10,115,0,183,0.18,0,0,0,0,0.161,0.129,0.087,0.149,0.131,0.176,0.159,0.184,0.183,0.184,0.207,0.206
020_AAAF,CRGRO048,40,40,2020-09-30T00:00:00Z,128,304,112,16,85,369,10,115,0,183,0.16,0,0,0,0,0.084,0.078,0.061,0.126,0.119,0.174,0.174,0.196,0.194,0.194,0.207,0.206
020_AAAF,CRGRO048,40,40,2020-10-01T00:00:00Z,129,297,105,16,88,369,10,115,0,183,0.14,0,0,0,0,0.053,0.058,0.053,0.117,0.114,0.172,0.172,0.195,0.193,0.193,0.207,0.206
020_AAAF,CRGRO048,40,40,2020-10-02T00:00:00Z,130,294,103,16,88,369,10,115,0,183,0.12,0,0,0,0,0.045,0.052,0.052,0.114,0.111,0.17,0.171,0.194,0.192,0.192,0.206,0.206
020_AAAF,CRGRO048,40,40,2020-10-03T00:00:00Z,131,292,100,16,88,369,10,115,0,183,0.11,0,0,0,0,0.04,0.051,0.051,0.111,0.109,0.169,0.169,0.193,0.191,0.191,0.206,0.206
020_AAAF,CRGRO048,40,40,2020-10-04T00:00:00Z,132,290,98,16,88,369,10,115,0,183,0.1,0,0,0,0,0.033,0.049,0.049,0.107,0.106,0.167,0.167,0.191,0.19,0.19,0.206,0.206
020_AAAF,CRGRO048,40,40,2020-10-05T00:00:00Z,133,287,95,16,88,369,10,115,0,183,0.09,0,0,0,0,0.027,0.047,0.048,0.104,0.104,0.165,0.165,0.19,0.188,0.189,0.206,0.206
020_AAAF,CRGRO048,40,40,2020-10-06T00:00:00Z,134,285,93,16,88,369,10,115,0,183,0.08,0,0,0,0,0.022,0.046,0.046,0.102,0.102,0.163,0.164,0.188,0.187,0.188,0.206,0.206
020_AAAF,CRGRO048,40,40,2020-10-07T00:00:00Z,135,281,89,16,88,369,10,115,0,183,0.07,0,0,0,0,0.014,0.043,0.044,0.099,0.098,0.16,0.161,0.186,0.185,0.186,0.206,0.206
020_AAAF,CRGRO048,40,40,2020-10-08T00:00:00Z,136,289,97,16,88,369,11,127,0,183,0.06,0,0,0,0,0.147,0.068,0.054,0.102,0.094,0.157,0.157,0.183,0.181,0.183,0.206,0.206
020_AAAF,CRGRO048,40,40,2020-10-09T00:00:00Z,137,286,94,16,88,369,11,127,0,183,0.05,0,0,0,0,0.077,0.049,0.051,0.117,0.113,0.156,0.156,0.182,0.181,0.182,0.206,0.206
020_AAAF,CRGRO048,40,40,2020-10-10T00:00:00Z,138,293,101,16,88,380,11,127,0,183,0.18,0,0,0,0,0.145,0.075,0.06,0.117,0.115,0.157,0.156,0.181,0.18,0.182,0.206,0.206
020_AAAF,CRGRO048,40,40,2020-10-11T00:00:00Z,139,289,97,16,88,380,11,127,0,183,0.17,0,0,0,0,0.083,0.063,0.059,0.121,0.117,0.161,0.155,0.181,0.18,0.181,0.206,0.206
020_AAAF,CRGRO048,40,40,2020-10-12T00:00:00Z,140,287,95,16,88,380,11,127,0,183,0.15,0,0,0,0,0.056,0.054,0.053,0.116,0.115,0.174,0.157,0.18,0.179,0.181,0.206,0.206
020_AAAF,CRGRO048,40,40,2020-10-13T00:00:00Z,141,283,91,16,88,380,11,127,0,183,0.13,0,0,0,0,0.041,0.051,0.05,0.108,0.107,0.169,0.156,0.18,0.179,0.18,0.206,0.206
020_AAAF,CRGRO048,40,40,2020-10-14T00:00:00Z,142,279,87,16,88,380,11,127,0,183,0.11,0,0,0,0,0.032,0.047,0.047,0.103,0.102,0.165,0.155,0.179,0.178,0.18,0.206,0.206
020_AAAF,CRGRO048,40,40,2020-10-15T00:00:00Z,143,276,84,16,88,380,11,127,0,183,0.1,0,0,0,0,0.022,0.044,0.044,0.098,0.098,0.161,0.154,0.177,0.176,0.178,0.206,0.206
020_AAAF,CRGRO048,40,40,2020-10-16T00:00:00Z,144,272,80,16,88,380,11,127,0,183,0.09,0,0,0,0,0.014,0.041,0.041,0.094,0.094,0.157,0.152,0.176,0.175,0.177,0.206,0.206
